[[[-0.5375314  -0.23168056  0.6444444 ]
  [-0.28818092 -0.04513279  0.31222358]
  [-0.08584051 -0.1426185  -0.05337025]
  [ 0.10818915 -0.22994766  0.04788979]
  [ 0.00756655  0.0136202   0.39601716]
  [-0.13400681 -0.09738163  0.8128745 ]
  [-0.2053598  -0.2864197  -0.55640423]
  [-0.26264867 -0.2817884  -0.32093632]
  [-0.03396778 -0.424638   -0.3299335 ]
  [ 0.2103944  -0.44949955 -0.23116937]
  [ 0.3370632  -0.27144516 -0.06577739]
  [ 0.2931206  -0.1638133  -0.2708012 ]
  [ 0.09936909 -0.47403973 -0.31829438]
  [ 0.10146715 -0.6293029  -0.39548352]
  [ 0.15148732 -0.51688325 -0.47911412]
  [ 0.16811515 -0.5681088  -0.45399636]
  [ 0.10741621 -0.55590904 -0.47209042]
  [ 0.17300704 -0.57578254 -0.35976464]
  [ 0.04972531 -0.556339   -0.39799654]]]