[[[-0.04744385  0.394072   -0.30503124]
  [ 0.00825655 -0.04811602 -0.3507074 ]
  [-0.11789357 -0.26967323 -0.01828523]
  [ 0.107131   -0.22281794  0.09066702]
  [ 0.18079647  0.12874863 -0.15317363]
  [ 0.10246588  0.56428736 -0.00955055]
  [-0.28946757 -0.17076553 -0.17124975]
  [-0.21255955 -0.39640704 -0.05390371]
  [-0.05724754 -0.6331274  -0.08505429]
  [ 0.2138051  -0.61778337  0.02848885]
  [ 0.25217083 -0.3656435   0.1462451 ]
  [ 0.30124226 -0.18254055 -0.02991669]
  [ 0.09667937 -0.68690675 -0.05813553]
  [ 0.1288088  -0.88880414 -0.11260531]
  [ 0.16004601 -0.77576584 -0.21016091]
  [ 0.18419966 -0.8197707  -0.17412981]
  [ 0.12132937 -0.8215391  -0.19475925]
  [ 0.1905697  -0.8178245  -0.07448168]
  [ 0.05351988 -0.82283574 -0.12038025]]]