[[[-0.41705495  0.27746707  0.6082245 ]
  [-0.2214105   0.11503956  0.22045116]
  [-0.10123225 -0.18949822 -0.04364291]
  [ 0.10887624 -0.25134626  0.04200333]
  [ 0.09137191  0.05746194  0.34577742]
  [ 0.03401535  0.23842366  0.7738879 ]
  [-0.24555933 -0.38460305 -0.36588335]
  [-0.36138457 -0.34896252 -0.14706855]
  [-0.16497765 -0.54943573 -0.18437485]
  [ 0.10267055 -0.6155617  -0.10099114]
  [ 0.2927823  -0.51049614  0.08177886]
  [ 0.24763303 -0.3990971  -0.12695655]
  [-0.03344215 -0.634671   -0.17587392]
  [-0.05572704 -0.8173289  -0.20660001]
  [-0.02410923 -0.74095005 -0.3334822 ]
  [-0.00307368 -0.78287077 -0.29413828]
  [-0.06727552 -0.7705493  -0.30131987]
  [ 0.0273019  -0.7613283  -0.20415485]
  [-0.1082012  -0.7391316  -0.21712695]]]