[[[-0.5072267  -0.1638951   0.7215937 ]
  [-0.2729786  -0.05172165  0.33308664]
  [-0.09209461 -0.1406766  -0.03600561]
  [ 0.10844485 -0.24992678  0.02733428]
  [ 0.0686735  -0.08563823  0.43648946]
  [-0.04290555 -0.21744543  0.8736509 ]
  [-0.30621636 -0.254218   -0.49406254]
  [-0.35300535 -0.2510798  -0.25014037]
  [-0.1534494  -0.43771738 -0.3043759 ]
  [ 0.09427086 -0.53217906 -0.21928842]
  [ 0.2534563  -0.47553015  0.00551589]
  [ 0.2584231  -0.30020598 -0.15758567]
  [-0.03138151 -0.52449274 -0.30357364]
  [-0.05777536 -0.6898766  -0.35571268]
  [-0.02656043 -0.59736496 -0.46869284]
  [-0.00683499 -0.6457306  -0.43925473]
  [-0.06996287 -0.6296468  -0.44171888]
  [ 0.02666303 -0.63876265 -0.3499141 ]
  [-0.10470328 -0.6113181  -0.35487437]]]