[[[-0.14471494  0.46534723  0.37593633]
  [-0.1386221   0.09307196  0.18632972]
  [-0.03257236 -0.29143143  0.11762757]
  [ 0.01309795 -0.23527375 -0.10438372]
  [ 0.02281008  0.15668212  0.03994657]
  [ 0.11384293  0.53706175  0.193042  ]
  [-0.01803422 -0.26888946  0.3664122 ]
  [ 0.02385031 -0.49305758  0.26345232]
  [-0.07296151 -0.6900343   0.10921595]
  [-0.11002479 -0.6829674  -0.16873842]
  [-0.0254232  -0.45217672 -0.27028316]
  [-0.08792955 -0.21886207 -0.24476276]
  [-0.13212295 -0.73857695 -0.02435135]
  [-0.26562062 -0.91095006  0.00403025]
  [-0.29025292 -0.7707373   0.06069655]
  [-0.3089875  -0.81274843  0.01958233]
  [-0.2727023  -0.82856464  0.07206224]
  [-0.26197886 -0.83683926 -0.06774312]
  [-0.18585125 -0.87246615  0.04835133]]]