[[[-0.1673773   0.47948813  0.50532836]
  [-0.11681185  0.19524941  0.15590644]
  [-0.1102478  -0.18729715 -0.02627206]
  [ 0.10862036 -0.25061253  0.03301205]
  [ 0.17928296  0.1467507   0.19011104]
  [ 0.2232478   0.4230863   0.5520991 ]
  [-0.38274434 -0.22442932 -0.23218785]
  [-0.36039174 -0.32836568 -0.01004812]
  [-0.22287455 -0.5414006  -0.11330763]
  [ 0.0451026  -0.61332643 -0.09185466]
  [ 0.20289865 -0.4118907   0.01217387]
  [ 0.16551852 -0.2771251  -0.18312648]
  [-0.10337172 -0.63278043 -0.13095228]
  [-0.16047676 -0.81014645 -0.14729443]
  [-0.15227973 -0.7332191  -0.27591997]
  [-0.129003   -0.7796839  -0.2458218 ]
  [-0.18884878 -0.7569107  -0.23452203]
  [-0.07245192 -0.769129   -0.16813555]
  [-0.19876096 -0.7255102  -0.14405414]]]