[[[-4.95537996e-01  3.44529271e-01  4.86316383e-01]
  [-2.58300781e-01  1.26041979e-01  1.54051051e-01]
  [-9.98753756e-02 -2.07178593e-01 -4.52498645e-02]
  [ 1.13499030e-01 -2.28052348e-01  4.98470217e-02]
  [ 3.67111042e-02  1.42384067e-01  2.69825637e-01]
  [-4.77432832e-02  4.07375544e-01  6.44309282e-01]
  [-3.08947921e-01 -4.17029917e-01 -3.13691705e-01]
  [-3.25790882e-01 -3.81110311e-01 -6.98027313e-02]
  [-1.33531645e-01 -5.73777556e-01 -1.32766932e-01]
  [ 1.32265657e-01 -6.17920399e-01 -4.84371446e-02]
  [ 2.94290841e-01 -4.56843823e-01  1.15400426e-01]
  [ 2.48451814e-01 -3.67913365e-01 -1.03541657e-01]
  [-2.08997540e-03 -6.50143385e-01 -1.18759796e-01]
  [-2.90801674e-02 -8.29336524e-01 -1.26388893e-01]
  [-8.01960006e-04 -7.70117402e-01 -2.62223631e-01]
  [ 2.06538849e-02 -8.08117747e-01 -2.19741970e-01]
  [-4.31635492e-02 -7.93588698e-01 -2.25262418e-01]
  [ 5.57326153e-02 -7.77820766e-01 -1.34347618e-01]
  [-7.79047534e-02 -7.51378536e-01 -1.44877896e-01]]]