[[[ 0.474467    0.3382876   0.2926531 ]
  [ 0.13285969  0.13393109  0.16342941]
  [-0.03396456 -0.2424146   0.12516966]
  [ 0.00347646 -0.21996681 -0.10715689]
  [-0.07239996  0.15317246 -0.02877762]
  [ 0.06985326  0.51249707  0.13152923]
  [-0.20681062 -0.23058924  0.4771881 ]
  [-0.17811485 -0.4182277   0.31800812]
  [-0.24967627 -0.56140184  0.11223528]
  [-0.2972889  -0.5004803  -0.14358863]
  [-0.26428118 -0.24765366 -0.21276197]
  [-0.34428254 -0.01956143 -0.20108335]
  [-0.31323007 -0.5752198  -0.01973534]
  [-0.43852508 -0.73757064 -0.04923176]
  [-0.49143332 -0.59705037 -0.03335671]
  [-0.48213542 -0.64087677 -0.07248306]
  [-0.48991495 -0.6511501  -0.00892191]
  [-0.39455137 -0.670139   -0.10195474]
  [-0.40970796 -0.6941088   0.03146653]]]