[[[-8.2953289e-02  5.6819612e-01  3.1590265e-01]
  [-1.0057782e-01  1.9225608e-01  9.9325933e-02]
  [-1.1897873e-01 -2.1547040e-01  6.2858709e-04]
  [ 1.1477272e-01 -2.2547562e-01  6.4739296e-03]
  [ 1.1849581e-01  1.9388410e-01  3.1615641e-02]
  [ 1.8981293e-01  5.6765944e-01  2.5165516e-01]
  [-5.1987159e-01 -2.8159600e-01  8.7140538e-02]
  [-3.0333742e-01 -3.9761728e-01  8.4623426e-02]
  [-1.6929844e-01 -5.8513165e-01 -4.3473098e-02]
  [ 7.9508357e-02 -6.0376483e-01 -1.2073975e-01]
  [ 1.9580865e-01 -3.7035158e-01 -7.8892723e-02]
  [ 1.9284526e-01 -1.4270958e-01 -1.6176853e-01]
  [-6.3208759e-02 -6.4426637e-01 -1.0842834e-01]
  [-1.3296057e-01 -8.1966627e-01 -1.4908010e-01]
  [-1.9649950e-01 -6.9561499e-01 -2.0175944e-01]
  [-1.7073233e-01 -7.4609637e-01 -2.1848211e-01]
  [-1.9881916e-01 -7.3848945e-01 -1.6107193e-01]
  [-7.5600512e-02 -7.6495486e-01 -2.0669821e-01]
  [-1.3822126e-01 -7.5079840e-01 -8.9582339e-02]]]