[[[-0.19423774  0.20728724  0.7282274 ]
  [-0.01672735  0.05705141  0.35751426]
  [ 0.05559022 -0.08813269 -0.02744332]
  [-0.02163742 -0.2985759   0.03328757]
  [-0.0283947  -0.17333136  0.43390262]
  [-0.25505066 -0.10163822  0.8067167 ]
  [ 0.04776264 -0.26842225 -0.66998225]
  [ 0.10532594 -0.08760673 -0.5278338 ]
  [-0.09044968 -0.19637398 -0.40407625]
  [-0.1901089  -0.36819708 -0.28819656]
  [-0.24845892 -0.5208224  -0.08806922]
  [-0.12952316 -0.6283503  -0.24587041]
  [-0.15795963 -0.29825455 -0.3769731 ]
  [-0.282045   -0.31748587 -0.4880316 ]
  [-0.17910218 -0.4254552  -0.4869101 ]
  [-0.23566902 -0.41485563 -0.47517797]
  [-0.20272377 -0.3837778  -0.52012014]
  [-0.2596439  -0.3559065  -0.40857673]
  [-0.1976883  -0.2926372  -0.49769342]]]