[[[ 0.29361632  0.37143958 -0.03556143]
  [ 0.30437234 -0.04655347 -0.22836192]
  [-0.09149343 -0.22527927 -0.07829168]
  [ 0.03508974 -0.31214643  0.134195  ]
  [ 0.42568755 -0.11637472  0.04997994]
  [ 0.4867952   0.2608224   0.3314596 ]
  [ 0.04871441 -0.5013922  -0.22622243]
  [-0.19959323 -0.3895426  -0.22929735]
  [-0.25479832 -0.6582111  -0.11820347]
  [-0.07139744 -0.71237427  0.14048038]
  [ 0.04948153 -0.48029655  0.28547794]
  [ 0.20539325 -0.5249922   0.07381762]
  [-0.16127367 -0.7565476  -0.00178956]
  [-0.13885534 -0.9822453  -0.04444696]
  [-0.05432241 -0.87181437 -0.11727457]
  [-0.05513038 -0.9179884  -0.07340513]
  [-0.1035787  -0.91310394 -0.1201202 ]
  [-0.09158336 -0.9144293   0.02537112]
  [-0.20349883 -0.90480894 -0.08129922]]]