[[[-0.04941815  0.53128564  0.405201  ]
  [-0.11596873  0.16521418  0.13762906]
  [-0.08809663 -0.27672094  0.09586261]
  [ 0.07288533 -0.22546564 -0.08096392]
  [-0.00389707  0.19504546  0.0357468 ]
  [ 0.01540649  0.62013197  0.21113718]
  [-0.2085725  -0.18254231  0.22444068]
  [-0.07909147 -0.41507927  0.20203817]
  [-0.06330924 -0.6700125   0.08264481]
  [ 0.05814807 -0.6603174  -0.17638968]
  [ 0.12126437 -0.38657653 -0.21353382]
  [ 0.04511786 -0.14096746 -0.26140422]
  [-0.02591959 -0.7359697  -0.05759681]
  [-0.07863493 -0.94893223 -0.04326177]
  [-0.1834619  -0.83789706 -0.0393161 ]
  [-0.16260825 -0.88745123 -0.07115833]
  [-0.14880355 -0.8785639  -0.0071048 ]
  [-0.07817248 -0.88893914 -0.12785375]
  [-0.05123781 -0.87251586  0.01130027]]]