[[[ 0.01040257  0.2825088   0.29662356]
  [-0.25854886  0.02909052  0.1019351 ]
  [-0.01356054 -0.25255457  0.13985427]
  [ 0.02409405 -0.22943148 -0.11701314]
  [-0.23609576  0.02986567 -0.12074618]
  [ 0.06239635  0.25922933  0.0612891 ]
  [-0.31691524 -0.14761737  0.5725634 ]
  [-0.28803194 -0.31795716  0.37475818]
  [-0.345285   -0.42727655  0.13720207]
  [-0.39632583 -0.31969747 -0.10150237]
  [-0.40561074 -0.05401064 -0.14095125]
  [-0.4550389   0.19811359 -0.11772324]
  [-0.4138689  -0.3944102   0.01754237]
  [-0.604308   -0.47206336 -0.00064195]
  [-0.5782127  -0.34025905  0.07214251]
  [-0.6029299  -0.3632091   0.02388369]
  [-0.5945757  -0.39568555  0.08049484]
  [-0.5516673  -0.40590551 -0.05130182]
  [-0.5352426  -0.4774585   0.06665111]]]