[[[ 2.96768453e-02  4.91611719e-01  3.76097977e-01]
  [-4.01169881e-02  1.20846279e-01  2.09824279e-01]
  [-2.47592963e-02 -2.75701046e-01  1.18771367e-01]
  [ 3.84059967e-05 -2.08904043e-01 -1.03029720e-01]
  [-1.23146892e-01  1.43093616e-01  5.19374125e-02]
  [-1.19809002e-01  5.30258715e-01  1.97358102e-01]
  [-2.12582365e-01 -7.76491582e-01  4.42612350e-01]
  [-2.36666091e-02 -6.76258504e-01  3.38449478e-01]
  [ 1.78803541e-02 -6.74834669e-01  8.44539478e-02]
  [-2.31508575e-02 -6.60195112e-01 -1.72587290e-01]
  [-1.01378396e-01 -4.56511408e-01 -3.18378270e-01]
  [-2.75216877e-01 -3.30003232e-01 -2.30307758e-01]
  [-9.61982831e-03 -7.15910554e-01 -3.49907763e-02]
  [-1.31817926e-02 -9.18151736e-01 -8.37763364e-04]
  [-1.37712345e-01 -8.33326817e-01  2.32590437e-02]
  [-1.14133149e-01 -8.75810921e-01 -1.20714866e-02]
  [-9.34587270e-02 -8.64319265e-01  4.88599762e-02]
  [-3.99172716e-02 -8.61619055e-01 -7.77887553e-02]
  [ 3.28930095e-03 -8.39001656e-01  5.21024019e-02]]]