[[[ 0.14851467  0.6010584  -0.00473985]
  [ 0.14806978  0.18211026  0.03619873]
  [ 0.09881935 -0.22216119 -0.03015293]
  [-0.09357154 -0.21669212  0.0759424 ]
  [-0.06590324  0.18506275  0.14875303]
  [-0.21883412  0.58299685  0.13079832]
  [ 0.47025633 -0.6657691  -0.03328945]
  [ 0.24971236 -0.58946395 -0.08734867]
  [ 0.00253663 -0.6345024  -0.09275103]
  [-0.21406205 -0.55718845 -0.03603221]
  [-0.3320266  -0.33443284 -0.02670189]
  [-0.51574314 -0.2056115   0.04197751]
  [-0.12319828 -0.6385697  -0.06097627]
  [-0.20421287 -0.76240724 -0.13930205]
  [-0.17554493 -0.7913532   0.0040096 ]
  [-0.21883157 -0.78100437 -0.0346815 ]
  [-0.16246878 -0.8055323  -0.05179396]
  [-0.23144749 -0.6980479  -0.0778954 ]
  [-0.11657588 -0.74983716 -0.11295199]]]