[[[ 0.00621253  0.40539277  0.456344  ]
  [-0.10161822  0.1024371   0.20469506]
  [-0.06972061 -0.27504647  0.09776731]
  [ 0.04683528 -0.23433052 -0.09665596]
  [-0.0294109   0.14344457  0.02653948]
  [ 0.03180581  0.5080032   0.19979697]
  [-0.32081074 -0.43010196  0.09537902]
  [-0.16699544 -0.44270968  0.27036753]
  [-0.18481189 -0.6344416   0.09175262]
  [-0.07814281 -0.68539184 -0.14972489]
  [ 0.11518538 -0.5097357  -0.17904586]
  [-0.07705236 -0.40469283 -0.21448061]
  [-0.17935245 -0.70563567 -0.03009661]
  [-0.32816213 -0.8549828   0.03782729]
  [-0.32062858 -0.70576257  0.06863319]
  [-0.35494834 -0.7490208   0.04325394]
  [-0.30921158 -0.7618936   0.08778372]
  [-0.33378878 -0.79372525 -0.04653994]
  [-0.24132189 -0.8238753   0.05334044]]]