[[[ 0.44474858  0.26565018  0.18530765]
  [ 0.07679595  0.17365602 -0.01938647]
  [-0.04984311 -0.18125561  0.12784174]
  [ 0.01874999 -0.24700718 -0.10513008]
  [ 0.3064286   0.06975425 -0.07793266]
  [ 0.72715986  0.09884736  0.05989777]
  [-0.50098     0.17017595  0.3405008 ]
  [-0.42461717 -0.07043236  0.25569803]
  [-0.40789708 -0.2958637   0.11460072]
  [-0.4270841  -0.25372124 -0.13240886]
  [-0.49424323 -0.00274948 -0.17932174]
  [-0.6110923   0.23092201 -0.17503077]
  [-0.45587325 -0.29907334 -0.01542631]
  [-0.6293255  -0.39527926 -0.04401818]
  [-0.62710917 -0.24202529 -0.04046878]
  [-0.636069   -0.2895697  -0.07578103]
  [-0.64648664 -0.28927773 -0.0112183 ]
  [-0.5642933  -0.35140505 -0.10250019]
  [-0.58518016 -0.3599599   0.03063826]]]