[[[ 0.07992579  0.5341608   0.27376968]
  [-0.02228767  0.14759615  0.14925423]
  [-0.06834587 -0.26113203  0.10569245]
  [ 0.04278554 -0.23709477 -0.09427735]
  [-0.01811949  0.16320322 -0.03365289]
  [ 0.01969776  0.5704826   0.06544676]
  [-0.14973363 -0.34525266  0.47784835]
  [-0.07144716 -0.49144787  0.2965719 ]
  [-0.10851985 -0.66510767  0.10466754]
  [-0.04966464 -0.66771215 -0.15134329]
  [ 0.07031517 -0.43821508 -0.19361341]
  [ 0.08055953 -0.1987444  -0.2167486 ]
  [-0.11375033 -0.7226229  -0.0298475 ]
  [-0.16800901 -0.92487997 -0.03575807]
  [-0.27831468 -0.8188645  -0.03603791]
  [-0.25003254 -0.86149627 -0.06949162]
  [-0.24987966 -0.86209935 -0.00401028]
  [-0.15740898 -0.8546944  -0.10563922]
  [-0.15764025 -0.85753965  0.03345758]]]