[[[-0.32694754  0.20022011  0.7118934 ]
  [-0.19329175  0.08032844  0.28444776]
  [-0.11366329 -0.19612026 -0.01333483]
  [ 0.11514601 -0.23452401  0.00718315]
  [ 0.12133695  0.08829432  0.30024183]
  [ 0.13419417  0.28758758  0.7216959 ]
  [-0.3361362  -0.42720324 -0.18056676]
  [-0.3674266  -0.40524817  0.06369107]
  [-0.19875187 -0.5673668  -0.08692751]
  [ 0.07814018 -0.6086533  -0.11808717]
  [ 0.2893776  -0.43129474 -0.05295135]
  [ 0.12209857 -0.41363555 -0.22197407]
  [-0.07286622 -0.6422895  -0.12798753]
  [-0.09122138 -0.8175805  -0.11754121]
  [-0.12837395 -0.7676105  -0.25514194]
  [-0.08842164 -0.8017205  -0.2242107 ]
  [-0.14927173 -0.7903129  -0.20255788]
  [-0.02232911 -0.7631806  -0.16523878]
  [-0.14763063 -0.7437305  -0.11752509]]]