[[[-0.5444204   0.27664676  0.2713274 ]
  [-0.3060999  -0.02816915  0.11164209]
  [-0.02311836 -0.29775333  0.11680013]
  [ 0.02466861 -0.22236508 -0.10422213]
  [-0.1013111   0.15051368  0.0330647 ]
  [-0.10791928  0.5516097   0.17328167]
  [-0.01606193 -0.248662    0.37760407]
  [ 0.03560888 -0.45285362  0.24256259]
  [ 0.01017459 -0.6733689   0.09668825]
  [-0.01075365 -0.6573305  -0.18495817]
  [ 0.00305717 -0.3914324  -0.21268207]
  [-0.09023069 -0.16489676 -0.20356491]
  [-0.02626929 -0.7351942  -0.04630236]
  [-0.10341257 -0.9470164  -0.04508769]
  [-0.18848631 -0.8214763  -0.06879226]
  [-0.16194011 -0.8701123  -0.09545369]
  [-0.17591627 -0.8675557  -0.03099845]
  [-0.0639462  -0.88348657 -0.11212328]
  [-0.0931247  -0.87827057  0.02775702]]]