[[[ 0.02435974  0.45647034  0.42831093]
  [-0.0508329   0.10562646  0.21733451]
  [-0.03305963 -0.29118073  0.11407629]
  [ 0.00543315 -0.21548513 -0.10583199]
  [-0.08552281  0.1468201   0.05812859]
  [-0.07595341  0.52584326  0.2305105 ]
  [-0.25076467 -0.40292144  0.27759174]
  [-0.03192459 -0.5142697   0.27646402]
  [ 0.00259196 -0.6807299   0.0740255 ]
  [-0.05215586 -0.6646472  -0.19890875]
  [-0.16059196 -0.4317851  -0.2834625 ]
  [-0.34015915 -0.28799853 -0.20538387]
  [-0.03531644 -0.73470294 -0.05874716]
  [-0.10494738 -0.94840515 -0.03258863]
  [-0.18706125 -0.8197394  -0.01768299]
  [-0.17782222 -0.8683726  -0.05244512]
  [-0.16199456 -0.86612135  0.01134217]
  [-0.09649724 -0.8849453  -0.11017094]
  [-0.06167621 -0.8817342   0.02640731]]]