[[[-0.28038138  0.09338412  0.7535992 ]
  [-0.11683098  0.05895756  0.34210125]
  [-0.05939393 -0.1000315  -0.03732894]
  [ 0.07595886 -0.27579364  0.02401547]
  [ 0.14971712 -0.11380038  0.40797454]
  [ 0.07270501 -0.17632979  0.8450914 ]
  [-0.30912173 -0.22065283 -0.5341609 ]
  [-0.3602342  -0.11609619 -0.3247009 ]
  [-0.22644503 -0.3440076  -0.30057904]
  [-0.06616065 -0.52057564 -0.21745116]
  [ 0.1218398  -0.6077498  -0.04964136]
  [ 0.21058787 -0.53123057 -0.24838683]
  [-0.16009165 -0.46300837 -0.29039922]
  [-0.26522356 -0.5842626  -0.32488382]
  [-0.17074738 -0.55926347 -0.43779075]
  [-0.18706506 -0.6001296  -0.39787543]
  [-0.2273779  -0.55541444 -0.42056924]
  [-0.1724126  -0.58621246 -0.30632088]
  [-0.25695685 -0.49921712 -0.35047466]]]