[[[ 0.0080462   0.6563296   0.03917925]
  [ 0.00893431  0.1903413  -0.09326668]
  [-0.10250375 -0.25525722 -0.06031446]
  [ 0.10313895 -0.26673433  0.09091013]
  [ 0.01169487  0.1698841   0.21885577]
  [-0.23026487  0.37121984  0.59767747]
  [-0.22566204 -0.22615774 -0.20937498]
  [-0.3085798  -0.45791978 -0.07870753]
  [-0.14491092 -0.7083432  -0.09428018]
  [ 0.12623571 -0.70829046  0.05886457]
  [ 0.16314612 -0.4247327   0.14615245]
  [ 0.18054341 -0.19940889 -0.01176309]
  [ 0.00362188 -0.7764919  -0.04420736]
  [-0.00242572 -0.98936045 -0.10549178]
  [ 0.02204151 -0.8747879  -0.20902155]
  [ 0.04702653 -0.9252602  -0.17880999]
  [-0.01957657 -0.91609544 -0.18234992]
  [ 0.08263351 -0.9278725  -0.08120795]
  [-0.06557573 -0.90967715 -0.08961849]]]