[[[-0.21398605  0.5349547   0.12343282]
  [-0.18476948  0.12876733  0.02536345]
  [-0.10986416 -0.2675158   0.05705502]
  [ 0.09616444 -0.25222844 -0.04645785]
  [ 0.1425394   0.1338712   0.08262947]
  [ 0.22719899  0.50683     0.2638577 ]
  [-0.17203483 -0.4416493   0.19807923]
  [-0.06609741 -0.5714738   0.36956722]
  [-0.08315776 -0.6967218   0.13577968]
  [ 0.09758259 -0.73132837 -0.05226405]
  [ 0.34352514 -0.6295744  -0.08095238]
  [ 0.17904438 -0.4933343  -0.17135593]
  [-0.02521835 -0.7591891   0.01947063]
  [-0.09665833 -0.9566407  -0.00359243]
  [-0.18160859 -0.8378624  -0.05310294]
  [-0.14911875 -0.88762    -0.07007476]
  [-0.17306688 -0.8807771  -0.00959602]
  [-0.04854646 -0.89388555 -0.07061118]
  [-0.10119799 -0.88373965  0.06090502]]]