[[[ 0.02843019  0.5482301  -0.06818093]
  [ 0.0483155   0.15085664  0.08208169]
  [ 0.11207795 -0.27135703  0.02670308]
  [-0.11931776 -0.2588831   0.01531742]
  [-0.06416851  0.13788158  0.13901363]
  [-0.02339582  0.55857944  0.06456387]
  [ 0.38721007 -0.2938604   0.15534316]
  [ 0.26926053 -0.466477    0.01603455]
  [ 0.12775531 -0.6973947   0.01837588]
  [-0.15303576 -0.6946179  -0.02624597]
  [-0.26644176 -0.45119214 -0.06154931]
  [-0.39667118 -0.30400866  0.08635892]
  [-0.01977781 -0.766326    0.01112563]
  [-0.04362854 -0.9804237  -0.00282766]
  [-0.04921016 -0.91378963  0.1356879 ]
  [-0.0818503  -0.9419219   0.09033535]
  [-0.01656612 -0.949066    0.09575953]
  [-0.10785659 -0.90210503  0.00169605]
  [ 0.03495691 -0.9187363   0.01308669]]]