[[[-4.60204571e-01  2.02681661e-01  6.27626598e-01]
  [-2.38449901e-01  8.95655453e-02  2.39718527e-01]
  [-9.68009084e-02 -1.77499220e-01 -4.60538268e-02]
  [ 1.08675137e-01 -2.42710099e-01  4.05159183e-02]
  [ 6.68952838e-02  5.18508926e-02  3.55778813e-01]
  [-2.29396974e-04  2.16785893e-01  7.85034657e-01]
  [-2.42996603e-01 -3.78320158e-01 -3.51633072e-01]
  [-3.51534247e-01 -3.42747927e-01 -1.33368492e-01]
  [-1.51045814e-01 -5.20581484e-01 -2.09125817e-01]
  [ 1.06862910e-01 -5.89076042e-01 -1.24799065e-01]
  [ 2.82232851e-01 -4.98308301e-01  7.34754354e-02]
  [ 2.26512566e-01 -3.82718891e-01 -1.26832590e-01]
  [-2.27383710e-02 -6.02725923e-01 -2.02612743e-01]
  [-5.00134081e-02 -7.74624765e-01 -2.29035616e-01]
  [-3.96354683e-03 -7.07828701e-01 -3.56015116e-01]
  [ 1.15125999e-02 -7.48450935e-01 -3.13375235e-01]
  [-5.08409441e-02 -7.33780861e-01 -3.27084988e-01]
  [ 3.35890353e-02 -7.23106682e-01 -2.23535970e-01]
  [-9.59725976e-02 -6.96455300e-01 -2.49415919e-01]]]