[[[-0.09174498  0.33501568  0.03179776]
  [-0.2651843   0.03438491 -0.17741638]
  [-0.10606284 -0.19856262  0.08027328]
  [ 0.1088714  -0.24396794 -0.02174858]
  [ 0.04845568 -0.03137506 -0.3363768 ]
  [ 0.17769067  0.3220724  -0.16134143]
  [-0.25481033 -0.18738212  0.00863489]
  [-0.20511065 -0.323866    0.19708347]
  [-0.23346502 -0.5167432   0.02593774]
  [-0.04893343 -0.5468226  -0.16965827]
  [ 0.02942441 -0.2961071  -0.16771796]
  [-0.16637616 -0.17021911 -0.14916337]
  [-0.17239195 -0.5853882  -0.0865185 ]
  [-0.25536186 -0.7601261  -0.07680719]
  [-0.33257595 -0.642099   -0.11576963]
  [-0.316472   -0.6950373  -0.13413584]
  [-0.32128257 -0.67813766 -0.07245144]
  [-0.22452812 -0.71543056 -0.15862057]
  [-0.23818597 -0.68486154 -0.02983424]]]