[[[-0.24306151  0.5099788   0.4479164 ]
  [-0.14319257  0.22283585  0.08320636]
  [-0.10712789 -0.1951294  -0.03283723]
  [ 0.10111868 -0.2621708   0.04095007]
  [ 0.18563628  0.14217916  0.21273081]
  [ 0.24184373  0.407076    0.6101207 ]
  [-0.19876762 -0.4685789  -0.34382424]
  [-0.29850328 -0.29633626 -0.18383926]
  [-0.17556159 -0.5560641  -0.16415778]
  [ 0.09615763 -0.6036704  -0.09133609]
  [ 0.2279365  -0.35389152 -0.03530673]
  [ 0.09825445 -0.4126791  -0.23805088]
  [-0.04394767 -0.63901466 -0.15299739]
  [-0.03564572 -0.82235473 -0.1864542 ]
  [-0.0613205  -0.737623   -0.30680925]
  [-0.02140132 -0.7756979  -0.28003466]
  [-0.08547018 -0.77543384 -0.26464546]
  [ 0.03472489 -0.7510715  -0.20372477]
  [-0.10029165 -0.7551996  -0.17055677]]]