[[[-2.86902428e-01  5.65676689e-01  2.74285316e-01]
  [-1.22902527e-01  2.31921703e-01  9.05181654e-03]
  [-7.69359320e-02 -1.74590468e-01 -6.72731921e-02]
  [ 7.84660801e-02 -2.55981922e-01  7.84892291e-02]
  [ 1.42503440e-01  1.30639061e-01  2.60382921e-01]
  [ 1.18636012e-01  4.19373393e-01  6.23542130e-01]
  [-7.70567507e-02 -4.56263185e-01 -4.37130064e-01]
  [-1.59783661e-01 -2.70788610e-01 -2.96462834e-01]
  [-1.24112442e-01 -5.23714066e-01 -1.88246027e-01]
  [ 7.33177364e-02 -5.96030354e-01 -1.87969990e-02]
  [ 2.64918983e-01 -4.22990650e-01  8.71779323e-02]
  [ 2.38763362e-01 -4.16723639e-01 -1.51469678e-01]
  [-3.12541127e-02 -6.13797784e-01 -1.19375214e-01]
  [-4.46789227e-02 -7.91529357e-01 -1.25510886e-01]
  [ 5.75723127e-04 -7.28249729e-01 -2.51441956e-01]
  [ 1.73239410e-02 -7.65477359e-01 -2.07852513e-01]
  [-4.52596098e-02 -7.54340589e-01 -2.22802877e-01]
  [ 3.59469913e-02 -7.36300170e-01 -1.17659032e-01]
  [-9.41091180e-02 -7.17710614e-01 -1.49201363e-01]]]