[[[ 0.05169039  0.5782235   0.27248013]
  [ 0.09301116  0.19622256  0.05248837]
  [-0.03695156 -0.19025043 -0.09471586]
  [ 0.03988697 -0.26394284  0.11591528]
  [ 0.19403307  0.13166605  0.15777518]
  [ 0.2025006   0.5244901   0.37370974]
  [ 0.05524697 -0.26997778 -0.3516769 ]
  [-0.17254998 -0.28843445 -0.26680425]
  [-0.14305882 -0.54878676 -0.2071343 ]
  [-0.03249579 -0.6299239   0.0287166 ]
  [ 0.03264419 -0.39749354  0.14701281]
  [ 0.2302249  -0.3450156   0.02355095]
  [-0.08858754 -0.650283   -0.10971878]
  [-0.12371957 -0.83515906 -0.16441227]
  [ 0.0014533  -0.76634943 -0.210542  ]
  [-0.01956219 -0.80999017 -0.17534822]
  [-0.0520303  -0.78702897 -0.22640371]
  [-0.06905694 -0.7957606  -0.09317626]
  [-0.13779473 -0.7491709  -0.20148925]]]