[[[ 9.10456181e-02  4.65740442e-01 -3.61392125e-02]
  [ 2.39104982e-02  1.17478155e-01  2.02940941e-01]
  [ 1.01970613e-01 -2.96614885e-01  7.25127608e-02]
  [-1.06542289e-01 -2.79688776e-01 -4.69694585e-02]
  [-1.92166075e-01  1.08406276e-01  1.25548065e-01]
  [ 2.15700120e-02  4.03533816e-01 -1.01548225e-01]
  [ 1.03885718e-01 -2.45636404e-01  2.94127792e-01]
  [ 1.51697457e-01 -4.74250615e-01  1.73310563e-01]
  [ 8.95690992e-02 -7.36354053e-01  1.01261355e-01]
  [-1.42577633e-01 -7.29181468e-01 -9.73060876e-02]
  [-1.87408745e-01 -4.63476330e-01 -1.74282879e-01]
  [-2.66155094e-01 -2.27537647e-01 -1.00291841e-01]
  [-4.43891138e-02 -8.09732556e-01  1.52307153e-02]
  [-1.16230600e-01 -1.03203702e+00  4.85996343e-02]
  [-1.40370846e-01 -9.14298832e-01  1.46853864e-01]
  [-1.65272683e-01 -9.52722549e-01  1.02796383e-01]
  [-1.07707724e-01 -9.67804909e-01  1.33576423e-01]
  [-1.54966444e-01 -9.48026061e-01 -9.06046480e-04]
  [-2.48565823e-02 -9.81179893e-01  6.79997206e-02]]]