[[[ 0.43306565 -0.04265366  0.6518145 ]
  [ 0.20924643  0.09667417  0.28726104]
  [-0.08887866 -0.11749449  0.06276313]
  [ 0.06199541 -0.24417596 -0.06579834]
  [ 0.38568822  0.00469064  0.08585048]
  [ 0.6839058  -0.14286628  0.3949551 ]
  [-0.6176229  -0.37809148 -0.15085016]
  [-0.5426152  -0.16861686 -0.04771787]
  [-0.3648048  -0.36338365 -0.0861473 ]
  [-0.20848803 -0.42280334 -0.2624422 ]
  [-0.1203077  -0.2669621  -0.46407118]
  [-0.35806113 -0.25677714 -0.46020362]
  [-0.31073168 -0.42199427 -0.18970194]
  [-0.39884585 -0.5645253  -0.24647109]
  [-0.4425149  -0.43336123 -0.29691344]
  [-0.4215372  -0.4853158  -0.3141541 ]
  [-0.45807648 -0.4779317  -0.26198277]
  [-0.33400902 -0.5102312  -0.2897607 ]
  [-0.40871784 -0.5027513  -0.18520764]]]