[[[-0.5047564   0.10316921  0.6345808 ]
  [-0.25511375  0.06906437  0.25194252]
  [-0.08695138 -0.15159334 -0.0497335 ]
  [ 0.10301659 -0.24450645  0.04073001]
  [ 0.03955158 -0.02535243  0.4036006 ]
  [-0.05675516  0.03863385  0.8522467 ]
  [-0.16395772 -0.33221337 -0.42422518]
  [-0.27150172 -0.2413756  -0.22484408]
  [-0.14132425 -0.4850303  -0.23338984]
  [ 0.09643685 -0.5616408  -0.1204952 ]
  [ 0.256909   -0.43987882  0.07106785]
  [ 0.19694716 -0.30289623 -0.11067224]
  [-0.027123   -0.57758963 -0.2025116 ]
  [-0.05310348 -0.74517435 -0.19070418]
  [-0.02089824 -0.70671266 -0.33057767]
  [-0.00128327 -0.73891354 -0.2841574 ]
  [-0.06437784 -0.7248949  -0.29373387]
  [ 0.03087758 -0.697242   -0.20482334]
  [-0.09893899 -0.6733033  -0.22191669]]]