[[[-0.27864757  0.45946547  0.4807175 ]
  [-0.14804237  0.1893835   0.14277272]
  [-0.10083561 -0.18282892 -0.04227232]
  [ 0.10297561 -0.2529209   0.0457537 ]
  [ 0.16604692  0.11595477  0.25263372]
  [ 0.19070862  0.37676024  0.6268213 ]
  [-0.26406622 -0.33365282 -0.2754769 ]
  [-0.37713188 -0.3696204  -0.0612602 ]
  [-0.18802652 -0.54087025 -0.15626553]
  [ 0.07496653 -0.5990356  -0.08721191]
  [ 0.23059326 -0.4420894   0.07962441]
  [ 0.13530639 -0.33658797 -0.11087324]
  [-0.06058723 -0.62136716 -0.15385549]
  [-0.08930849 -0.7993317  -0.18349662]
  [-0.06590239 -0.7202771  -0.30898315]
  [-0.04314337 -0.76378816 -0.27410215]
  [-0.10660335 -0.7493522  -0.27532762]
  [-0.00590107 -0.7470468  -0.18683113]
  [-0.13808726 -0.7207646  -0.18844283]]]