[[[-0.09482247  0.6481842  -0.11685359]
  [ 0.0516355   0.20401412 -0.05930365]
  [ 0.00470627 -0.24511355 -0.10392477]
  [ 0.01101543 -0.23633002  0.13875543]
  [ 0.08241191  0.2029313   0.08874609]
  [-0.06430744  0.64085937  0.20310381]
  [ 0.11265501 -0.14750923 -0.2450536 ]
  [-0.01892771 -0.380849   -0.21042897]
  [ 0.01101753 -0.64510894 -0.11066414]
  [ 0.01481621 -0.6440344   0.1751666 ]
  [-0.03497921 -0.37589487  0.26270223]
  [ 0.05071378 -0.1276376   0.30477172]
  [ 0.03311778 -0.7144457   0.0321174 ]
  [ 0.03157362 -0.92203724  0.01450801]
  [ 0.14977065 -0.84396267 -0.03800028]
  [ 0.13124157 -0.8864924   0.00323725]
  [ 0.09671242 -0.87330323 -0.05105972]
  [ 0.07849769 -0.86621016  0.08530641]
  [ 0.00651731 -0.8418658  -0.0327033 ]]]