[[[-0.23188753  0.5653416   0.10040839]
  [-0.17090651  0.14307104  0.03931209]
  [-0.07981658 -0.25678727  0.10039055]
  [ 0.06400479 -0.23719802 -0.08504727]
  [ 0.03916932  0.18167146 -0.01537263]
  [ 0.14067653  0.5901675   0.10315529]
  [-0.15026373 -0.19533493  0.35337535]
  [-0.05265691 -0.40635395  0.25481218]
  [-0.07983186 -0.64131093  0.1298807 ]
  [-0.02914031 -0.6551898  -0.14216387]
  [-0.03190635 -0.39587522 -0.21573952]
  [-0.16528378 -0.18883942 -0.24850345]
  [-0.08277339 -0.7120056  -0.00885134]
  [-0.1814977  -0.905762   -0.00588851]
  [-0.24879467 -0.7752408  -0.04213567]
  [-0.22854793 -0.82830864 -0.06393965]
  [-0.24348319 -0.8191501  -0.00100565]
  [-0.13354622 -0.8529956  -0.07501861]
  [-0.16600883 -0.8347688   0.05866002]]]