[[[-0.4949811   0.18057296  0.6100615 ]
  [-0.25693518  0.08423663  0.22856334]
  [-0.09920935 -0.18547834 -0.04419642]
  [ 0.11364112 -0.23207128  0.03831399]
  [ 0.03780347  0.05368327  0.3550502 ]
  [-0.04499784  0.22595794  0.7768754 ]
  [-0.24746616 -0.42276582 -0.34528956]
  [-0.34494364 -0.35740376 -0.12994963]
  [-0.13806182 -0.5320304  -0.19539525]
  [ 0.12399464 -0.5867316  -0.11772683]
  [ 0.29096916 -0.48658326  0.08204177]
  [ 0.23543671 -0.36432043 -0.11332384]
  [-0.00747972 -0.6092825  -0.19025241]
  [-0.03766745 -0.78240657 -0.20916323]
  [ 0.01262924 -0.72333366 -0.33835542]
  [ 0.02662332 -0.7616349  -0.29308778]
  [-0.03519273 -0.7474576  -0.3096239 ]
  [ 0.04580817 -0.7313536  -0.20417477]
  [-0.08234865 -0.7052802  -0.23561227]]]