[[[-0.12556349  0.30087823  0.03722771]
  [ 0.118108    0.07157762 -0.19050999]
  [-0.07047717 -0.24573764 -0.08862135]
  [ 0.05559281 -0.25018132  0.12455274]
  [ 0.24859998  0.04272753  0.00711282]
  [ 0.00521242  0.17611983  0.3016396 ]
  [ 0.11118978 -0.69835997 -0.5123982 ]
  [ 0.00744577 -0.63149226 -0.31136316]
  [ 0.22994606 -0.5361328  -0.21524613]
  [ 0.3459408  -0.4830735   0.00189495]
  [ 0.18789926 -0.47675484  0.20633501]
  [ 0.2684782  -0.26144212  0.22925995]
  [ 0.33459607 -0.51762426 -0.13153104]
  [ 0.41381484 -0.6687636  -0.15383258]
  [ 0.48140574 -0.5601523  -0.23646972]
  [ 0.48868972 -0.598356   -0.18921673]
  [ 0.4453184  -0.608034   -0.23759143]
  [ 0.44474965 -0.5890715  -0.10114407]
  [ 0.35235742 -0.6129655  -0.20564952]]]