[[[ 0.03249329  0.5375723   0.13796118]
  [-0.03454286  0.13195227  0.14345852]
  [ 0.04460478 -0.27331805  0.10583366]
  [-0.06749091 -0.2402652  -0.07629067]
  [-0.01901959  0.16487272 -0.06047069]
  [ 0.08109973  0.5580887  -0.15930846]
  [-0.15872422 -0.18972994  0.29557082]
  [-0.10203429 -0.4292146   0.24379504]
  [-0.12154176 -0.66405684  0.14193127]
  [-0.15179211 -0.6417589  -0.12527445]
  [-0.07071418 -0.40103185 -0.17128536]
  [-0.06193466 -0.15803713 -0.13513234]
  [-0.16487283 -0.71239597  0.00666644]
  [-0.24668762 -0.9065731  -0.01608245]
  [-0.30195308 -0.8046553   0.08014858]
  [-0.3118385  -0.836385    0.02831419]
  [-0.26792684 -0.8554646   0.07262442]
  [-0.2681095  -0.8202394  -0.06091051]
  [-0.17625381 -0.86322635  0.03613563]]]