[[[-0.19070914  0.5876846   0.13852565]
  [-0.15343213  0.18592262 -0.10181181]
  [-0.1239171  -0.248764    0.0166557 ]
  [ 0.11628184 -0.24224775  0.01200247]
  [ 0.16720226  0.1969777  -0.03126589]
  [ 0.2951917   0.5963663   0.20453618]
  [-0.30660212 -0.24397835 -0.13040964]
  [-0.24537902 -0.4133898   0.07035406]
  [-0.11497941 -0.666801    0.04077478]
  [ 0.16946097 -0.6345646   0.00263378]
  [ 0.22744635 -0.3535971  -0.01283447]
  [ 0.18233016 -0.20114063 -0.22462174]
  [ 0.0290769  -0.7187875   0.00304834]
  [ 0.01526792 -0.92828584 -0.0271542 ]
  [-0.07471301 -0.8272361  -0.0940721 ]
  [-0.03236416 -0.8713851  -0.10308146]
  [-0.06689885 -0.86820775 -0.04712068]
  [ 0.06637296 -0.86079246 -0.08561375]
  [-0.01146448 -0.85655415  0.03309767]]]