[[[-0.11637739  0.09190525  0.3716833 ]
  [-0.3387428  -0.09346301  0.07758099]
  [-0.01369343 -0.2753838   0.13349739]
  [ 0.04234511 -0.19081056 -0.11380402]
  [-0.30664116 -0.12276706 -0.08998248]
  [-0.24175704  0.19943094  0.18259794]
  [-0.2079981  -0.22623967  0.48734793]
  [-0.16709575 -0.42671573  0.3262543 ]
  [-0.26198396 -0.5253003   0.09071911]
  [-0.2962906  -0.4190247  -0.16913493]
  [-0.23355217 -0.1543141  -0.1523118 ]
  [-0.3058265   0.06405947 -0.04222717]
  [-0.32720378 -0.5061727  -0.04237769]
  [-0.5052653  -0.62375534 -0.03479946]
  [-0.4992462  -0.4717641  -0.02132346]
  [-0.5170792  -0.51539207 -0.05685847]
  [-0.5106145  -0.5211015   0.00828977]
  [-0.45572758 -0.576239   -0.10576678]
  [-0.44221535 -0.5922501   0.03229146]]]