[[[-3.69460344e-01 -3.18825126e-01  7.88847923e-01]
  [-1.98572397e-01 -8.54102820e-02  4.09266472e-01]
  [-9.55993235e-02 -1.22715145e-01 -1.02325883e-02]
  [ 1.04195446e-01 -2.46716157e-01 -5.82023815e-04]
  [ 1.32762149e-01 -1.81262746e-01  4.39979553e-01]
  [ 1.02037251e-01 -3.86903197e-01  8.74707818e-01]
  [-4.18151945e-01 -3.32880825e-01 -4.71494526e-01]
  [-4.16212082e-01 -2.18890086e-01 -2.48607665e-01]
  [-2.02679247e-01 -3.91934603e-01 -3.01603556e-01]
  [ 5.26347794e-02 -4.89269614e-01 -2.80461103e-01]
  [ 3.07788998e-01 -4.83677268e-01 -1.59528971e-01]
  [ 2.75457770e-01 -3.40351164e-01 -3.50485563e-01]
  [-8.21592137e-02 -4.72339928e-01 -3.31558168e-01]
  [-1.02603346e-01 -6.31489694e-01 -3.91079605e-01]
  [-1.03486747e-01 -5.30831814e-01 -4.98300433e-01]
  [-7.45690465e-02 -5.79084575e-01 -4.78173852e-01]
  [-1.37662068e-01 -5.68697929e-01 -4.66407239e-01]
  [-2.37628184e-02 -5.74116230e-01 -3.99036169e-01]
  [-1.53494239e-01 -5.59153140e-01 -3.74434829e-01]]]