[[[-1.72804594e-01  4.66676086e-01  4.61799264e-01]
  [-8.54383633e-02  2.00422317e-01  1.29577100e-01]
  [-7.84094483e-02 -1.70166031e-01 -6.67847097e-02]
  [ 8.76501948e-02 -2.53551513e-01  6.83767647e-02]
  [ 1.15806490e-01  1.22479722e-01  2.59785026e-01]
  [ 1.06301252e-02  2.57275850e-01  6.65977180e-01]
  [-3.77194643e-01 -3.77895772e-01 -4.88880932e-01]
  [-3.31552684e-01 -4.26751256e-01 -2.61334509e-01]
  [-9.80606228e-02 -5.46031117e-01 -2.42848024e-01]
  [ 1.19809039e-01 -5.87872148e-01 -1.06391646e-01]
  [ 2.33952492e-01 -4.74966347e-01  1.04222067e-01]
  [ 3.47886503e-01 -3.01432163e-01 -2.34410982e-04]
  [ 2.15864014e-02 -6.05027914e-01 -2.05352843e-01]
  [ 2.57792659e-02 -7.76768804e-01 -2.30452776e-01]
  [ 5.96061200e-02 -6.94990814e-01 -3.50447118e-01]
  [ 8.10806304e-02 -7.34944105e-01 -3.12534899e-01]
  [ 1.83007289e-02 -7.28990734e-01 -3.24466676e-01]
  [ 9.97243375e-02 -7.14957714e-01 -2.20783651e-01]
  [-3.08032110e-02 -7.06543863e-01 -2.46759236e-01]]]