[[[ 0.668043   -0.0878569   0.4104623 ]
  [ 0.3512028  -0.02676585  0.10651992]
  [-0.05962325 -0.15062505  0.10707973]
  [ 0.03639805 -0.24458675 -0.1017069 ]
  [ 0.38962874 -0.06633212  0.0750838 ]
  [ 0.7361507  -0.12863758  0.34742862]
  [-0.56800795  0.11509541  0.33195725]
  [-0.45253766 -0.10227069  0.23417225]
  [-0.4428921  -0.24494365  0.01600095]
  [-0.42337796 -0.1774344  -0.20374593]
  [-0.40268332  0.08180282 -0.22349992]
  [-0.45761612  0.33330652 -0.20008326]
  [-0.4708037  -0.22075623 -0.09956714]
  [-0.6663437  -0.26312736 -0.11028232]
  [-0.61707175 -0.11727166 -0.11005413]
  [-0.64531106 -0.15871459 -0.14283906]
  [-0.6459551  -0.15730797 -0.07760891]
  [-0.59998107 -0.23826063 -0.17794694]
  [-0.6036166  -0.2435866  -0.04413331]]]