[[[-0.06814963  0.45491338  0.3413754 ]
  [-0.16942555  0.10772469  0.14967921]
  [-0.07010542 -0.281273    0.09895605]
  [ 0.05933235 -0.23340623 -0.08887373]
  [-0.11029714  0.12996723 -0.08320804]
  [-0.04709916  0.51384115  0.05779313]
  [-0.3484512  -0.3666084   0.3417145 ]
  [-0.16433619 -0.49999684  0.25409588]
  [-0.05793256 -0.6729997   0.08608466]
  [ 0.06297503 -0.6532287  -0.16219857]
  [ 0.06619608 -0.39562988 -0.2268961 ]
  [-0.0629756  -0.1985877  -0.27134594]
  [-0.01251868 -0.7306051  -0.04329954]
  [-0.08468208 -0.94291043 -0.03232661]
  [-0.16645095 -0.81966674 -0.06719404]
  [-0.14386493 -0.87086904 -0.08913225]
  [-0.15414836 -0.8612747  -0.02529768]
  [-0.04658454 -0.8887783  -0.10729808]
  [-0.06967237 -0.86841226  0.02917859]]]