[[[-0.12556858  0.47955388  0.47021464]
  [-0.03481052  0.1973858   0.14935361]
  [-0.06551306 -0.16019902 -0.07421599]
  [ 0.07364444 -0.2664422   0.07430602]
  [ 0.16125913  0.08615192  0.2793482 ]
  [ 0.17880027  0.35296535  0.63172436]
  [-0.19070618 -0.02727703 -0.35904568]
  [-0.22254904 -0.24153174 -0.24033901]
  [-0.12993728 -0.4919763  -0.2573147 ]
  [ 0.03617413 -0.5952159  -0.08215414]
  [ 0.07969336 -0.4244812   0.11824777]
  [ 0.23465896 -0.24044664  0.11747902]
  [-0.04596355 -0.59894854 -0.20249178]
  [-0.10555328 -0.77045226 -0.22545072]
  [-0.04494173 -0.7087877  -0.34708524]
  [-0.039717   -0.7542055  -0.3082391 ]
  [-0.09583107 -0.7246917  -0.31947944]
  [-0.01334519 -0.7415699  -0.21677096]
  [-0.13082637 -0.68444157 -0.24154572]]]