[[[-0.29478446  0.43917707  0.51034826]
  [-0.1612592   0.18291673  0.15397465]
  [-0.10880566 -0.19533303 -0.03093314]
  [ 0.11098991 -0.24418601  0.03556376]
  [ 0.1370926   0.15868384  0.20330691]
  [ 0.16229479  0.4596373   0.5536759 ]
  [-0.28506815 -0.332089   -0.28418252]
  [-0.33662134 -0.33359647 -0.04178572]
  [-0.18815932 -0.55153656 -0.12809932]
  [ 0.08402221 -0.6081259  -0.08537095]
  [ 0.23396444 -0.41561544  0.05033666]
  [ 0.14134221 -0.3199948  -0.15075132]
  [-0.05986659 -0.63651043 -0.1369282 ]
  [-0.0977018  -0.8178815  -0.16528738]
  [-0.07945395 -0.7372471  -0.2907497 ]
  [-0.05588444 -0.78227276 -0.25754422]
  [-0.11899856 -0.76565987 -0.25457415]
  [-0.01235461 -0.76798505 -0.17256074]
  [-0.1445499  -0.7372136  -0.16561224]]]