[[[-0.48656863  0.44225335 -0.05183758]
  [-0.15211439  0.17656733 -0.06117034]
  [ 0.0276219  -0.1959643  -0.0971358 ]
  [ 0.00442535 -0.22416258  0.1230249 ]
  [-0.02351028  0.18936846  0.16051425]
  [-0.2594559   0.52911824  0.27742344]
  [ 0.29033098 -0.2551973   0.00234654]
  [ 0.09322593 -0.3124655  -0.11566933]
  [ 0.07604539 -0.5638145  -0.11359904]
  [ 0.05158171 -0.56717086  0.13270031]
  [-0.02444307 -0.32889408  0.2097553 ]
  [ 0.12321662 -0.15304631  0.18135706]
  [ 0.07133977 -0.62950265  0.00471567]
  [ 0.05873809 -0.814527   -0.01283772]
  [ 0.18394369 -0.7463861  -0.05195779]
  [ 0.16274771 -0.78699297 -0.01488318]
  [ 0.13562453 -0.7727334  -0.07137041]
  [ 0.10237191 -0.7640895   0.0555923 ]
  [ 0.04986632 -0.7403035  -0.05988029]]]