[[[-0.17083928  0.64994276  0.07032549]
  [-0.01081208  0.21376    -0.02008497]
  [-0.03286815 -0.2341522  -0.1017288 ]
  [ 0.04459778 -0.24580434  0.13038799]
  [ 0.12456188  0.19423704  0.10907856]
  [-0.00537871  0.618458    0.28760204]
  [-0.00878795 -0.10576126 -0.26342794]
  [-0.06723048 -0.36713722 -0.21002357]
  [-0.00125746 -0.6366701  -0.14507315]
  [ 0.06924733 -0.6455098   0.13122164]
  [ 0.01227743 -0.3839113   0.23294228]
  [ 0.05653924 -0.12351131  0.28198603]
  [ 0.06053153 -0.7081216  -0.0170652 ]
  [ 0.09329326 -0.91310334 -0.05488595]
  [ 0.17017984 -0.8058355  -0.12951127]
  [ 0.17476648 -0.85342485 -0.09014426]
  [ 0.12295276 -0.8463695  -0.13002543]
  [ 0.1467419  -0.85126454  0.00611217]
  [ 0.03751506 -0.838799   -0.08216843]]]