[[[-0.31799915  0.40623665  0.06676232]
  [-0.33436394  0.01519784 -0.04186298]
  [-0.08858597 -0.2548176   0.08019016]
  [ 0.09475548 -0.1988074  -0.05488712]
  [-0.05494977  0.16359396 -0.1364915 ]
  [-0.0406925   0.5530309   0.01378837]
  [-0.30522642 -0.3823064   0.20986813]
  [-0.08503927 -0.4529492   0.24259904]
  [ 0.00864112 -0.61996853  0.0827798 ]
  [ 0.1025757  -0.61319077 -0.1500744 ]
  [-0.10626963 -0.5124622  -0.25910288]
  [-0.34437633 -0.5034858  -0.2369514 ]
  [ 0.06658216 -0.66438913 -0.03146955]
  [ 0.06959274 -0.8564944   0.00345519]
  [-0.02529573 -0.7954689  -0.09499935]
  [ 0.02026579 -0.83165956 -0.09112146]
  [-0.02159756 -0.82073236 -0.04319701]
  [ 0.10933325 -0.803012   -0.06523506]
  [ 0.02303378 -0.78195083  0.03400999]]]