[[[ 0.01606921  0.5988857   0.21029794]
  [ 0.06280994  0.20875849 -0.00603571]
  [-0.06905784 -0.20111322 -0.08254289]
  [ 0.06801799 -0.25841123  0.10476981]
  [ 0.19395696  0.1524447   0.12833162]
  [ 0.19520514  0.5358828   0.37232816]
  [-0.16147472 -0.1335956  -0.34605038]
  [-0.2430891  -0.30884683 -0.18361096]
  [-0.17250717 -0.5711527  -0.14776756]
  [ 0.00271618 -0.64049464  0.05535705]
  [ 0.06213474 -0.40837422  0.18687785]
  [ 0.22604543 -0.24030936  0.10998594]
  [-0.08260052 -0.66893166 -0.07064288]
  [-0.11331028 -0.8601578  -0.12809964]
  [-0.02994322 -0.767325   -0.21128051]
  [-0.02867228 -0.81714606 -0.17723273]
  [-0.08300649 -0.79559493 -0.2053038 ]
  [-0.0374914  -0.8182941  -0.07991211]
  [-0.15294601 -0.7747345  -0.14126503]]]