[[[ 0.01795811  0.5819503   0.31787166]
  [-0.03888631  0.17894454  0.171117  ]
  [-0.1008804  -0.22508457  0.0812256 ]
  [ 0.08088885 -0.1987359  -0.06806674]
  [ 0.00470418  0.20727985 -0.01843625]
  [ 0.02177215  0.6360427   0.05435889]
  [-0.47284412 -0.74143636  0.00944382]
  [-0.3555425  -0.5585068   0.11907329]
  [-0.10691648 -0.60548204  0.07594874]
  [ 0.02425355 -0.6324285  -0.11455503]
  [-0.1438121  -0.60400265 -0.30687234]
  [-0.34828848 -0.7337158  -0.28384626]
  [-0.03983814 -0.6536201  -0.01117678]
  [-0.05865433 -0.8257378   0.03475463]
  [-0.16844264 -0.76463115 -0.04790896]
  [-0.12681964 -0.80587065 -0.04958504]
  [-0.15398893 -0.78347844  0.00497909]
  [-0.0299991  -0.7867126  -0.04907322]
  [-0.08773077 -0.7424727   0.06388947]]]