[[[-0.00827821  0.21470541  0.23383585]
  [-0.29752007 -0.05340406  0.17450726]
  [ 0.01266152 -0.24945377  0.13676475]
  [ 0.01237124 -0.22089961 -0.11731958]
  [-0.30909598 -0.07415127 -0.08520171]
  [-0.00361165  0.17149599 -0.00852935]
  [-0.04543386 -0.23845206  0.5287208 ]
  [-0.11130121 -0.41379613  0.35954937]
  [-0.27862138 -0.48129863  0.16446845]
  [-0.32903504 -0.41372526 -0.09329369]
  [-0.1814771  -0.21718827 -0.19938064]
  [-0.1246211   0.02079496 -0.16283247]
  [-0.35111636 -0.47152117  0.04314791]
  [-0.4944004  -0.5977745   0.02503103]
  [-0.51909524 -0.47968662  0.1191154 ]
  [-0.5368617  -0.5034999   0.0682196 ]
  [-0.50847584 -0.5368813   0.11744946]
  [-0.48149136 -0.5088007  -0.01525358]
  [-0.4235006  -0.58019465  0.088347  ]]]