[[[-0.07793532  0.4615687   0.37670702]
  [-0.09931523  0.13004464  0.12930553]
  [-0.12270749 -0.26385006  0.02118426]
  [ 0.10573427 -0.2617726  -0.02049025]
  [ 0.13344681  0.1297287   0.06857811]
  [ 0.22206886  0.4775018   0.28224313]
  [-0.36892268 -0.5509602   0.15801975]
  [-0.17473105 -0.6074648   0.27034116]
  [-0.13136435 -0.7191711   0.03644714]
  [ 0.08765982 -0.73675567 -0.07285401]
  [ 0.26999414 -0.57386374  0.02692845]
  [ 0.18707986 -0.5000942  -0.17061432]
  [-0.0458544  -0.7766963  -0.05507379]
  [-0.09999783 -0.9832036  -0.09802231]
  [-0.15201402 -0.8669925  -0.18828116]
  [-0.11529803 -0.91656333 -0.18508802]
  [-0.16583776 -0.9084294  -0.1440736 ]
  [-0.02711659 -0.92174286 -0.13542604]
  [-0.13704686 -0.9071383  -0.04454381]]]