[[[-0.39924675  0.37848422  0.5166408 ]
  [-0.21383522  0.14017494  0.17347689]
  [-0.10169148 -0.20074809 -0.04429789]
  [ 0.11107746 -0.24086146  0.04671546]
  [ 0.08217893  0.10931703  0.2951759 ]
  [ 0.03915516  0.36512896  0.6769022 ]
  [-0.24395862 -0.3818844  -0.32120654]
  [-0.33975545 -0.36123344 -0.09464946]
  [-0.15372674 -0.5622577  -0.15031347]
  [ 0.10976508 -0.62085646 -0.06379177]
  [ 0.27030843 -0.49627718  0.12881291]
  [ 0.23677751 -0.3850546  -0.08002817]
  [-0.0237371  -0.6465379  -0.13761373]
  [-0.05719046 -0.82781744 -0.15092361]
  [-0.01060377 -0.769286   -0.2828189 ]
  [ 0.00451976 -0.8073823  -0.23749965]
  [-0.05772386 -0.7921665  -0.25152057]
  [ 0.02858386 -0.77749    -0.14827143]
  [-0.10254175 -0.74862254 -0.17540284]]]