[[[ 1.24402784e-01  5.17759442e-01  3.01040322e-01]
  [ 2.42172256e-02  1.32986248e-01  1.78130373e-01]
  [-2.15697791e-02 -2.71810412e-01  1.22420892e-01]
  [-5.67253353e-03 -2.21386388e-01 -1.04873270e-01]
  [-8.12063590e-02  1.50011212e-01  3.65211219e-02]
  [-1.04234971e-01  5.39079964e-01  1.82263926e-01]
  [-1.16054267e-01 -3.41823637e-01  4.76515740e-01]
  [-2.04004366e-02 -5.00204265e-01  3.13998073e-01]
  [-8.54119509e-02 -6.58501208e-01  1.13628425e-01]
  [-1.39631629e-01 -6.35310233e-01 -1.52024955e-01]
  [-8.58540013e-02 -3.90226811e-01 -2.37705231e-01]
  [-1.62086442e-01 -1.64854780e-01 -2.06724286e-01]
  [-1.44390091e-01 -7.02237487e-01 -1.45411873e-02]
  [-2.26523250e-01 -8.98848712e-01  6.87104533e-04]
  [-3.04663986e-01 -7.74964690e-01  4.32957262e-02]
  [-3.01100254e-01 -8.19058001e-01  1.86961144e-03]
  [-2.75428563e-01 -8.24256897e-01  6.17825389e-02]
  [-2.30644286e-01 -8.26912284e-01 -6.83365241e-02]
  [-1.76759958e-01 -8.39918554e-01  5.97570240e-02]]]