[[[-0.38948277  0.37366864  0.53743607]
  [-0.19424434  0.16372338  0.17073946]
  [-0.09898708 -0.18725076 -0.04663812]
  [ 0.10329206 -0.26017898  0.04715333]
  [ 0.13667585  0.08816759  0.3088287 ]
  [ 0.09729359  0.29256743  0.72992766]
  [-0.29972404 -0.36618394 -0.32861832]
  [-0.3862905  -0.36671606 -0.09295201]
  [-0.18691877 -0.55122554 -0.16983081]
  [ 0.0757265  -0.6277815  -0.08236842]
  [ 0.24021932 -0.5283915   0.12683211]
  [ 0.25438502 -0.41006005 -0.08420617]
  [-0.05767966 -0.6388005  -0.16520508]
  [-0.08038933 -0.8198864  -0.21373679]
  [-0.05822777 -0.72800255 -0.33147123]
  [-0.03465747 -0.77446675 -0.29968464]
  [-0.09892446 -0.76146716 -0.2996942 ]
  [ 0.00351596 -0.76433283 -0.2107534 ]
  [-0.13267404 -0.7413364  -0.2098558 ]]]