[[[-0.41816697  0.3133459   0.5746298 ]
  [-0.21739718  0.12693611  0.2020631 ]
  [-0.10062036 -0.19330332 -0.04425867]
  [ 0.10976896 -0.24910434  0.04458902]
  [ 0.06488574  0.06949728  0.3359728 ]
  [-0.0151539   0.2816404   0.7437498 ]
  [-0.22930281 -0.39056218 -0.34949496]
  [-0.3523293  -0.34563363 -0.13752022]
  [-0.1653673  -0.5539879  -0.17591746]
  [ 0.10202972 -0.6180476  -0.09284166]
  [ 0.2805087  -0.4912558   0.08746679]
  [ 0.20581332 -0.39062795 -0.11793388]
  [-0.03504128 -0.6396749  -0.16644149]
  [-0.05851793 -0.822641   -0.19394182]
  [-0.03374337 -0.7472452  -0.32296348]
  [-0.01054989 -0.78892136 -0.28452986]
  [-0.07506164 -0.77642    -0.28824416]
  [ 0.0249178  -0.76684105 -0.19630627]
  [-0.11086906 -0.74434376 -0.20224643]]]