[[[ 0.07398398  0.51482904  0.27932402]
  [ 0.01220792  0.12119608  0.18130843]
  [-0.00576183 -0.28404224  0.12501858]
  [-0.01995907 -0.22756092 -0.10071173]
  [-0.13022539  0.12576093  0.05919359]
  [-0.13534768  0.519843    0.18010566]
  [-0.171779   -0.58667296  0.23102365]
  [ 0.03834251 -0.5150242   0.29613012]
  [ 0.01914933 -0.6888687   0.10623446]
  [-0.03701069 -0.69315004 -0.16142926]
  [-0.17756206 -0.5074136  -0.27339265]
  [-0.26260912 -0.67847884 -0.15229312]
  [-0.02025425 -0.7440135  -0.01877435]
  [-0.05168498 -0.9484118   0.02230592]
  [-0.14417966 -0.8376862   0.07930856]
  [-0.14180622 -0.885603    0.04189884]
  [-0.09841505 -0.8762106   0.09037573]
  [-0.09505473 -0.8889693  -0.04907367]
  [-0.00214328 -0.87123555  0.05734898]]]