[[[-0.09721717  0.57438064  0.3672981 ]
  [-0.04131541  0.22502732  0.07186383]
  [-0.10902204 -0.19525592 -0.03987427]
  [ 0.10212345 -0.25498274  0.04190519]
  [ 0.18919647  0.14977747  0.18032467]
  [ 0.29631087  0.4484439   0.5234974 ]
  [-0.21386105 -0.10809536 -0.36878127]
  [-0.21866293 -0.28651547 -0.18063536]
  [-0.13473277 -0.5514106  -0.20027359]
  [ 0.1270038  -0.5857922  -0.10292705]
  [ 0.20012508 -0.36749482  0.05643774]
  [ 0.26113266 -0.12753385  0.0013912 ]
  [ 0.00180931 -0.629718   -0.18605942]
  [ 0.01821878 -0.8221289  -0.22749433]
  [-0.02193824 -0.7310482  -0.33747768]
  [ 0.02072888 -0.7702595  -0.31848928]
  [-0.04013756 -0.7715385  -0.29536363]
  [ 0.08500007 -0.75026894 -0.24742982]
  [-0.04460901 -0.7577093  -0.20111495]]]