[[[ 0.14146401  0.10303163  0.47837555]
  [-0.19672507  0.06713681  0.20763552]
  [-0.0127107  -0.2714994   0.13690668]
  [ 0.0203094  -0.20587847 -0.12449043]
  [-0.25812873  0.0197717  -0.02917523]
  [ 0.04565109  0.24635772  0.1869941 ]
  [-0.54697144  0.1398343   0.27626383]
  [-0.40377367 -0.09469188  0.2763431 ]
  [-0.37442392 -0.33917063  0.16281827]
  [-0.42955306 -0.26958376 -0.07492079]
  [-0.4728764  -0.00138232 -0.07517508]
  [-0.5848344   0.22818482  0.0087875 ]
  [-0.43857333 -0.3273877   0.04750349]
  [-0.6334994  -0.38954774  0.06760919]
  [-0.5948196  -0.23939013  0.07371075]
  [-0.6234145  -0.28042677  0.04091098]
  [-0.6153531  -0.28428572  0.10689849]
  [-0.5770625  -0.35539752 -0.00811739]
  [-0.562002   -0.37072775  0.13140836]]]