[[[-5.55752933e-01  5.83619578e-03  6.27165556e-01]
  [-2.62527019e-01  9.32523981e-05  2.87621945e-01]
  [-5.86068369e-02 -1.17108807e-01 -5.92634603e-02]
  [ 8.71931165e-02 -2.57975489e-01  5.33068180e-02]
  [ 2.32855938e-02 -4.20347340e-02  4.18064982e-01]
  [-1.79153353e-01 -1.05231233e-01  8.14289093e-01]
  [-8.09447020e-02 -2.08343312e-01 -5.55288136e-01]
  [-2.10818470e-01 -1.89382195e-01 -3.54368806e-01]
  [-8.36025402e-02 -4.21360493e-01 -3.22074592e-01]
  [ 1.05938666e-01 -5.22179008e-01 -1.74274474e-01]
  [ 2.44788989e-01 -4.06814784e-01  2.77514998e-02]
  [ 3.05196434e-01 -2.83635825e-01 -1.60047799e-01]
  [ 1.03041641e-02 -5.17573357e-01 -2.78702497e-01]
  [-4.65445556e-02 -6.72341406e-01 -3.15691262e-01]
  [ 4.72386368e-02 -6.18251204e-01 -4.17387962e-01]
  [ 4.05538008e-02 -6.62314713e-01 -3.78612578e-01]
  [-9.10536200e-03 -6.32601976e-01 -4.06993419e-01]
  [ 3.97859178e-02 -6.44092441e-01 -2.85985470e-01]
  [-6.19812123e-02 -5.89565754e-01 -3.43472481e-01]]]