[[[ 0.06033231  0.5326275   0.16205037]
  [-0.02912434  0.12349655  0.17794175]
  [ 0.04294107 -0.28692833  0.1086095 ]
  [-0.06176771 -0.23515907 -0.08231213]
  [-0.04239327  0.17039321 -0.0076018 ]
  [ 0.0628347   0.5815982  -0.02583919]
  [-0.01088577 -0.24805585  0.32004526]
  [ 0.0057049  -0.47941685  0.22023156]
  [-0.10257756 -0.6859868   0.10270042]
  [-0.17168525 -0.6339226  -0.16425133]
  [-0.10815811 -0.3818738  -0.21606815]
  [-0.15049627 -0.15134169 -0.13437124]
  [-0.17459792 -0.716076   -0.03416676]
  [-0.30495885 -0.8883082  -0.0640801 ]
  [-0.34051841 -0.76439214  0.01616709]
  [-0.34983772 -0.7962271  -0.03600884]
  [-0.32432747 -0.82417786  0.01758515]
  [-0.28739238 -0.8037843  -0.11474048]
  [-0.23289317 -0.8655362   0.00230315]]]