[[[-0.26925787  0.43086645  0.5153624 ]
  [-0.12675795  0.18742652  0.16404445]
  [-0.08740015 -0.17069286 -0.05847893]
  [ 0.09211527 -0.2614314   0.05930962]
  [ 0.16837992  0.08977575  0.28787974]
  [ 0.15078974  0.29358658  0.6951033 ]
  [-0.23159315 -0.28537166 -0.3709074 ]
  [-0.35877618 -0.3334998  -0.1673501 ]
  [-0.1636846  -0.5164294  -0.21789445]
  [ 0.07803302 -0.59012806 -0.10618275]
  [ 0.20820303 -0.4445115   0.08958296]
  [ 0.18447341 -0.30813432 -0.10508394]
  [-0.04272727 -0.6015073  -0.19844255]
  [-0.06429615 -0.77665293 -0.25705725]
  [-0.03317751 -0.67646456 -0.36401057]
  [-0.01237473 -0.72533923 -0.33622038]
  [-0.07567388 -0.7110532  -0.33896804]
  [ 0.01848087 -0.7249402  -0.24447154]
  [-0.11368095 -0.6987029  -0.251182  ]]]