[[[-0.22021519  0.42301363  0.10081039]
  [-0.30750793  0.04387505  0.00510435]
  [-0.07431817 -0.23375198  0.10567294]
  [ 0.06966364 -0.21210262 -0.07666476]
  [ 0.00925359  0.18557307 -0.06654982]
  [ 0.2020859   0.53348976  0.04810369]
  [-0.3564506  -0.5992273   0.48459613]
  [-0.20651345 -0.5399773   0.3185913 ]
  [-0.09122109 -0.6020332   0.1132759 ]
  [-0.01185297 -0.6745521  -0.05919871]
  [-0.05483569 -0.8952018  -0.13924046]
  [-0.1150915  -1.1039805  -0.05660448]
  [-0.06753489 -0.6588593   0.02050905]
  [-0.12698813 -0.82623494  0.05586301]
  [-0.22463273 -0.73458886 -0.01287055]
  [-0.1949687  -0.78381544 -0.02028183]
  [-0.21118343 -0.7601541   0.03747073]
  [-0.09717777 -0.78965545 -0.02695568]
  [-0.13345934 -0.7406392   0.09351896]]]