[[[-0.31212372 -0.04463545  0.8063668 ]
  [-0.18483154 -0.02098789  0.36456475]
  [-0.11390893 -0.1787507  -0.00201692]
  [ 0.11420216 -0.21960981 -0.01123804]
  [ 0.13643768 -0.00595032  0.36575907]
  [ 0.17829816  0.05587818  0.82271874]
  [-0.36843753 -0.38951793 -0.16614997]
  [-0.33836797 -0.37683612  0.07491301]
  [-0.21188396 -0.5175457  -0.12598115]
  [ 0.04483027 -0.5578877  -0.21540268]
  [ 0.27867037 -0.40757632 -0.18077493]
  [ 0.11704741 -0.31840438 -0.32590014]
  [-0.10195486 -0.58583003 -0.19912605]
  [-0.12248105 -0.75472385 -0.19868322]
  [-0.17894587 -0.6964197  -0.32427654]
  [-0.13599516 -0.7329866  -0.30289865]
  [-0.19246385 -0.7225368  -0.27184188]
  [-0.06225704 -0.6989971  -0.25302014]
  [-0.17669207 -0.68216217 -0.18669596]]]