[[[-0.33818394  0.3644525   0.57623935]
  [-0.19190645  0.14877191  0.20138215]
  [-0.10508269 -0.18714964 -0.03624589]
  [ 0.10993553 -0.24062943  0.03476343]
  [ 0.13376734  0.12220918  0.26885688]
  [ 0.152984    0.36756295  0.6581386 ]
  [-0.25331998 -0.34497997 -0.33745137]
  [-0.34393793 -0.34068775 -0.10759619]
  [-0.1622464  -0.53604734 -0.17646168]
  [ 0.10398211 -0.5898118  -0.11805093]
  [ 0.29123548 -0.42655635  0.00843612]
  [ 0.23252341 -0.33477238 -0.20471415]
  [-0.03352051 -0.6147405  -0.1773013 ]
  [-0.06475358 -0.79076594 -0.20022845]
  [-0.04321823 -0.71769834 -0.32949793]
  [-0.02042082 -0.7604975  -0.29339147]
  [-0.08364014 -0.74440867 -0.29332945]
  [ 0.01985992 -0.74080455 -0.20818397]
  [-0.11182784 -0.7115212  -0.2072278 ]]]