[[[-0.23179413  0.4826472   0.49893153]
  [-0.08282748  0.21062788  0.15519467]
  [-0.09066242 -0.17099604 -0.05638747]
  [ 0.09172646 -0.26018178  0.05039657]
  [ 0.16135249  0.11026988  0.2740547 ]
  [ 0.1939733   0.37169093  0.65992564]
  [-0.16219515 -0.19180253 -0.40882218]
  [-0.2341253  -0.26037124 -0.17633116]
  [-0.15828809 -0.52864015 -0.19599229]
  [ 0.07500431 -0.5955256  -0.06121954]
  [ 0.11637108 -0.4178063   0.14844549]
  [ 0.1855418  -0.19742519  0.06471117]
  [-0.04247405 -0.626576   -0.15810598]
  [-0.05937506 -0.80556774 -0.13194457]
  [-0.09521525 -0.7624959  -0.269064  ]
  [-0.05911937 -0.79959613 -0.23713061]
  [-0.11559907 -0.77691555 -0.21355736]
  [ 0.01610133 -0.76622975 -0.18584773]
  [-0.1035732  -0.72596407 -0.13576016]]]