[[[-0.35665098 -0.7121498   0.61476225]
  [-0.19345427 -0.31955275  0.39421353]
  [-0.1035669  -0.1188077   0.02293415]
  [ 0.11272682 -0.20036516 -0.01999687]
  [ 0.12172116 -0.32515067  0.41149512]
  [ 0.10909624 -0.6509408   0.76399726]
  [-0.386904   -0.2381142  -0.5422172 ]
  [-0.42532086 -0.17137843 -0.30373022]
  [-0.1751381  -0.2726456  -0.3529878 ]
  [ 0.07372727 -0.27553108 -0.38246816]
  [ 0.30030143 -0.11241145 -0.36809817]
  [ 0.13798714 -0.00852323 -0.51399887]
  [-0.05207355 -0.29300705 -0.40639654]
  [-0.04343798 -0.4150128  -0.5127857 ]
  [-0.06406306 -0.28388292 -0.5756441 ]
  [-0.02631727 -0.32910958 -0.5733725 ]
  [-0.09027641 -0.3357762  -0.565201  ]
  [ 0.0189121  -0.34596965 -0.4941483 ]
  [-0.10673081 -0.3651908  -0.47918293]]]