[[[ 0.14326073  0.63355553  0.06766868]
  [ 0.15481931  0.16661932  0.01375211]
  [ 0.04588187 -0.25306225 -0.09791061]
  [-0.03884098 -0.2541159   0.145367  ]
  [-0.06369853  0.19477966  0.10179076]
  [-0.28924137  0.6133476   0.04917127]
  [ 0.12231537 -0.14650497 -0.27919242]
  [ 0.05796125 -0.40932685 -0.23334906]
  [ 0.10024451 -0.66865623 -0.11220678]
  [ 0.02766257 -0.6833476   0.17655951]
  [-0.03627309 -0.42089343  0.28651434]
  [ 0.03086298 -0.17083     0.36748266]
  [ 0.09107788 -0.74205714  0.03719508]
  [ 0.14577352 -0.94977427  0.01513949]
  [ 0.24266848 -0.8518982   0.08662379]
  [ 0.20354408 -0.8999985   0.09430464]
  [ 0.23091204 -0.8851091   0.03522483]
  [ 0.10214948 -0.8959777   0.09146786]
  [ 0.16149354 -0.8643594  -0.03737252]]]