[[[-0.15721878  0.5034684   0.22140768]
  [-0.18110205  0.14964695 -0.0363957 ]
  [-0.1159505  -0.25791374  0.05666181]
  [ 0.10044783 -0.27415588 -0.02644596]
  [ 0.19125453  0.13121556 -0.09841625]
  [ 0.40670913  0.47987664  0.08587617]
  [-0.23535752 -0.18931255 -0.04932922]
  [-0.20352119 -0.39027083  0.11346538]
  [-0.18212703 -0.6613037   0.07679958]
  [ 0.07184555 -0.70157146 -0.04808025]
  [ 0.19345573 -0.4545456  -0.03248423]
  [ 0.2411328  -0.2516602  -0.17756318]
  [-0.07758082 -0.7523209  -0.00351625]
  [-0.13336265 -0.9611794   0.00548238]
  [-0.23418736 -0.84828883 -0.00810884]
  [-0.21164261 -0.899886   -0.03381143]
  [-0.20280564 -0.88741684  0.03017318]
  [-0.1219211  -0.90628445 -0.08407723]
  [-0.10795135 -0.88196033  0.05840695]]]