[[[-0.03235285  0.44743338  0.5179752 ]
  [-0.04584045  0.17878142  0.17963319]
  [-0.10153334 -0.17516083 -0.03832676]
  [ 0.10275426 -0.25389248  0.03878987]
  [ 0.15743874  0.11641931  0.22453472]
  [ 0.19742201  0.412607    0.5439642 ]
  [-0.34140718 -0.17415562 -0.30903026]
  [-0.34663177 -0.31735355 -0.11887521]
  [-0.19247298 -0.5166125  -0.20354274]
  [ 0.0597393  -0.5817897  -0.14418262]
  [ 0.16711476 -0.38931662  0.00236747]
  [ 0.17865437 -0.2520875  -0.18423928]
  [-0.07243796 -0.600933   -0.20851946]
  [-0.10946456 -0.78058916 -0.23646805]
  [-0.11090022 -0.6935771  -0.35905236]
  [-0.08310613 -0.73987824 -0.33331892]
  [-0.14403293 -0.72354823 -0.3195273 ]
  [-0.02679215 -0.73104835 -0.25512588]
  [-0.15464632 -0.70136076 -0.22719388]]]