[[[-0.03099361  0.4401527   0.37470967]
  [-0.13117363  0.10474488  0.16262218]
  [-0.05517214 -0.29031065  0.10588406]
  [ 0.03302092 -0.24176429 -0.09564197]
  [ 0.0485782   0.15278766  0.0104495 ]
  [ 0.15403299  0.5298387   0.14259154]
  [-0.0111004  -0.33606613  0.38424668]
  [ 0.03343412 -0.5411932   0.25614703]
  [-0.03497518 -0.7165972   0.07687705]
  [-0.01977477 -0.7013987  -0.18212375]
  [ 0.10963996 -0.4828748  -0.23829617]
  [ 0.13629551 -0.24669218 -0.26263472]
  [-0.0633316  -0.7650468  -0.05631658]
  [-0.10012519 -0.9709571  -0.05812856]
  [-0.20243025 -0.88001895  0.01291604]
  [-0.1932033  -0.91880226 -0.0343269 ]
  [-0.15439035 -0.91904706  0.01864737]
  [-0.14027423 -0.8981749  -0.11904745]
  [-0.05847714 -0.90140927 -0.00254671]]]