[[[ 2.44239569e-02  4.97815788e-01  3.65003347e-01]
  [-4.72790971e-02  1.34434715e-01  1.78911060e-01]
  [-6.34583384e-02 -2.68857867e-01  1.04384825e-01]
  [ 3.55082266e-02 -2.14715272e-01 -9.69568267e-02]
  [-1.66155547e-02  1.71308070e-01  2.17654370e-02]
  [ 3.77303455e-04  5.66603661e-01  1.46326050e-01]
  [-2.51013160e-01 -3.83601487e-01  2.70714164e-01]
  [-3.29307877e-02 -4.87388879e-01  2.62460053e-01]
  [-1.90688893e-02 -6.66244507e-01  7.79668838e-02]
  [-4.59937267e-02 -6.53515220e-01 -1.86347306e-01]
  [-2.19111010e-01 -4.64978158e-01 -2.31312215e-01]
  [-4.32670176e-01 -3.95929992e-01 -1.38671905e-01]
  [-3.66131961e-02 -7.15502024e-01 -5.50761968e-02]
  [-5.38578108e-02 -9.23022985e-01 -5.21112159e-02]
  [-1.73987716e-01 -8.32377017e-01 -2.45412327e-02]
  [-1.51008874e-01 -8.71594131e-01 -6.37023151e-02]
  [-1.34443402e-01 -8.69643807e-01 -4.99412417e-04]
  [-7.13482648e-02 -8.54367256e-01 -1.22468732e-01]
  [-3.64074260e-02 -8.52387428e-01  1.15357637e-02]]]