[[[-0.37258628  0.19626293  0.6881943 ]
  [-0.16534519  0.13860437  0.2707677 ]
  [-0.08562562 -0.14523786 -0.05019797]
  [ 0.09398095 -0.26456353  0.04096947]
  [ 0.11772759  0.00143353  0.3916956 ]
  [ 0.07049844  0.0357742   0.8617654 ]
  [-0.25075328 -0.31128854 -0.53112483]
  [-0.30506507 -0.24152127 -0.2975008 ]
  [-0.14190683 -0.46817988 -0.2847373 ]
  [ 0.0877948  -0.5688729  -0.1585129 ]
  [ 0.23204637 -0.49825823  0.07290857]
  [ 0.29650408 -0.37120435 -0.12081458]
  [-0.02538674 -0.56265604 -0.261155  ]
  [-0.04849588 -0.7319923  -0.32384744]
  [-0.00753514 -0.6331639  -0.42638206]
  [ 0.00901549 -0.68394345 -0.3987769 ]
  [-0.05323664 -0.66587675 -0.4040299 ]
  [ 0.03668042 -0.68457264 -0.3072068 ]
  [-0.09377585 -0.6528662  -0.3193071 ]]]