[[[ 0.01896078  0.22143953  0.31436682]
  [-0.26933905 -0.01756923  0.17182788]
  [ 0.01099748 -0.25910106  0.13238819]
  [ 0.00728902 -0.21857594 -0.11731683]
  [-0.29295292 -0.03528597 -0.07366118]
  [-0.03317399  0.2383956   0.0715638 ]
  [-0.14844851 -0.23188244  0.58020663]
  [-0.16287425 -0.3880712   0.38184023]
  [-0.28203976 -0.48293895  0.16855764]
  [-0.3688398  -0.3935816  -0.06602304]
  [-0.31806228 -0.15057689 -0.15935373]
  [-0.3335789   0.095158   -0.12733847]
  [-0.3665259  -0.46318445  0.06082518]
  [-0.530528   -0.57391864  0.0589947 ]
  [-0.52642936 -0.45085335  0.14908934]
  [-0.55189973 -0.47259656  0.10098957]
  [-0.5265081  -0.50901955  0.14931026]
  [-0.50500184 -0.49071333  0.01393511]
  [-0.45239207 -0.5684946   0.11639839]]]