[[[-0.08452436  0.5433984   0.43588385]
  [-0.0357876   0.20320842  0.13837346]
  [-0.07834441 -0.17627317 -0.07173483]
  [ 0.08310978 -0.26730394  0.08638365]
  [ 0.17044298  0.13057536  0.22713365]
  [ 0.18296573  0.46122476  0.54512334]
  [-0.36415184 -0.48104313 -0.66217303]
  [-0.29790053 -0.44941172 -0.41844445]
  [-0.16677791 -0.57102    -0.21400999]
  [ 0.0173866  -0.64285934 -0.03514338]
  [ 0.15230934 -0.48540494  0.14366132]
  [ 0.34370047 -0.3539034   0.05802382]
  [-0.07902645 -0.65039027 -0.14837344]
  [-0.13996002 -0.81991893 -0.17222309]
  [-0.06309381 -0.76248527 -0.29043302]
  [-0.06202635 -0.8049731  -0.24758044]
  [-0.11744357 -0.77745175 -0.26863334]
  [-0.04872968 -0.78747964 -0.15102914]
  [-0.16627799 -0.73095185 -0.19669081]]]