[[[-0.11623067  0.44827524  0.32918137]
  [-0.19877183  0.09532403  0.13450015]
  [-0.05267645 -0.2942099   0.1051896 ]
  [ 0.04239379 -0.22737944 -0.09208761]
  [-0.12071993  0.14835788 -0.03267494]
  [ 0.02085649  0.51245326  0.11108641]
  [-0.16340613 -0.35686636  0.24774687]
  [ 0.0464886  -0.47583225  0.24298006]
  [ 0.08564683 -0.68407464  0.08988202]
  [ 0.12941323 -0.6442436  -0.18469943]
  [ 0.07729592 -0.38891205 -0.23526774]
  [-0.12256214 -0.25895622 -0.24505311]
  [ 0.10404261 -0.7333694  -0.05343729]
  [ 0.11449012 -0.9485141  -0.04704358]
  [-0.01484396 -0.8720855  -0.01659513]
  [ 0.01181132 -0.91061825 -0.0550735 ]
  [ 0.03330486 -0.9021602   0.00618136]
  [ 0.08401025 -0.8864021  -0.122691  ]
  [ 0.12850527 -0.8704057   0.01106235]]]