[[[-0.7116109  -0.2549111   0.4572208 ]
  [-0.3423327  -0.12292423  0.2469977 ]
  [-0.03779797 -0.07658956 -0.03478224]
  [ 0.08237722 -0.25255793  0.05094727]
  [-0.16238101 -0.19288346  0.3996934 ]
  [-0.48215973 -0.35038766  0.6683662 ]
  [ 0.12537502 -0.12297429 -0.6110995 ]
  [-0.02635682 -0.05811575 -0.44385368]
  [ 0.01136446 -0.30215263 -0.3831393 ]
  [ 0.14356066 -0.43142965 -0.25034213]
  [ 0.26334956 -0.3993912  -0.02011019]
  [ 0.37044966 -0.27345437 -0.17300272]
  [ 0.0828409  -0.3955876  -0.3498597 ]
  [ 0.05652731 -0.51196104 -0.4639561 ]
  [ 0.18688805 -0.4409619  -0.46769157]
  [ 0.16401178 -0.49421212 -0.46009493]
  [ 0.13828874 -0.44976985 -0.4980852 ]
  [ 0.10741387 -0.5083997  -0.38912952]
  [ 0.05712263 -0.42666122 -0.46387178]]]