[[[ 0.12849742  0.5800411   0.23081474]
  [ 0.13984287  0.20591392  0.00187449]
  [-0.03916791 -0.15964216 -0.08905672]
  [ 0.03876109 -0.2681674   0.10207526]
  [ 0.16722172  0.09468072  0.26858094]
  [ 0.12461763  0.41774204  0.572369  ]
  [ 0.12473398 -0.38985237 -0.43598604]
  [-0.06925334 -0.29042327 -0.34092873]
  [-0.12813786 -0.5184924  -0.22282203]
  [-0.02549839 -0.59963596  0.01032222]
  [ 0.02676053 -0.42828417  0.20864928]
  [ 0.2178257  -0.32173532  0.13277398]
  [-0.08095804 -0.61459553 -0.12543647]
  [-0.11320166 -0.80053973 -0.13714081]
  [-0.05198203 -0.7326882  -0.25181928]
  [-0.04217467 -0.7741943  -0.21172422]
  [-0.10099252 -0.75678396 -0.23123264]
  [-0.03057952 -0.7545293  -0.11789808]
  [-0.1521158  -0.7224722  -0.16125725]]]