[[[-0.40020546  0.08356489  0.7306063 ]
  [-0.21867423  0.04393063  0.30971915]
  [-0.10553481 -0.16925712 -0.02685275]
  [ 0.11428985 -0.2355885   0.01736376]
  [ 0.08731743  0.02131309  0.37052196]
  [ 0.04508698  0.12401818  0.81972814]
  [-0.40145817 -0.3261553  -0.28931382]
  [-0.376185   -0.36866283 -0.04900417]
  [-0.19267344 -0.5108192  -0.19552562]
  [ 0.07725301 -0.56941617 -0.17666194]
  [ 0.26449856 -0.4485862  -0.01020698]
  [ 0.17399472 -0.28032207 -0.15162542]
  [-0.06644635 -0.58831143 -0.22021335]
  [-0.09238857 -0.7566982  -0.21541448]
  [-0.09221217 -0.70878184 -0.3574593 ]
  [-0.06259153 -0.74349976 -0.31787038]
  [-0.126401   -0.7302733  -0.3125652 ]
  [-0.01350488 -0.7056645  -0.24522388]
  [-0.1447415  -0.6829792  -0.23148184]]]