[[[-0.16517262  0.35959476  0.63499296]
  [ 0.00262321  0.1249728   0.29735225]
  [ 0.0441787  -0.10517215 -0.05695329]
  [-0.02035281 -0.2968717   0.05988583]
  [ 0.05609845 -0.10386026  0.4284256 ]
  [-0.13667569  0.01511698  0.81518906]
  [ 0.21593714 -0.3359019  -0.5912354 ]
  [ 0.11012191 -0.1644634  -0.45993423]
  [-0.09262464 -0.31399143 -0.38292682]
  [-0.16652632 -0.4774251  -0.20432039]
  [-0.15127948 -0.49528778  0.06015319]
  [ 0.06061535 -0.5868367   0.04621757]
  [-0.14858219 -0.42517006 -0.3286035 ]
  [-0.2689628  -0.49154997 -0.43557742]
  [-0.13210535 -0.54773057 -0.45021993]
  [-0.1874195  -0.56245244 -0.43600297]
  [-0.17299736 -0.5141634  -0.47563475]
  [-0.22857417 -0.52809966 -0.3587617 ]
  [-0.20243737 -0.43231067 -0.44110787]]]