[[[ 0.30186367  0.46865186  0.05356228]
  [ 0.11055694  0.11557152  0.13619608]
  [ 0.07470075 -0.29772878  0.07569587]
  [-0.09267576 -0.23707187 -0.05141052]
  [-0.14225367  0.0979367   0.15207   ]
  [-0.14190441  0.5022472   0.23376903]
  [-0.06229902 -0.2601559   0.2580371 ]
  [ 0.01560917 -0.47423503  0.15913954]
  [-0.0337955  -0.70436174  0.06450678]
  [-0.19072264 -0.63608396 -0.15771785]
  [-0.16307499 -0.38037804 -0.15510848]
  [-0.21321356 -0.17908783 -0.02824814]
  [-0.13823633 -0.73808384 -0.05195822]
  [-0.21261173 -0.9424602  -0.07963666]
  [-0.23336565 -0.85926324  0.04432036]
  [-0.2597953  -0.8850748  -0.00551046]
  [-0.20176712 -0.90539646  0.01661363]
  [-0.253707   -0.8523025  -0.10070158]
  [-0.12741932 -0.8996155  -0.05039988]]]