[[[-0.05057507  0.45732763  0.51959836]
  [-0.00940122  0.18607548  0.16775663]
  [-0.08272971 -0.17499888 -0.06626642]
  [ 0.08852771 -0.26271945  0.07158923]
  [ 0.14040323  0.13860294  0.21519475]
  [ 0.14153935  0.43630755  0.55521995]
  [-0.32902142 -0.10953291 -0.43427026]
  [-0.27304363 -0.30781114 -0.2883571 ]
  [-0.12810135 -0.5349671  -0.2529028 ]
  [ 0.08185356 -0.59932095 -0.09576887]
  [ 0.0752387  -0.38976943  0.06882379]
  [ 0.10970759 -0.15574026  0.00608006]
  [-0.01544963 -0.61834794 -0.20989153]
  [-0.03550101 -0.79621327 -0.27872503]
  [ 0.02174399 -0.69163895 -0.3706027 ]
  [ 0.03415835 -0.7425234  -0.3407706 ]
  [-0.02607073 -0.72556233 -0.3573998 ]
  [ 0.04293633 -0.74857056 -0.24419267]
  [-0.08337451 -0.7153842  -0.28048036]]]