[[[-3.11703175e-01  1.89005837e-01  7.11736262e-01]
  [-1.90969884e-01  1.04112253e-01  2.73892552e-01]
  [-1.15767151e-01 -1.99269190e-01 -8.40718020e-03]
  [ 1.16461515e-01 -2.31442288e-01  4.79037315e-03]
  [ 1.12544805e-01  4.95722368e-02  3.38391334e-01]
  [ 1.29110411e-01  2.05299735e-01  7.77165294e-01]
  [-3.35789979e-01 -2.48118907e-01 -1.69424310e-01]
  [-2.81352133e-01 -3.66846740e-01  4.28872034e-02]
  [-1.85973406e-01 -5.57304382e-01 -1.35381505e-01]
  [ 9.50402766e-02 -5.88815749e-01 -1.69296712e-01]
  [ 2.49698892e-01 -4.05640423e-01 -2.36614943e-02]
  [ 1.16130628e-01 -2.51493394e-01 -1.54462159e-01]
  [-5.61180636e-02 -6.31231785e-01 -1.83695078e-01]
  [-7.15945214e-02 -8.04570377e-01 -1.61499932e-01]
  [-1.01274937e-01 -7.68762767e-01 -3.05700868e-01]
  [-6.22806847e-02 -7.98431993e-01 -2.69141734e-01]
  [-1.25039041e-01 -7.86567032e-01 -2.52592236e-01]
  [ 3.47584486e-04 -7.52693534e-01 -2.10009411e-01]
  [-1.30823120e-01 -7.31358707e-01 -1.72502279e-01]]]