[[[-0.1929972   0.56585693 -0.23589219]
  [-0.09002353  0.1424748  -0.20035712]
  [-0.08527967 -0.24945056 -0.05724327]
  [ 0.0899026  -0.20727603  0.09653192]
  [ 0.16252565  0.15625452 -0.09031558]
  [ 0.17490377  0.59768945 -0.1050172 ]
  [-0.18468855 -0.23974279 -0.29589802]
  [-0.2116119  -0.39187858 -0.1070707 ]
  [-0.07375217 -0.6112108  -0.04175398]
  [ 0.12744862 -0.59588516  0.13767856]
  [ 0.10649596 -0.34395495  0.21812615]
  [ 0.1738766  -0.1664818   0.07225636]
  [ 0.04177676 -0.6656789   0.03264412]
  [ 0.03943091 -0.8616687   0.01445994]
  [ 0.0952092  -0.7779763  -0.09754645]
  [ 0.10968791 -0.81876224 -0.0561476 ]
  [ 0.04913675 -0.8109659  -0.07862494]
  [ 0.11302917 -0.8016449   0.04011494]
  [-0.01405131 -0.787893   -0.00908395]]]