[[[-0.1260648   0.4080228   0.5860868 ]
  [-0.11270783  0.13328424  0.24585097]
  [-0.116095   -0.19521762 -0.01148985]
  [ 0.114894   -0.23521729  0.01073928]
  [ 0.14972718  0.11904263  0.23543021]
  [ 0.19899888  0.40178937  0.56977963]
  [-0.5019967  -0.43831226 -0.15399598]
  [-0.3699095  -0.47745475  0.03910823]
  [-0.18756637 -0.58792305 -0.11606207]
  [ 0.07367127 -0.6005909  -0.1390605 ]
  [ 0.19959489 -0.39688927 -0.02502379]
  [ 0.13336025 -0.27685592 -0.2117256 ]
  [-0.06636062 -0.6424496  -0.1574628 ]
  [-0.09534898 -0.82004493 -0.15700409]
  [-0.1315814  -0.7519098  -0.28701085]
  [-0.09478291 -0.7922708  -0.2626329 ]
  [-0.1528399  -0.77765614 -0.23759097]
  [-0.02326368 -0.76850665 -0.20125218]
  [-0.14440972 -0.7420666  -0.14864728]]]