[[[-0.39100885 -0.07539676  0.7812841 ]
  [-0.2257649  -0.04422077  0.35830763]
  [-0.10658714 -0.15091643 -0.02619308]
  [ 0.11944366 -0.21997535  0.027487  ]
  [ 0.04780155 -0.0701476   0.42395565]
  [-0.02574608 -0.0533972   0.8759259 ]
  [-0.36962762 -0.24915256 -0.39503622]
  [-0.3438491  -0.30412644 -0.16145337]
  [-0.15018824 -0.4750184  -0.24461357]
  [ 0.10635537 -0.53517085 -0.22151923]
  [ 0.33746544 -0.48242718 -0.08269423]
  [ 0.37293452 -0.3123934  -0.23981367]
  [-0.02880288 -0.54619056 -0.26099783]
  [-0.07488912 -0.7008759  -0.2460301 ]
  [-0.05206949 -0.6681931  -0.39020532]
  [-0.03200407 -0.70224905 -0.34631544]
  [-0.09358758 -0.68131155 -0.35110894]
  [ 0.01179437 -0.6641787  -0.27036065]
  [-0.11475843 -0.6252465  -0.27784684]]]