[[[-0.22512937  0.4899867   0.04499222]
  [-0.26862532  0.08495584 -0.02013286]
  [-0.09672878 -0.21831653  0.07963899]
  [ 0.08639412 -0.22502477 -0.06516639]
  [ 0.18446049  0.14361939  0.09126332]
  [ 0.38039678  0.43931052  0.32386145]
  [-0.49554944 -0.8780042   0.30021998]
  [-0.33260965 -0.73774445  0.19872382]
  [-0.17779048 -0.62791866  0.03798205]
  [-0.03670731 -0.6232958  -0.14014827]
  [ 0.08409743 -0.46710292 -0.3016994 ]
  [ 0.08296784 -0.31303474 -0.47406846]
  [-0.13306181 -0.65784055 -0.05459658]
  [-0.18213    -0.838299   -0.05231287]
  [-0.28101364 -0.7397751  -0.10832468]
  [-0.24574682 -0.7845527  -0.12294974]
  [-0.2702893  -0.776569   -0.06370784]
  [-0.14890394 -0.78000176 -0.11931656]
  [-0.19999586 -0.76531076  0.00156991]]]