[[[-0.13336784  0.51142615  0.18184271]
  [-0.21449178  0.14133622  0.01514776]
  [-0.09927082 -0.24159627  0.07007418]
  [ 0.09264251 -0.21088776 -0.05559373]
  [-0.01011224  0.18663123 -0.06527747]
  [ 0.06049294  0.5630045   0.11359754]
  [-0.30866885 -0.28916347  0.19702664]
  [-0.10539582 -0.40530646  0.21943659]
  [-0.05876191 -0.611689    0.08343296]
  [ 0.04622885 -0.61442286 -0.15267853]
  [-0.10564242 -0.4349878  -0.26039955]
  [-0.3240649  -0.34469527 -0.30149084]
  [-0.00589027 -0.6689922  -0.0341854 ]
  [-0.03028525 -0.86452067 -0.01348924]
  [-0.12924431 -0.7777401  -0.08333819]
  [-0.09141445 -0.82156223 -0.09206601]
  [-0.11894207 -0.8088795  -0.03528602]
  [ 0.00478722 -0.8115536  -0.08562858]
  [-0.05314761 -0.7871425   0.03149302]]]