[[[-0.15064172  0.5060715   0.2218655 ]
  [-0.1909906   0.12294227  0.02009083]
  [-0.11292573 -0.2924688   0.07038337]
  [ 0.09756037 -0.27552113 -0.04074471]
  [ 0.18578586  0.12393316  0.02754289]
  [ 0.36185965  0.47778532  0.22374111]
  [-0.20283504 -0.27695712  0.17478156]
  [-0.11388005 -0.5077635   0.24924678]
  [-0.07703528 -0.7442664   0.11738797]
  [ 0.11123489 -0.799297   -0.08045165]
  [ 0.1670717  -0.949964   -0.29114977]
  [-0.01234489 -1.1276618  -0.24760875]
  [ 0.00234153 -0.8150427   0.00204396]
  [-0.05303263 -1.0262527  -0.02518114]
  [-0.14859773 -0.90982234 -0.07088952]
  [-0.11337138 -0.9592189  -0.08874831]
  [-0.13210413 -0.9517938  -0.02500463]
  [-0.00798133 -0.9629757  -0.10031049]
  [-0.05243793 -0.9478627   0.04529241]]]