[[[-0.31104046  0.1049929   0.75829506]
  [-0.1289462   0.11463897  0.3245279 ]
  [-0.08484431 -0.12647909 -0.03753641]
  [ 0.09104295 -0.26644742  0.02447547]
  [ 0.1515522  -0.05380818  0.4071995 ]
  [ 0.12577216 -0.10903943  0.8777925 ]
  [-0.30271643 -0.28842744 -0.54619604]
  [-0.3290068  -0.18762478 -0.31926847]
  [-0.17168209 -0.4157592  -0.30544096]
  [ 0.05661621 -0.53827876 -0.2124822 ]
  [ 0.24473503 -0.5183568  -0.00636277]
  [ 0.31602046 -0.3927097  -0.19783655]
  [-0.0599791  -0.5129613  -0.30031058]
  [-0.08963346 -0.6692426  -0.383765  ]
  [-0.05012598 -0.55787057 -0.4713021 ]
  [-0.03396852 -0.61233467 -0.45262504]
  [-0.09566519 -0.5926677  -0.45304233]
  [-0.00406521 -0.62667716 -0.3640707 ]
  [-0.13244575 -0.5917334  -0.3666951 ]]]