[[[-4.30939019e-01  1.73618183e-01  6.37827098e-01]
  [-2.01638445e-01  1.23109899e-01  2.46466190e-01]
  [-8.95147026e-02 -1.61113769e-01 -5.27551696e-02]
  [ 1.01972826e-01 -2.51446843e-01  4.81190011e-02]
  [ 6.52850121e-02  1.96533669e-02  3.84100765e-01]
  [-1.59315690e-02  1.23226821e-01  8.26042771e-01]
  [-2.49230817e-01 -1.94096982e-01 -4.76621330e-01]
  [-2.72452295e-01 -2.75457501e-01 -2.43327036e-01]
  [-1.07253432e-01 -4.92548287e-01 -2.74886131e-01]
  [ 1.35064885e-01 -5.64716399e-01 -1.63997322e-01]
  [ 3.08471084e-01 -4.79653895e-01  3.48993167e-02]
  [ 4.09233332e-01 -3.12504351e-01 -1.08617321e-01]
  [ 1.67817883e-02 -5.73007882e-01 -2.54022777e-01]
  [-7.91481289e-04 -7.45540142e-01 -2.97916770e-01]
  [ 2.44365409e-02 -6.55594170e-01 -4.14911985e-01]
  [ 4.65999395e-02 -7.02455640e-01 -3.84394526e-01]
  [-1.69571023e-02 -6.87394857e-01 -3.84290993e-01]
  [ 8.35028142e-02 -6.94015920e-01 -2.94884026e-01]
  [-4.98074666e-02 -6.66671574e-01 -2.96719611e-01]]]