[[[ 0.01139658  0.5102417   0.2662053 ]
  [ 0.00186343  0.0908986   0.2585282 ]
  [ 0.0951551  -0.26900464  0.05937885]
  [-0.10584258 -0.22290285 -0.03338137]
  [-0.10622858  0.12526162  0.18972544]
  [-0.06220756  0.5485326   0.21619894]
  [-0.05862179 -0.42418548  0.37631303]
  [ 0.07528727 -0.51867664  0.19103298]
  [ 0.04070736 -0.6765561  -0.01025793]
  [-0.1474139  -0.58880436 -0.1850687 ]
  [-0.1990045  -0.33651078 -0.1387091 ]
  [-0.31749234 -0.17948903  0.00353577]
  [-0.06948562 -0.692755   -0.11322683]
  [-0.13803463 -0.8819999  -0.1702736 ]
  [-0.19671969 -0.7999478  -0.06046993]
  [-0.20459515 -0.82005274 -0.11677773]
  [-0.16475514 -0.849017   -0.07473825]
  [-0.15606955 -0.79009306 -0.19564119]
  [-0.07053405 -0.8524016  -0.10519279]]]