[[[-0.49715662 -0.00608384  0.7074406 ]
  [-0.27537906  0.00419086  0.29276347]
  [-0.10743661 -0.19296399 -0.03020608]
  [ 0.11761174 -0.22914465  0.02290135]
  [ 0.04498225 -0.0046432   0.39201906]
  [-0.01094474  0.0621028   0.85918975]
  [-0.2339399  -0.3654413  -0.3483173 ]
  [-0.3022388  -0.31549037 -0.11308499]
  [-0.14447293 -0.53809273 -0.19526815]
  [ 0.1356565  -0.5831628  -0.15910587]
  [ 0.33481497 -0.41773227 -0.03555423]
  [ 0.19322775 -0.3136362  -0.20131992]
  [-0.01005903 -0.6182019  -0.2040577 ]
  [-0.02490692 -0.78971    -0.18649665]
  [-0.0254627  -0.755627   -0.33345062]
  [ 0.00601189 -0.784169   -0.28948605]
  [-0.05925834 -0.7738081  -0.2860743 ]
  [ 0.05388307 -0.736198   -0.21947345]
  [-0.082443   -0.71839595 -0.20925477]]]