[[[-0.2602838   0.60491973  0.17635556]
  [-0.11053585  0.2029858  -0.00178708]
  [-0.09632224 -0.23565847 -0.06020685]
  [ 0.10019362 -0.24074703  0.08440266]
  [ 0.15097596  0.18644966  0.10479397]
  [ 0.20772786  0.62972796  0.2394103 ]
  [-0.3115758  -0.14073394 -0.15050134]
  [-0.22328712 -0.39143854 -0.10775831]
  [-0.0826591  -0.633197   -0.12283283]
  [ 0.15493265 -0.6405833   0.02765163]
  [ 0.19716257 -0.3936813   0.15488301]
  [ 0.26850426 -0.13923615  0.15875675]
  [ 0.05081237 -0.6997613  -0.07118062]
  [ 0.02503575 -0.8949536  -0.07844529]
  [ 0.11392867 -0.8376954  -0.18994936]
  [ 0.11270617 -0.87345517 -0.13912144]
  [ 0.05841819 -0.86123824 -0.17459625]
  [ 0.10304227 -0.84017426 -0.04632836]
  [-0.0134601  -0.8157793  -0.12192896]]]