[[[-0.48860788 -0.2813241   0.70359164]
  [-0.25468683 -0.07854751  0.3605545 ]
  [-0.0940139  -0.12256284 -0.02076234]
  [ 0.11300777 -0.23038766  0.01729052]
  [ 0.0284526  -0.2046772   0.4412437 ]
  [-0.07794889 -0.38276052  0.859507  ]
  [-0.2940974  -0.23153451 -0.55075425]
  [-0.32371664 -0.17890356 -0.31194222]
  [-0.16861603 -0.40247545 -0.29632622]
  [ 0.07946531 -0.48572567 -0.25105506]
  [ 0.2941115  -0.38062805 -0.10935342]
  [ 0.25635275 -0.21515532 -0.2745826 ]
  [-0.05390294 -0.48527986 -0.30373755]
  [-0.09793475 -0.64440703 -0.32961345]
  [-0.06616489 -0.5723595  -0.4551295 ]
  [-0.04860587 -0.6175178  -0.421352  ]
  [-0.10999483 -0.59666395 -0.4240746 ]
  [-0.01155797 -0.60155237 -0.3361614 ]
  [-0.13732997 -0.56453127 -0.34054834]]]