[[[-0.3596368   0.30787474  0.6199229 ]
  [-0.19630194  0.12525707  0.23157138]
  [-0.1003462  -0.1786047  -0.04184647]
  [ 0.10661825 -0.24525349  0.03798207]
  [ 0.12294941  0.09494657  0.30537856]
  [ 0.1302456   0.31496087  0.7131767 ]
  [-0.21748959 -0.36696452 -0.36797756]
  [-0.34809935 -0.32676548 -0.1622656 ]
  [-0.15877259 -0.5242533  -0.20245555]
  [ 0.09653503 -0.58978915 -0.11554519]
  [ 0.27783856 -0.4530705   0.04732364]
  [ 0.21159583 -0.34945074 -0.15702648]
  [-0.03420623 -0.60660857 -0.1899036 ]
  [-0.07124586 -0.77754986 -0.22093   ]
  [-0.0256055  -0.70590997 -0.34470606]
  [-0.01116326 -0.74991024 -0.3055649 ]
  [-0.07270646 -0.7303459  -0.31560966]
  [ 0.01571733 -0.7322502  -0.215029  ]
  [-0.1122506  -0.69566745 -0.2344149 ]]]