[[[-0.49734253  0.25992665  0.52506113]
  [-0.25113383  0.09790123  0.1963885 ]
  [-0.07122789 -0.161271   -0.07152161]
  [ 0.09266003 -0.24350642  0.07015605]
  [ 0.04943647  0.05118662  0.36016932]
  [-0.07786113  0.19280225  0.76246333]
  [-0.12559153 -0.31706032 -0.42133   ]
  [-0.27596635 -0.37535393 -0.24899605]
  [-0.0512854  -0.5107745  -0.2560803 ]
  [ 0.16059253 -0.5416278  -0.09509654]
  [ 0.22984743 -0.38088217  0.11093578]
  [ 0.25335953 -0.28666604 -0.09789891]
  [ 0.06770432 -0.57382834 -0.20518447]
  [ 0.06337147 -0.7469181  -0.24061766]
  [ 0.13353321 -0.665797   -0.34409213]
  [ 0.1420072  -0.70830137 -0.30400258]
  [ 0.08493701 -0.69729346 -0.3322084 ]
  [ 0.13579628 -0.69179636 -0.21029268]
  [ 0.01902806 -0.67241096 -0.26821205]]]