[[[ 0.02073024  0.43160972  0.50607526]
  [-0.0455848   0.09421156  0.25187027]
  [-0.03116195 -0.29431722  0.11615938]
  [ 0.01021089 -0.20455891 -0.10719342]
  [-0.07452565  0.14989787  0.07603431]
  [-0.07968587  0.5253539   0.28147388]
  [-0.28889164 -0.4172411   0.35116237]
  [-0.09060058 -0.5432427   0.26892042]
  [-0.16398743 -0.64987123  0.0307239 ]
  [-0.1902002  -0.55320615 -0.23059647]
  [-0.06992838 -0.30176377 -0.2452718 ]
  [-0.02185368 -0.06247864 -0.20097515]
  [-0.22338836 -0.6530704  -0.1086288 ]
  [-0.37727225 -0.81908846 -0.10853504]
  [-0.39909714 -0.67577    -0.06186072]
  [-0.41258138 -0.71534634 -0.10520621]
  [-0.3938342  -0.73281    -0.04468271]
  [-0.3483833  -0.74914294 -0.17542495]
  [-0.30927214 -0.7881418  -0.04596795]]]