[[[ 2.77545750e-01  4.00076121e-01 -1.96914226e-01]
  [ 2.10241362e-01 -3.92418131e-02 -2.76018888e-01]
  [-1.17425188e-01 -2.44304389e-01 -4.95141670e-02]
  [ 7.42799416e-02 -2.69426972e-01  1.24290898e-01]
  [ 3.57061386e-01 -1.03390358e-01 -1.54968962e-01]
  [ 3.78001928e-01  3.23856026e-01 -7.30268471e-03]
  [-1.14745125e-01 -3.91836405e-01 -2.76258051e-01]
  [-2.82469541e-01 -4.07092273e-01 -7.25996867e-02]
  [-1.83439791e-01 -6.71993732e-01 -3.27578969e-02]
  [ 8.63155946e-02 -6.80585206e-01  1.27989128e-01]
  [ 1.93926573e-01 -4.17615116e-01  1.90400034e-01]
  [ 3.32846433e-01 -2.66432106e-01  1.90881118e-02]
  [-3.54932807e-02 -7.43177831e-01  3.39679122e-02]
  [-3.25607765e-03 -9.55885828e-01  1.21915173e-02]
  [ 9.66428518e-02 -8.52739453e-01 -4.61020991e-02]
  [ 8.51088688e-02 -8.92527103e-01  6.07751310e-04]
  [ 5.22932187e-02 -8.94924343e-01 -5.80334738e-02]
  [ 2.39005946e-02 -8.81817281e-01  8.04066807e-02]
  [-5.34998700e-02 -8.85677695e-01 -5.11853881e-02]]]