[[[-0.10024104  0.55050325  0.33139455]
  [ 0.01734634  0.23468192  0.04116219]
  [-0.05644619 -0.16355029 -0.08161584]
  [ 0.06199597 -0.26802748  0.0915316 ]
  [ 0.1187522   0.10525711  0.2882308 ]
  [ 0.00734201  0.36641443  0.6390948 ]
  [ 0.09434704 -0.3904854  -0.47826585]
  [-0.08201565 -0.28039843 -0.35702863]
  [-0.08200528 -0.5240871  -0.24997552]
  [ 0.0636975  -0.60485303 -0.03586437]
  [ 0.14511874 -0.43786016  0.16095945]
  [ 0.29434878 -0.35023725  0.00368644]
  [-0.00559722 -0.6161005  -0.16781294]
  [-0.00081065 -0.800177   -0.2063556 ]
  [ 0.03790444 -0.7044005  -0.3118761 ]
  [ 0.05841052 -0.7486531  -0.2787728 ]
  [-0.00431215 -0.7409657  -0.29261023]
  [ 0.07334417 -0.7407961  -0.18283871]
  [-0.05670783 -0.72843397 -0.21536553]]]