[[[ 0.02944019  0.59957844 -0.05114379]
  [ 0.03207196  0.17416021  0.07758687]
  [ 0.10792243 -0.26080552  0.05453876]
  [-0.11742195 -0.24585281 -0.00559776]
  [-0.06098817  0.17395258  0.08667638]
  [-0.03932424  0.6170698   0.01754648]
  [-0.01715444 -0.18642966  0.25305444]
  [ 0.09300597 -0.41195154  0.1760301 ]
  [ 0.06950966 -0.6767078   0.11053352]
  [-0.13881393 -0.6525115  -0.07291195]
  [-0.09812398 -0.38467568 -0.1145124 ]
  [-0.10247636 -0.14052527 -0.03754993]
  [-0.05073084 -0.7393621   0.02693091]
  [-0.0767698  -0.9565235   0.03586961]
  [-0.0953851  -0.86745507  0.15699302]
  [-0.12374435 -0.90482754  0.11589028]
  [-0.05896713 -0.90787643  0.12710464]
  [-0.14329895 -0.8817367   0.02031277]
  [-0.00507735 -0.8912317   0.04605193]]]