[[[-0.29315576  0.23979998  0.7000928 ]
  [-0.16379774  0.10520678  0.28138876]
  [-0.10140346 -0.16405477 -0.03475318]
  [ 0.10452826 -0.25423625  0.02854827]
  [ 0.15532272  0.04727883  0.33417332]
  [ 0.17251103  0.2191253   0.7627996 ]
  [-0.3392953  -0.3427828  -0.33975673]
  [-0.39789551 -0.33870786 -0.1010295 ]
  [-0.2042781  -0.5084237  -0.19788451]
  [ 0.05789961 -0.58533394 -0.1526819 ]
  [ 0.2705632  -0.4815835  -0.0048932 ]
  [ 0.21530528 -0.35262287 -0.19698532]
  [-0.08245198 -0.5917281  -0.2093755 ]
  [-0.12022126 -0.76195335 -0.23896796]
  [-0.12261592 -0.67934275 -0.36399668]
  [-0.09506568 -0.72577226 -0.33708736]
  [-0.15597177 -0.7076033  -0.3222069 ]
  [-0.03639425 -0.7141621  -0.2613827 ]
  [-0.1632706  -0.6812561  -0.2301431 ]]]