[[[ 0.6670686  -0.24445336  0.4605702 ]
  [ 0.3977928  -0.1543866   0.11653407]
  [-0.01864922 -0.07662458  0.03868278]
  [ 0.01911092 -0.29965228 -0.05135733]
  [ 0.39000404 -0.18051085  0.15512384]
  [ 0.62400013 -0.24966198  0.5285734 ]
  [-0.78900325  0.17237662 -0.25868332]
  [-0.5713938   0.11037868 -0.12684645]
  [-0.43153566 -0.09002179 -0.05348679]
  [-0.4224053  -0.22627197 -0.18593693]
  [-0.37200594 -0.30496198 -0.4280305 ]
  [-0.41349986 -0.30381387 -0.6764473 ]
  [-0.45161977 -0.14015062 -0.12731044]
  [-0.6321816  -0.08887313 -0.13373134]
  [-0.53705657 -0.020602   -0.2349543 ]
  [-0.584817   -0.05642778 -0.23116702]
  [-0.5697336  -0.01103054 -0.18702774]
  [-0.5803108  -0.14538611 -0.19240178]
  [-0.5540944  -0.05734999 -0.09995831]]]