[[[ 0.02459261  0.4756651   0.37984747]
  [-0.09325342  0.1275593   0.1962703 ]
  [-0.04653129 -0.26707256  0.11438227]
  [ 0.025424   -0.20933874 -0.09586398]
  [-0.01213077  0.1763958   0.0363105 ]
  [ 0.06321516  0.5516749   0.1915102 ]
  [-0.3608095  -0.3998699   0.3279389 ]
  [-0.14930326 -0.50421953  0.26017308]
  [-0.01364261 -0.64505637  0.10735577]
  [ 0.00489109 -0.7106641  -0.10532491]
  [-0.12812883 -0.8801272  -0.22414175]
  [-0.2539487  -1.0795742  -0.2943008 ]
  [-0.00818335 -0.70774174  0.00296797]
  [ 0.02051081 -0.8849583   0.02983838]
  [-0.11348169 -0.83236027  0.08295681]
  [-0.08898418 -0.8715403   0.04506207]
  [-0.05679069 -0.8469067   0.0962503 ]
  [-0.04080031 -0.8480803  -0.04198061]
  [ 0.02613951 -0.79858696  0.0708288 ]]]