[[[-0.34247243  0.30822188  0.60550064]
  [-0.18194148  0.12898913  0.22838996]
  [-0.09050444 -0.1699894  -0.05383911]
  [ 0.10283996 -0.24353398  0.04826736]
  [ 0.09100696  0.08176371  0.32278308]
  [ 0.05139352  0.2908175   0.72062063]
  [-0.2879237  -0.26359943 -0.35911775]
  [-0.33704126 -0.354477   -0.14023751]
  [-0.14051998 -0.5161139  -0.22497305]
  [ 0.10319512 -0.5735438  -0.12532754]
  [ 0.20738867 -0.42986834  0.08066064]
  [ 0.19493449 -0.2770648  -0.09933278]
  [-0.0163675  -0.5925595  -0.21107648]
  [-0.04275228 -0.7650385  -0.24416786]
  [-0.0056323  -0.6865799  -0.36641428]
  [ 0.01266677 -0.7309056  -0.33012587]
  [-0.04986629 -0.7148769  -0.3372229 ]
  [ 0.04087238 -0.7155026  -0.23988235]
  [-0.08807465 -0.6862198  -0.2545994 ]]]