[[[-0.02210083  0.54287404  0.40297124]
  [-0.07966521  0.19732726  0.12650889]
  [-0.12143613 -0.21468526  0.02334155]
  [ 0.11126429 -0.2373214  -0.01573901]
  [ 0.12619519  0.19166619  0.04258644]
  [ 0.23368955  0.5481884   0.2955634 ]
  [-0.38351828 -0.17925237  0.01579915]
  [-0.25843382 -0.34658983  0.14954615]
  [-0.20302376 -0.5833612   0.02697009]
  [ 0.04308403 -0.6252409  -0.08570678]
  [ 0.14482722 -0.37289998 -0.07564345]
  [ 0.04681369 -0.2007197  -0.21715023]
  [-0.1009986  -0.66752946 -0.04753201]
  [-0.16301048 -0.85943496 -0.06229801]
  [-0.22271925 -0.75277936 -0.14867684]
  [-0.19008802 -0.80307114 -0.14964348]
  [-0.23079419 -0.7887405  -0.10132112]
  [-0.09844165 -0.8081731  -0.11746509]
  [-0.1855428  -0.7813259  -0.01698364]]]