[[[-0.22596452  0.37496927  0.65792185]
  [-0.12306219  0.18077423  0.23553784]
  [-0.10681975 -0.16819644 -0.02789446]
  [ 0.10235728 -0.25934628  0.02231451]
  [ 0.19140379  0.0698374   0.3103837 ]
  [ 0.26074028  0.20081064  0.767568  ]
  [-0.36984453 -0.44555098 -0.40138417]
  [-0.40715218 -0.31732357 -0.18678802]
  [-0.19458188 -0.49952805 -0.23122945]
  [ 0.0763952  -0.5734995  -0.18938673]
  [ 0.30885017 -0.46698552 -0.06033159]
  [ 0.28303564 -0.4083202  -0.29617596]
  [-0.06626857 -0.5750548  -0.2510646 ]
  [-0.08450972 -0.7372179  -0.33036372]
  [-0.10843366 -0.6216545  -0.41995397]
  [-0.07334151 -0.6700271  -0.4109875 ]
  [-0.13391158 -0.6657143  -0.3866611 ]
  [-0.00724182 -0.67422044 -0.34056032]
  [-0.13463256 -0.67028946 -0.2911359 ]]]