[[[-0.41611695  0.1748239   0.6754723 ]
  [-0.22617051  0.07231403  0.26701012]
  [-0.10178989 -0.1825259  -0.04038321]
  [ 0.1125072  -0.24443066  0.03561454]
  [ 0.0604325   0.02021937  0.37385932]
  [-0.01830729  0.15382984  0.813342  ]
  [-0.2591801  -0.38296017 -0.36049286]
  [-0.36938635 -0.33711797 -0.14285664]
  [-0.17458518 -0.5344929  -0.18908045]
  [ 0.09083381 -0.60939765 -0.12096977]
  [ 0.2887814  -0.51771116  0.05773814]
  [ 0.22766952 -0.38907036 -0.13453288]
  [-0.04831821 -0.6224016  -0.18773001]
  [-0.08427183 -0.8008905  -0.21473488]
  [-0.05733897 -0.72765326 -0.3443875 ]
  [-0.03623787 -0.7709159  -0.30677134]
  [-0.09968273 -0.7541929  -0.3091993 ]
  [ 0.00200695 -0.7510264  -0.21985574]
  [-0.13096288 -0.72002053 -0.22274898]]]