[[[-0.10174926  0.31331295 -0.06707592]
  [-0.24894823 -0.06303439 -0.24732055]
  [-0.1292033  -0.19677243  0.0766613 ]
  [ 0.1103932  -0.30201986  0.01429727]
  [ 0.30988666 -0.07078933 -0.25883916]
  [ 0.45470148  0.2869943   0.00539398]
  [-0.6420498   0.11439208 -0.09770342]
  [-0.54548925 -0.13415162 -0.02391161]
  [-0.36593255 -0.33865497 -0.1399791 ]
  [-0.12865666 -0.47540832 -0.2683802 ]
  [ 0.15540117 -0.43793032 -0.18818262]
  [ 0.23351894 -0.19972643 -0.27537784]
  [-0.28490758 -0.41123623 -0.24609257]
  [-0.43481022 -0.39867747 -0.39799368]
  [-0.3484827  -0.28082466 -0.3459101 ]
  [-0.3602713  -0.3159769  -0.39419407]
  [-0.40358928 -0.3075803  -0.34429944]
  [-0.33319223 -0.4152045  -0.40490034]
  [-0.4308663  -0.39719957 -0.2973698 ]]]