[[[-0.37869394  0.2363791   0.657483  ]
  [-0.20212813  0.10961713  0.24807821]
  [-0.1038433  -0.18739176 -0.04004739]
  [ 0.11074381 -0.2485159   0.03730822]
  [ 0.10045635  0.08554307  0.32053342]
  [ 0.05818466  0.258964    0.7520995 ]
  [-0.28349388 -0.3850991  -0.36143646]
  [-0.36500996 -0.35482964 -0.12788044]
  [-0.16806884 -0.5464421  -0.18884735]
  [ 0.09994731 -0.6109468  -0.11273529]
  [ 0.27467975 -0.49279812  0.07554491]
  [ 0.25172716 -0.364318   -0.12779218]
  [-0.0369007  -0.629619   -0.18592292]
  [-0.06779908 -0.8090189  -0.22295189]
  [-0.03207791 -0.7290529  -0.34639764]
  [-0.01320824 -0.7737146  -0.30905557]
  [-0.07660367 -0.75784403 -0.31562388]
  [ 0.01766991 -0.757713   -0.21820694]
  [-0.11588966 -0.72795695 -0.23054507]]]