[[[-0.6001      0.3246938   0.30969968]
  [-0.31127644  0.0584833   0.14061216]
  [-0.09600505 -0.2446317  -0.01210876]
  [ 0.10823882 -0.13974474  0.00462718]
  [-0.1229375   0.20238937 -0.00450875]
  [-0.3260532   0.56642467  0.0992126 ]
  [-0.26440823 -0.6379743  -0.15248671]
  [-0.21431373 -0.49724078  0.01579127]
  [ 0.01600929 -0.57626534  0.05491781]
  [ 0.23790613 -0.5376451   0.02083902]
  [ 0.36069578 -0.36282676 -0.11518884]
  [ 0.39553216 -0.49374437 -0.2922308 ]
  [ 0.12440538 -0.5996323   0.03972084]
  [ 0.09900389 -0.76146686  0.08765018]
  [ 0.04876008 -0.7190755  -0.04649983]
  [ 0.08451534 -0.75781846 -0.02269313]
  [ 0.0325363  -0.73330224  0.00637195]
  [ 0.16128612 -0.7296884   0.02663112]
  [ 0.05642095 -0.68596196  0.08131713]]]