[[[-0.4579612   0.34812626  0.4531265 ]
  [-0.14414412  0.13499558  0.24291134]
  [ 0.05562196 -0.09317233 -0.04106847]
  [-0.01311579 -0.28675866  0.06191886]
  [-0.09896533 -0.06246325  0.40580517]
  [-0.45471913  0.07005706  0.6205697 ]
  [ 0.25941408 -0.3940131  -0.5948848 ]
  [ 0.18316427 -0.2256958  -0.4529488 ]
  [-0.03389319 -0.3224344  -0.37886953]
  [-0.09690095 -0.47665024 -0.22421095]
  [-0.02975418 -0.5653144   0.00519672]
  [ 0.10292997 -0.7353785  -0.05609481]
  [-0.08220051 -0.42241994 -0.3318    ]
  [-0.19240947 -0.4741717  -0.44079125]
  [-0.06374168 -0.5483474  -0.43712285]
  [-0.12053029 -0.5560084  -0.4289123 ]
  [-0.09619437 -0.5142342  -0.47031343]
  [-0.16356596 -0.50904715 -0.3615527 ]
  [-0.11849305 -0.42861205 -0.44504273]]]