[[[ 0.10076512  0.499398   -0.13057372]
  [ 0.16245234  0.08948626 -0.07740857]
  [ 0.01290727 -0.2964642  -0.10123383]
  [-0.02226304 -0.29342335  0.13186868]
  [ 0.05051968  0.10804404  0.16557063]
  [-0.0834564   0.5075684   0.17743114]
  [ 0.02125494 -0.5136637  -0.15264562]
  [-0.12426472 -0.63523525 -0.3120012 ]
  [-0.03148813 -0.7922759  -0.12304346]
  [-0.01334409 -0.795578    0.16035771]
  [-0.04221696 -0.6483593   0.38257417]
  [ 0.09840216 -0.5116615   0.23815316]
  [ 0.0044147  -0.8397058   0.0184564 ]
  [ 0.06891841 -1.0497359   0.021628  ]
  [ 0.17536561 -0.934121    0.01198507]
  [ 0.14894079 -0.97934675  0.04786843]
  [ 0.14223592 -0.9795273  -0.01844195]
  [ 0.05756591 -0.97652864  0.09929898]
  [ 0.04105722 -0.978742   -0.05198848]]]