[[[ 3.7264824e-01  2.9895508e-01  1.6169620e-01]
  [ 4.2325808e-03  1.7447531e-01 -1.5096563e-02]
  [-4.2704560e-02 -1.8848836e-01  1.3246424e-01]
  [ 1.3575084e-02 -2.4731778e-01 -1.0631055e-01]
  [ 2.7862206e-01  8.6099759e-02 -1.0960952e-01]
  [ 7.0673943e-01  1.3087964e-01 -6.2439479e-03]
  [-4.8025098e-01  1.5920992e-01  3.8685745e-01]
  [-4.0567595e-01 -7.5830176e-02  2.8887516e-01]
  [-3.9633739e-01 -2.9583317e-01  1.3856858e-01]
  [-4.3363971e-01 -2.5473183e-01 -1.0718180e-01]
  [-5.2190495e-01 -1.3495216e-02 -1.6532099e-01]
  [-6.5274549e-01  2.1154104e-01 -1.7085057e-01]
  [-4.5373309e-01 -2.9787883e-01  1.2510638e-02]
  [-6.3128781e-01 -3.9006269e-01  6.5794447e-05]
  [-6.2611485e-01 -2.3685069e-01  4.4926340e-03]
  [-6.3931656e-01 -2.8387564e-01 -3.0173060e-02]
  [-6.4320314e-01 -2.8406930e-01  3.5167191e-02]
  [-5.7152563e-01 -3.4689465e-01 -6.4400136e-02]
  [-5.7942998e-01 -3.5622835e-01  7.0362575e-02]]]