[[[-1.96996685e-02  5.87100923e-01  1.67199925e-01]
  [ 8.32301602e-02  1.80147082e-01  2.93208174e-02]
  [ 3.21117230e-04 -2.22817510e-01 -1.05569184e-01]
  [ 6.43440476e-03 -2.65724629e-01  1.35722280e-01]
  [ 8.64827037e-02  1.56348169e-01  1.90442994e-01]
  [-1.86254293e-01  4.75094497e-01  3.41579914e-01]
  [ 3.75599600e-02 -1.36216000e-01 -3.45813066e-01]
  [-5.75339682e-02 -3.64735425e-01 -2.80003577e-01]
  [-4.93255630e-03 -6.21102095e-01 -2.02637643e-01]
  [ 2.96893269e-02 -6.78711832e-01  7.22757950e-02]
  [ 5.09034097e-02 -4.48429227e-01  2.19730735e-01]
  [ 1.98909983e-01 -2.47778758e-01  2.64552951e-01]
  [ 2.86088716e-02 -7.12607861e-01 -7.90436566e-02]
  [ 3.76947485e-02 -9.07611847e-01 -1.42984182e-01]
  [ 1.65844470e-01 -8.37687790e-01 -9.69413593e-02]
  [ 1.24827214e-01 -8.80546212e-01 -8.27133507e-02]
  [ 1.34293318e-01 -8.59587371e-01 -1.44060478e-01]
  [ 3.22696567e-02 -8.64244640e-01 -5.34917787e-02]
  [ 5.16223758e-02 -8.19243193e-01 -1.85085088e-01]]]