[[[-4.23977137e-01  4.37859327e-01  3.58387530e-01]
  [-2.66053200e-01  1.51841700e-01  3.73088047e-02]
  [-1.10835418e-01 -2.39828885e-01  2.25131400e-04]
  [ 1.18175626e-01 -2.12357134e-01  1.46493409e-02]
  [ 3.30222473e-02  2.13552669e-01  8.57407376e-02]
  [ 1.08996471e-02  5.85757494e-01  3.60362679e-01]
  [-2.20042676e-01 -3.93095344e-01 -1.62650928e-01]
  [-2.16964632e-01 -3.70779455e-01  8.27784315e-02]
  [-1.12606406e-01 -5.79661548e-01 -6.66355267e-02]
  [ 1.70535654e-01 -5.90019941e-01 -7.93886334e-02]
  [ 2.91410744e-01 -3.70803297e-01  4.44841087e-02]
  [ 2.01269180e-01 -3.56275976e-01 -1.76237315e-01]
  [ 2.29436010e-02 -6.45069420e-01 -1.06458545e-01]
  [ 5.89288119e-03 -8.29417586e-01 -1.28908440e-01]
  [-3.26099955e-02 -7.49923289e-01 -2.49724850e-01]
  [ 7.13101216e-03 -7.91001558e-01 -2.28337422e-01]
  [-5.20246923e-02 -7.81730652e-01 -2.01765299e-01]
  [ 7.80730546e-02 -7.69567072e-01 -1.65720314e-01]
  [-4.66094613e-02 -7.54452348e-01 -1.09722286e-01]]]