[[[-0.3305495  -0.12273803  0.776706  ]
  [-0.19967815 -0.02151998  0.35842103]
  [-0.08820234 -0.1173227  -0.04431778]
  [ 0.10836107 -0.21170361  0.0443767 ]
  [-0.02046099  0.01428376  0.38461074]
  [-0.15078957  0.05652442  0.8127765 ]
  [-0.12346604 -0.3681502  -0.6239875 ]
  [-0.2167488  -0.27903807 -0.4270047 ]
  [-0.04329728 -0.42710257 -0.30341187]
  [ 0.15479437 -0.48594272 -0.18440156]
  [ 0.27799347 -0.50561875  0.04626261]
  [ 0.33118787 -0.2937709  -0.01366732]
  [ 0.06335418 -0.48578814 -0.270296  ]
  [ 0.05626343 -0.6398395  -0.32473683]
  [ 0.1371173  -0.54974455 -0.40679306]
  [ 0.14177185 -0.5972488  -0.373846  ]
  [ 0.08960062 -0.5817263  -0.4078842 ]
  [ 0.12238117 -0.5912567  -0.2838338 ]
  [ 0.02039264 -0.56582284 -0.35083634]]]