[[[-0.25207353  0.48261863  0.44876695]
  [-0.13592426  0.19685845  0.12237308]
  [-0.09795339 -0.18704244 -0.04855949]
  [ 0.1011921  -0.2509083   0.05354762]
  [ 0.16077366  0.13209923  0.23099568]
  [ 0.17346635  0.41000903  0.58979994]
  [-0.27602094 -0.3121394  -0.33393925]
  [-0.36086303 -0.36543056 -0.11080091]
  [-0.16476071 -0.54569024 -0.1705142 ]
  [ 0.09030318 -0.5998297  -0.07574586]
  [ 0.22355507 -0.43553334  0.10120784]
  [ 0.1814767  -0.31750765 -0.10131402]
  [-0.03703896 -0.6257303  -0.1555993 ]
  [-0.0548429  -0.80861634 -0.18781923]
  [-0.02942014 -0.7258291  -0.31015933]
  [-0.00625992 -0.768806   -0.2749775 ]
  [-0.07012145 -0.7576385  -0.2790267 ]
  [ 0.02576844 -0.7520741  -0.18547405]
  [-0.10765488 -0.73277426 -0.19363962]]]