[[[ 0.28594133  0.44929972 -0.10774346]
  [ 0.2780189   0.00287971 -0.20999897]
  [-0.08430363 -0.22918302 -0.0823244 ]
  [ 0.03849737 -0.2838209   0.12831473]
  [ 0.38820216 -0.05040984  0.00407589]
  [ 0.49957415  0.3568861   0.20309982]
  [-0.02913081 -0.17819816 -0.22126289]
  [-0.21915708 -0.36645433 -0.17541686]
  [-0.15546858 -0.6469025  -0.12707914]
  [ 0.01024064 -0.6710813   0.12793872]
  [ 0.02660556 -0.41365117  0.2624635 ]
  [ 0.17328887 -0.2169454   0.15891173]
  [-0.05476578 -0.73012805 -0.01539613]
  [-0.01828248 -0.94506365 -0.05575302]
  [ 0.03423762 -0.8334686  -0.14659256]
  [ 0.04904345 -0.87837076 -0.10566792]
  [-0.00969599 -0.8778154  -0.13682102]
  [ 0.03939933 -0.8744832  -0.00354299]
  [-0.09052892 -0.876062   -0.07479975]]]