[[[-0.21119706  0.576065    0.12435631]
  [-0.1705772   0.17503944 -0.11459763]
  [-0.12285732 -0.2506252   0.02549145]
  [ 0.11626314 -0.23873089  0.0041278 ]
  [ 0.14398602  0.20344736 -0.03956638]
  [ 0.26533228  0.6143292   0.17793211]
  [-0.28395897 -0.25004983 -0.12867601]
  [-0.22275673 -0.39714047  0.08740769]
  [-0.11213548 -0.6581773   0.05280371]
  [ 0.16837236 -0.63646364 -0.00394934]
  [ 0.23839167 -0.357621    0.00252238]
  [ 0.2088793  -0.18565562 -0.19516897]
  [ 0.02528496 -0.7154983   0.00341895]
  [-0.01040326 -0.9223115  -0.0358379 ]
  [-0.0944358  -0.80863553 -0.08735024]
  [-0.05813564 -0.85594094 -0.10316369]
  [-0.08689422 -0.85317886 -0.04408172]
  [ 0.04216941 -0.85651696 -0.09481482]
  [-0.02372107 -0.85284996  0.03060904]]]