[[[ 0.01870866  0.57713723  0.25770977]
  [ 0.05693553  0.210811    0.01962127]
  [-0.05764725 -0.1879116  -0.08660731]
  [ 0.05817649 -0.2601755   0.10421677]
  [ 0.20707713  0.12846616  0.16170846]
  [ 0.23019819  0.49880862  0.40733805]
  [-0.11301718 -0.2025506  -0.44834355]
  [-0.23904452 -0.31452674 -0.27067143]
  [-0.13980183 -0.55327666 -0.19161925]
  [ 0.00486345 -0.62421453  0.02635717]
  [ 0.04549369 -0.41934448  0.1970768 ]
  [ 0.21807271 -0.26931173  0.1256055 ]
  [-0.06208902 -0.647282   -0.10584423]
  [-0.09079602 -0.8347026  -0.15095939]
  [ 0.0094892  -0.75616485 -0.2294167 ]
  [ 0.00301245 -0.8015284  -0.1908204 ]
  [-0.04466357 -0.781627   -0.22955063]
  [-0.02177703 -0.79084224 -0.09802713]
  [-0.12199546 -0.7514681  -0.18035226]]]