[[[-0.3344069   0.23850308  0.7166645 ]
  [-0.16888013  0.12943651  0.2798305 ]
  [-0.09720556 -0.16036902 -0.04263514]
  [ 0.09829219 -0.26296893  0.03154721]
  [ 0.16798568  0.04736705  0.34613064]
  [ 0.21639165  0.14188874  0.81754565]
  [-0.25171024 -0.3014417  -0.42784485]
  [-0.3248232  -0.27137256 -0.18671937]
  [-0.15780544 -0.49238828 -0.25658995]
  [ 0.09805731 -0.5753339  -0.1572673 ]
  [ 0.25170347 -0.47439533  0.06340581]
  [ 0.2496181  -0.3561678  -0.15052406]
  [-0.02758554 -0.5819431  -0.24948251]
  [-0.03902243 -0.75600487 -0.303176  ]
  [-0.00610884 -0.66319144 -0.41468918]
  [ 0.01444421 -0.7100014  -0.38167113]
  [-0.04938485 -0.69763976 -0.38867643]
  [ 0.04220507 -0.69969845 -0.29076853]
  [-0.09160052 -0.6798429  -0.30457038]]]