[[[-0.42623642  0.33586892  0.19173545]
  [-0.38723198 -0.01881118 -0.05424896]
  [-0.08258984 -0.25716445  0.09150812]
  [ 0.10449262 -0.19787392 -0.04870317]
  [-0.20414433  0.0049629  -0.25898877]
  [-0.23681633  0.4281922  -0.16818266]
  [-0.07119914 -0.38856533 -0.14709881]
  [-0.12789378 -0.3580622   0.08755062]
  [-0.04865688 -0.6072638   0.05396039]
  [ 0.17777789 -0.58284825 -0.0934965 ]
  [ 0.15266788 -0.34298617 -0.20657292]
  [-0.02891008 -0.48538077 -0.26965666]
  [ 0.06218906 -0.6541395  -0.02389337]
  [ 0.04098409 -0.8475213  -0.06333165]
  [-0.06994472 -0.7493007  -0.06193957]
  [-0.04036235 -0.7858167  -0.09713528]
  [-0.04315685 -0.7926603  -0.0326015 ]
  [ 0.05350782 -0.77171206 -0.12717426]
  [ 0.04239888 -0.7883103   0.00870133]]]