[[[ 0.26850322  0.32610986 -0.1309559 ]
  [ 0.26658195 -0.08935087 -0.23486173]
  [-0.0824231  -0.2534739  -0.08123797]
  [ 0.03789447 -0.24072954  0.14190882]
  [ 0.35984552 -0.11917493 -0.06748107]
  [ 0.35023594  0.31534952 -0.01428742]
  [ 0.5023     -0.47338343 -0.25622132]
  [ 0.25053498 -0.5391054  -0.29616335]
  [ 0.08222155 -0.65772843 -0.11321631]
  [ 0.1138057  -0.6327019   0.16536546]
  [ 0.01264718 -0.44128862  0.33364254]
  [ 0.06972805 -0.19392292  0.36070773]
  [ 0.11958542 -0.6910261   0.02108425]
  [ 0.182844   -0.8842919   0.00743643]
  [ 0.27503598 -0.77155095 -0.03677705]
  [ 0.2657765  -0.8143642   0.00597123]
  [ 0.2372187  -0.81635225 -0.0539652 ]
  [ 0.19718376 -0.81344193  0.08039503]
  [ 0.13572824 -0.8181799  -0.05300987]]]