[[[-0.10851457  0.53501976  0.36226523]
  [-0.09410683  0.1373717   0.19585253]
  [-0.03641423 -0.2584502   0.12227714]
  [ 0.02079293 -0.21293767 -0.10663336]
  [-0.06937367  0.17399713  0.00108284]
  [-0.12258375  0.5960341   0.08381886]
  [-0.2737274  -0.32497743  0.53600985]
  [-0.16811894 -0.4605778   0.35185668]
  [-0.22188501 -0.5736431   0.11431466]
  [-0.22839184 -0.54424286 -0.15351114]
  [-0.13039532 -0.30145863 -0.2132335 ]
  [-0.17614408 -0.07078002 -0.1427081 ]
  [-0.2694915  -0.5952067  -0.01849227]
  [-0.4362671  -0.7193698  -0.00902138]
  [-0.44222867 -0.5684836   0.00108351]
  [-0.45539916 -0.6151376  -0.03425485]
  [-0.44879183 -0.61982626  0.03053859]
  [-0.3891129  -0.6715267  -0.08049657]
  [-0.37656954 -0.6822287   0.05611381]]]