[[[-2.02228054e-01  4.36018258e-01  4.05300200e-01]
  [-1.75290465e-01  6.90299422e-02  2.12849215e-01]
  [-2.11064667e-02 -2.94864178e-01  1.16713464e-01]
  [ 3.57883982e-06 -2.04170272e-01 -9.92533192e-02]
  [ 5.51921595e-03  1.69277549e-01  7.66415671e-02]
  [ 2.23451555e-01  4.99435902e-01  2.25828320e-01]
  [-5.61285019e-02 -7.76506066e-01  2.67754734e-01]
  [ 1.11178160e-01 -6.14067912e-01  3.08859557e-01]
  [ 1.12044990e-01 -6.70462489e-01  5.23500033e-02]
  [ 1.39988167e-02 -6.95505977e-01 -1.89674407e-01]
  [-2.39109308e-01 -7.45703757e-01 -2.31762648e-01]
  [-2.25709736e-01 -9.09837663e-01 -6.17313720e-02]
  [ 6.91990778e-02 -7.22741663e-01 -6.95304573e-02]
  [ 1.02365300e-01 -9.22690332e-01 -4.90184054e-02]
  [-4.09768820e-02 -8.69304478e-01 -2.41949521e-02]
  [-6.54271990e-03 -9.02690232e-01 -6.12465926e-02]
  [ 9.33433324e-03 -8.91226828e-01  1.32506341e-03]
  [ 6.40531629e-02 -8.66660833e-01 -1.24751717e-01]
  [ 1.00635156e-01 -8.44364524e-01  1.09507926e-02]]]