[[[-0.05340623  0.43609226  0.46438533]
  [-0.09880845  0.10456549  0.20830037]
  [-0.06341799 -0.28915495  0.10370454]
  [ 0.04378584 -0.22400065 -0.09812238]
  [-0.03112776  0.15454789  0.04459399]
  [-0.03305539  0.5372326   0.22185844]
  [-0.30830044 -0.41079608  0.17035903]
  [-0.10626173 -0.5077834   0.26440185]
  [-0.13817093 -0.6624697   0.04442865]
  [-0.07945693 -0.61824995 -0.22667497]
  [ 0.04515784 -0.36996278 -0.23486668]
  [ 0.03205815 -0.12781681 -0.22597599]
  [-0.14920713 -0.70044476 -0.10308414]
  [-0.27981862 -0.8865598  -0.09305143]
  [-0.31776258 -0.7468333  -0.04684874]
  [-0.3300013  -0.79008734 -0.08786751]
  [-0.30083755 -0.8022546  -0.03040394]
  [-0.2704026  -0.81526124 -0.16690888]
  [-0.21022634 -0.84321564 -0.04185662]]]