[[[-0.34161007  0.35857266  0.57416975]
  [-0.18514699  0.15462956  0.19439691]
  [-0.10797311 -0.19069993 -0.02966079]
  [ 0.11154048 -0.24176282  0.02992758]
  [ 0.13054112  0.14184228  0.23743768]
  [ 0.13882588  0.40689537  0.6156195 ]
  [-0.28013754 -0.35613185 -0.294101  ]
  [-0.35074055 -0.32825997 -0.05864199]
  [-0.18947113 -0.54071766 -0.13616705]
  [ 0.08159519 -0.60265523 -0.10249677]
  [ 0.26966512 -0.4297446   0.0118794 ]
  [ 0.16360036 -0.33448565 -0.1812348 ]
  [-0.0639214  -0.62620705 -0.14779219]
  [-0.09831819 -0.8051325  -0.16661951]
  [-0.09965158 -0.72990525 -0.29636937]
  [-0.07072586 -0.7732217  -0.26528865]
  [-0.13312718 -0.7575041  -0.25396731]
  [-0.01599777 -0.75426126 -0.18812622]
  [-0.1460154  -0.7259113  -0.16381152]]]