[[[-4.29485112e-01  3.39183390e-01  5.13670444e-01]
  [-1.96180582e-01  1.64362222e-01  1.63965881e-01]
  [-9.10367221e-02 -1.90548956e-01 -5.85322455e-02]
  [ 1.06207326e-01 -2.24879026e-01  5.22295386e-02]
  [ 7.56483641e-04  9.83764082e-02  3.24517936e-01]
  [-1.19896330e-01  2.35308513e-01  7.46293247e-01]
  [-7.60276839e-02 -1.04853719e-01 -2.75369167e-01]
  [-1.38750494e-01 -2.96136916e-01 -1.24545090e-01]
  [-5.39092124e-02 -5.40552914e-01 -2.03454971e-01]
  [ 1.94345027e-01 -5.36657631e-01 -9.91990864e-02]
  [ 2.12720156e-01 -3.13255012e-01  6.03431612e-02]
  [ 2.09425569e-01 -9.88484770e-02 -5.84891178e-02]
  [ 8.24125409e-02 -5.98229766e-01 -1.85573116e-01]
  [ 1.23733975e-01 -7.78661728e-01 -2.27741659e-01]
  [ 4.12245393e-02 -6.99658692e-01 -3.19988936e-01]
  [ 9.14699882e-02 -7.31772065e-01 -3.16313446e-01]
  [ 4.16157693e-02 -7.40417659e-01 -2.75838912e-01]
  [ 1.69069737e-01 -6.99716568e-01 -2.67891109e-01]
  [ 6.44149408e-02 -7.23625124e-01 -1.87943280e-01]]]