[[[-0.26550186  0.4345212   0.5421049 ]
  [-0.17247579  0.15641215  0.19538404]
  [-0.11461999 -0.19955897 -0.00666106]
  [ 0.11432632 -0.23385741  0.01039743]
  [ 0.14075814  0.16809109  0.17191693]
  [ 0.18362382  0.492042    0.4920881 ]
  [-0.3698174  -0.4279253  -0.12146285]
  [-0.3568218  -0.43544844  0.12164035]
  [-0.20109566 -0.5678649  -0.05575353]
  [ 0.06756216 -0.6012613  -0.09882446]
  [ 0.25249457 -0.40547055 -0.03453063]
  [ 0.07790712 -0.38715136 -0.19284877]
  [-0.0815225  -0.63527    -0.10272843]
  [-0.09942733 -0.80828637 -0.10108443]
  [-0.16884145 -0.74380803 -0.21755815]
  [-0.12517042 -0.78244203 -0.20288603]
  [-0.17589742 -0.76987714 -0.16388679]
  [-0.0423158  -0.75398636 -0.16205378]
  [-0.14684072 -0.73325187 -0.08080512]]]