[[[-0.33000982  0.12964877  0.7482907 ]
  [-0.18941958  0.05548021  0.31230733]
  [-0.11281182 -0.18555693 -0.01265348]
  [ 0.11394809 -0.23769459  0.00465467]
  [ 0.12965952  0.0431675   0.33743036]
  [ 0.14227183  0.17997968  0.78401273]
  [-0.36285695 -0.4138025  -0.201723  ]
  [-0.37384832 -0.36386085  0.03898253]
  [-0.21863699 -0.5400555  -0.1122341 ]
  [ 0.05275429 -0.603497   -0.15306725]
  [ 0.29415157 -0.46923983 -0.09083091]
  [ 0.15508409 -0.39911842 -0.27047136]
  [-0.10030633 -0.6228946  -0.15980968]
  [-0.1312946  -0.79482335 -0.15174328]
  [-0.17027813 -0.7408529  -0.28679675]
  [-0.13200843 -0.77851206 -0.25818786]
  [-0.19068156 -0.76226467 -0.23369515]
  [-0.06020003 -0.7461677  -0.20232609]
  [-0.18141186 -0.71672595 -0.1488275 ]]]