[[[-0.33040357 -0.0444424   0.7707199 ]
  [-0.20411794  0.03511789  0.33555424]
  [-0.11005569 -0.16883789 -0.01862258]
  [ 0.1173961  -0.21459901  0.00963604]
  [ 0.06102341  0.01918016  0.37632108]
  [ 0.01843358  0.0681727   0.83534944]
  [-0.31985092 -0.23954727 -0.2987399 ]
  [-0.2907576  -0.29238683 -0.06157614]
  [-0.16528323 -0.49967527 -0.18812245]
  [ 0.10414668 -0.53297013 -0.19382478]
  [ 0.26135495 -0.35652977 -0.04900995]
  [ 0.14685692 -0.18162331 -0.1610888 ]
  [-0.03957707 -0.57059133 -0.21958044]
  [-0.06131248 -0.73673666 -0.20745853]
  [-0.08393969 -0.69032985 -0.346582  ]
  [-0.0487458  -0.72546446 -0.31342244]
  [-0.11039434 -0.7108687  -0.29780483]
  [ 0.01210356 -0.68823826 -0.25059226]
  [-0.11346538 -0.6636175  -0.21684659]]]