[[[-0.63062084  0.11992516  0.46552974]
  [-0.2928455   0.04768222  0.19886164]
  [-0.0345831  -0.13226514 -0.08318074]
  [ 0.07376066 -0.24157415  0.09157262]
  [-0.14594008  0.01998846  0.3398597 ]
  [-0.439814    0.14595236  0.6414322 ]
  [ 0.10398432 -0.06824723 -0.4048888 ]
  [-0.05099404 -0.220201   -0.32266563]
  [ 0.08416455 -0.43512836 -0.3228868 ]
  [ 0.2189744  -0.5127857  -0.13791361]
  [ 0.21728332 -0.35371798  0.06701303]
  [ 0.37256172 -0.24141012 -0.0538208 ]
  [ 0.17295542 -0.5107004  -0.26422617]
  [ 0.1831726  -0.64689666 -0.37662622]
  [ 0.29648018 -0.5463643  -0.3802214 ]
  [ 0.28512436 -0.6031149  -0.36824885]
  [ 0.25155354 -0.567713   -0.4109086 ]
  [ 0.22743866 -0.62793785 -0.29688728]
  [ 0.16236861 -0.56077206 -0.38249683]]]