[[[-0.46937892 -0.12703688  0.73338753]
  [-0.23884392 -0.01807394  0.34764552]
  [-0.09314105 -0.13074794 -0.0285925 ]
  [ 0.11026368 -0.23968044  0.02342753]
  [ 0.03782057 -0.15785104  0.44236028]
  [-0.06624833 -0.28025177  0.8808367 ]
  [-0.2735864  -0.24624015 -0.5342847 ]
  [-0.30958486 -0.19572455 -0.2958009 ]
  [-0.16851032 -0.4296859  -0.28450954]
  [ 0.08068059 -0.5169771  -0.23134945]
  [ 0.30414152 -0.40324807 -0.11064576]
  [ 0.26227695 -0.2536733  -0.2914648 ]
  [-0.05266507 -0.5171046  -0.28634208]
  [-0.0923399  -0.6822079  -0.3147518 ]
  [-0.0591572  -0.6071576  -0.43838385]
  [-0.04128917 -0.6523064  -0.40426788]
  [-0.10323749 -0.6328676  -0.4080247 ]
  [-0.00630683 -0.63714623 -0.3172863 ]
  [-0.1341337  -0.60207844 -0.32432795]]]