[[[-0.11070523  0.5629398  -0.27035126]
  [-0.04868066  0.13982558 -0.20489672]
  [-0.0764486  -0.25181025 -0.0660328 ]
  [ 0.08251211 -0.20524086  0.10259206]
  [ 0.14705853  0.15869409 -0.08598977]
  [ 0.15372337  0.594077   -0.13032946]
  [-0.14788294 -0.22997943 -0.2877949 ]
  [-0.19237742 -0.39611864 -0.11470689]
  [-0.07565624 -0.616528   -0.02610621]
  [ 0.11062509 -0.5939304   0.16635716]
  [ 0.10320691 -0.33386666  0.21890634]
  [ 0.16694003 -0.14408237  0.08584616]
  [ 0.02971308 -0.66834426  0.06010887]
  [ 0.01874587 -0.86574775  0.04952818]
  [ 0.07984894 -0.78777605 -0.06445039]
  [ 0.0921175  -0.82813096 -0.02210261]
  [ 0.0322255  -0.81778777 -0.04542534]
  [ 0.095205   -0.80886     0.07437438]
  [-0.02991664 -0.79003364  0.02337873]]]