[[[-0.35585228 -0.5312247   0.73048025]
  [-0.18277395 -0.21362022  0.42246446]
  [-0.09375015 -0.10474649  0.00829567]
  [ 0.10646126 -0.22542672 -0.01128877]
  [ 0.11302064 -0.27576867  0.4300131 ]
  [ 0.08877961 -0.5490322   0.82009465]
  [-0.3452447  -0.17381752 -0.6056776 ]
  [-0.3816653  -0.12809056 -0.36328852]
  [-0.149422   -0.26987627 -0.37366977]
  [ 0.09873411 -0.32927376 -0.34784427]
  [ 0.33261037 -0.2808873  -0.20433754]
  [ 0.31742492 -0.10065651 -0.3591491 ]
  [-0.02443852 -0.31512007 -0.40392038]
  [-0.02664807 -0.42971596 -0.5266607 ]
  [-0.01549198 -0.29047436 -0.571921  ]
  [ 0.01235082 -0.34245324 -0.57307214]
  [-0.05178355 -0.33705208 -0.56973207]
  [ 0.0460768  -0.37792057 -0.4941937 ]
  [-0.08197112 -0.37264752 -0.490346  ]]]