[[[-0.11142673  0.16233304  0.7893051 ]
  [-0.09633922  0.02482371  0.36885706]
  [-0.11522445 -0.17550337  0.01291723]
  [ 0.10991506 -0.20787756 -0.02363458]
  [ 0.16000627  0.08162978  0.288909  ]
  [ 0.22911015  0.27873132  0.6816349 ]
  [-0.4715073  -0.6024277  -0.01801047]
  [-0.3448615  -0.49165392  0.14963126]
  [-0.20859149 -0.5363086  -0.06749893]
  [-0.02145229 -0.5737299  -0.21235184]
  [ 0.15498696 -0.50369424 -0.39601827]
  [-0.01430573 -0.4839612  -0.55428386]
  [-0.13479416 -0.5870462  -0.15315051]
  [-0.1550563  -0.7425581  -0.13238604]
  [-0.25538316 -0.6870524  -0.22704703]
  [-0.21115512 -0.7263021  -0.22327563]
  [-0.24735111 -0.7084118  -0.17281795]
  [-0.12122472 -0.6985869  -0.21070078]
  [-0.19454318 -0.6666645  -0.10823222]]]