[[[-0.04619201  0.59009814  0.30912519]
  [-0.09772699  0.19744113  0.11135074]
  [-0.11798024 -0.2192876   0.042967  ]
  [ 0.10889423 -0.22634065 -0.02884966]
  [ 0.0708964   0.20118982 -0.03602516]
  [ 0.1566958   0.5926647   0.16055124]
  [-0.4200814  -0.28192794  0.21273188]
  [-0.20986842 -0.3984954   0.2463486 ]
  [-0.17376229 -0.589804    0.06077079]
  [ 0.04172534 -0.60812247 -0.1005568 ]
  [ 0.11516114 -0.3521726  -0.07753755]
  [-0.04588576 -0.21010752 -0.18169348]
  [-0.08922828 -0.6584656  -0.03963504]
  [-0.15434356 -0.846075   -0.05908746]
  [-0.22013411 -0.7336068  -0.13126895]
  [-0.18865281 -0.78312975 -0.13917685]
  [-0.22500356 -0.7724313  -0.08698912]
  [-0.09570728 -0.7914813  -0.1153997 ]
  [-0.17261113 -0.7718838  -0.00709173]]]