[[[-0.3783117   0.14692724  0.7091159 ]
  [-0.16624427  0.12517911  0.28941247]
  [-0.08590659 -0.13994968 -0.04483731]
  [ 0.09347116 -0.2659026   0.03281089]
  [ 0.13135456 -0.02847308  0.40279493]
  [ 0.09616692 -0.04761504  0.87627953]
  [-0.27524272 -0.37019527 -0.5179017 ]
  [-0.3393251  -0.24178405 -0.3131807 ]
  [-0.16346666 -0.45736194 -0.28596494]
  [ 0.06637398 -0.5682971  -0.17190234]
  [ 0.2430751  -0.53463274  0.04519101]
  [ 0.2820597  -0.4207024  -0.16286734]
  [-0.05005215 -0.55528486 -0.26694566]
  [-0.0795879  -0.72492224 -0.31572548]
  [-0.04377215 -0.63683593 -0.42892486]
  [-0.02653275 -0.68558806 -0.39804772]
  [-0.0886402  -0.66647506 -0.40090352]
  [ 0.0071818  -0.6785284  -0.3091156 ]
  [-0.12276717 -0.6448208  -0.31518623]]]