[[[-0.06812377  0.37451968  0.64628583]
  [-0.0880021   0.14536636  0.26236624]
  [-0.11681247 -0.17994249  0.00086019]
  [ 0.11071196 -0.24002974 -0.00115569]
  [ 0.19206662  0.1284331   0.2038703 ]
  [ 0.28398883  0.39698935  0.55416656]
  [-0.5414212  -0.38864625 -0.14675356]
  [-0.41801476 -0.41959763  0.05944673]
  [-0.23455098 -0.54990304 -0.08525998]
  [ 0.02214478 -0.5896361  -0.15121387]
  [ 0.21674457 -0.3986142  -0.14644204]
  [ 0.07530794 -0.29518944 -0.30405924]
  [-0.12290296 -0.6161635  -0.13910548]
  [-0.16129103 -0.79028416 -0.14599659]
  [-0.21017846 -0.7101683  -0.26258415]
  [-0.1732451  -0.75409836 -0.24734052]
  [-0.22615592 -0.7390079  -0.2130901 ]
  [-0.09363884 -0.739092   -0.19519588]
  [-0.20370746 -0.7119396  -0.12424968]]]