[[[ 0.08524379  0.45748165  0.45424628]
  [-0.0013856   0.11005931  0.23078981]
  [-0.06522436 -0.27822137  0.10709903]
  [ 0.03702976 -0.22294867 -0.10025851]
  [-0.05157144  0.15176956  0.03818042]
  [-0.09656855  0.5453628   0.1776592 ]
  [-0.31174672 -0.36454424  0.14193662]
  [-0.11824154 -0.44813997  0.25828004]
  [-0.11899242 -0.65536284  0.08519842]
  [-0.0385456  -0.6562084  -0.18417859]
  [ 0.00370339 -0.3977388  -0.25379914]
  [-0.21331339 -0.31001383 -0.21474494]
  [-0.1053452  -0.7198111  -0.0517395 ]
  [-0.17541602 -0.9285146  -0.03335586]
  [-0.2672428  -0.8065621  -0.01365496]
  [-0.25649905 -0.855021   -0.04935103]
  [-0.23635182 -0.8509782   0.01334884]
  [-0.17775607 -0.864716   -0.11355637]
  [-0.1359173  -0.85841894  0.02151482]]]