[[[ 0.19002609  0.0724927   0.4708743 ]
  [-0.16003923  0.08575709  0.22058775]
  [-0.01424898 -0.27012277  0.13327488]
  [ 0.01637194 -0.19884813 -0.1235886 ]
  [-0.23925403  0.04567843  0.00073874]
  [ 0.10286202  0.23424384  0.18555483]
  [-0.5621686   0.12269617  0.22747277]
  [-0.414621   -0.10658635  0.24508023]
  [-0.37229896 -0.35443437  0.15267581]
  [-0.43012437 -0.27619725 -0.07867911]
  [-0.47408605 -0.01143624 -0.05003831]
  [-0.5864373   0.2028657   0.06291297]
  [-0.43707603 -0.34429175  0.03909719]
  [-0.62210673 -0.4316442   0.05856124]
  [-0.6011753  -0.28001794  0.07802177]
  [-0.62677985 -0.32085115  0.04263099]
  [-0.61443    -0.32984218  0.10716076]
  [-0.57476443 -0.38372293 -0.01549049]
  [-0.5506893  -0.41026425  0.11942428]]]