[[[ 0.16910091  0.6423361  -0.03331538]
  [ 0.16318466  0.17969678 -0.02054206]
  [ 0.01511626 -0.2308141  -0.1035985 ]
  [-0.00771956 -0.2462367   0.13007498]
  [ 0.07566551  0.18425     0.17834981]
  [-0.0459272   0.61152464  0.33189046]
  [ 0.13757648 -0.1330657  -0.21527848]
  [ 0.00762844 -0.3671741  -0.20830923]
  [-0.00532614 -0.6339866  -0.12452661]
  [-0.03322757 -0.62436056  0.15134755]
  [-0.09686406 -0.35676113  0.21704027]
  [-0.05452573 -0.1060189   0.281895  ]
  [-0.00548633 -0.70031804  0.01278475]
  [-0.03963826 -0.8994554   0.00465541]
  [ 0.00499679 -0.8164825  -0.11096348]
  [ 0.017499   -0.86656445 -0.07781741]
  [-0.04205274 -0.8399251  -0.07914777]
  [ 0.05596549 -0.8638533   0.01526018]
  [-0.07212628 -0.81281805  0.00596069]]]