[[[ 0.76678807 -0.20067698  0.310661  ]
  [ 0.37559205 -0.11311949  0.12236824]
  [-0.05289512 -0.14370735  0.10216984]
  [ 0.03404178 -0.2430782  -0.10137156]
  [ 0.37946543 -0.05408806  0.07327866]
  [ 0.7462115  -0.07912283  0.3180954 ]
  [-0.44161722  0.16816758  0.28557193]
  [-0.40110752 -0.06929223  0.17406653]
  [-0.43710408 -0.26683295  0.02214193]
  [-0.4421234  -0.22276196 -0.18366565]
  [-0.48372036  0.02745858 -0.1745059 ]
  [-0.5466303   0.27799162 -0.14817975]
  [-0.47284135 -0.2617231  -0.08808242]
  [-0.659854   -0.32644865 -0.10805672]
  [-0.6247849  -0.17780508 -0.13216981]
  [-0.64436114 -0.22829771 -0.15865332]
  [-0.65412384 -0.2139705  -0.09560796]
  [-0.58819896 -0.30727333 -0.17017958]
  [-0.60876274 -0.28757226 -0.04087273]]]