[[[-0.37336746 -0.00366007  0.77187926]
  [-0.22921261 -0.02230651  0.33873677]
  [-0.10757388 -0.17639533 -0.03257348]
  [ 0.11926522 -0.22990167  0.03398952]
  [ 0.03329287 -0.05021898  0.41387922]
  [-0.0584371   0.00746802  0.86162686]
  [-0.30749455 -0.39268404 -0.40187976]
  [-0.36368397 -0.3965066  -0.16642144]
  [-0.14004108 -0.5464859  -0.21801805]
  [ 0.12201057 -0.591889   -0.14602974]
  [ 0.25533748 -0.5331875   0.0871446 ]
  [ 0.2664241  -0.35964882 -0.06913181]
  [-0.00856528 -0.61373216 -0.2138366 ]
  [-0.02623828 -0.78603876 -0.21059713]
  [-0.0062469  -0.73637307 -0.35189626]
  [ 0.01894265 -0.76917064 -0.30840436]
  [-0.04576625 -0.7600091  -0.3137505 ]
  [ 0.05451697 -0.72996604 -0.22696398]
  [-0.08088098 -0.71391064 -0.23582996]]]