[[[-0.48664555  0.14277981  0.65243924]
  [-0.24955699  0.05249935  0.26643395]
  [-0.10105076 -0.18170062 -0.04172778]
  [ 0.11266179 -0.2378795   0.03615946]
  [ 0.07662135  0.06208992  0.35031933]
  [ 0.01087539  0.18311739  0.79427475]
  [-0.2731295  -0.42109224 -0.36600196]
  [-0.35903427 -0.35293514 -0.14557186]
  [-0.15475889 -0.5327015  -0.20171177]
  [ 0.10937184 -0.59312415 -0.14002116]
  [ 0.30785653 -0.48503003  0.02534433]
  [ 0.23493853 -0.35530683 -0.1614862 ]
  [-0.02855895 -0.6096933  -0.20274617]
  [-0.06040782 -0.78099525 -0.2232008 ]
  [-0.05701062 -0.70891    -0.3554265 ]
  [-0.02964366 -0.7521497  -0.32277817]
  [-0.09229217 -0.7349477  -0.31329668]
  [ 0.02363648 -0.7318831  -0.24392758]
  [-0.10668967 -0.70086676 -0.2240589 ]]]