[[[-0.5208824   0.12619932  0.6162763 ]
  [-0.25689852  0.09057247  0.23524775]
  [-0.08958378 -0.1673143  -0.0517384 ]
  [ 0.10440544 -0.24794675  0.04289205]
  [ 0.03726013  0.00213055  0.3957148 ]
  [-0.07827447  0.06494994  0.846408  ]
  [-0.172891   -0.2689213  -0.42082995]
  [-0.26592916 -0.26347482 -0.18923365]
  [-0.13794008 -0.50921774 -0.23241508]
  [ 0.10280361 -0.5911105  -0.10814067]
  [ 0.21749413 -0.4765517   0.12074662]
  [ 0.234539   -0.32778245 -0.06707025]
  [-0.01994917 -0.6069715  -0.20171073]
  [-0.0509464  -0.77665013 -0.18417984]
  [-0.03376922 -0.7412049  -0.3283615 ]
  [-0.01105656 -0.7749519  -0.28315938]
  [-0.07359695 -0.7552063  -0.28443098]
  [ 0.036639   -0.73504883 -0.20969631]
  [-0.09441437 -0.69987965 -0.20987071]]]