[[[-0.24290805  0.45591116  0.29556257]
  [-0.19608846  0.13026245 -0.00543368]
  [-0.12472296 -0.29850715  0.029397  ]
  [ 0.11560981 -0.28620055  0.00389512]
  [ 0.15148814  0.13753791 -0.02630682]
  [ 0.21822773  0.5200373   0.20281619]
  [-0.27274778 -0.43667588 -0.08555005]
  [-0.30921584 -0.6270902   0.09166139]
  [-0.10333443 -0.79019934 -0.02151256]
  [ 0.1946037  -0.709635   -0.08394434]
  [ 0.24016172 -0.4301431  -0.09018275]
  [ 0.01504693 -0.3925045  -0.21358034]
  [ 0.0561041  -0.8082433  -0.08596502]
  [ 0.08980618 -0.996904   -0.21029142]
  [ 0.01180956 -0.8715309  -0.26233262]
  [ 0.06514353 -0.9062204  -0.2649923 ]
  [ 0.00926442 -0.93158364 -0.2379264 ]
  [ 0.1470259  -0.90580964 -0.19834606]
  [ 0.01900128 -0.9645537  -0.13684481]]]