[[[-0.5091387   0.29171446  0.51753944]
  [-0.28081745  0.08593243  0.17667091]
  [-0.10443064 -0.22821838 -0.0321638 ]
  [ 0.11875082 -0.20649149  0.03580137]
  [ 0.02470199  0.16594748  0.23319969]
  [-0.04840332  0.45946568  0.5815406 ]
  [-0.25090358 -0.48723307 -0.17420708]
  [-0.2796178  -0.47850165  0.06896129]
  [-0.07785537 -0.60559285 -0.0696518 ]
  [ 0.19921046 -0.57933635 -0.04903808]
  [ 0.3508746  -0.36567968  0.0508739 ]
  [ 0.21069914 -0.3169449  -0.13707718]
  [ 0.06661813 -0.64758694 -0.08450734]
  [ 0.0741462  -0.82877505 -0.08747414]
  [ 0.0744894  -0.76898336 -0.22608289]
  [ 0.10789154 -0.80056775 -0.18636599]
  [ 0.04236573 -0.79970974 -0.18498072]
  [ 0.14428577 -0.76183116 -0.10549375]
  [ 0.00914478 -0.7631246  -0.10110472]]]