[[[-0.3537794   0.22278461  0.7113871 ]
  [-0.17811327  0.12335139  0.27870354]
  [-0.09974054 -0.16328897 -0.03811036]
  [ 0.10182253 -0.25958425  0.02755963]
  [ 0.15166749  0.0298701   0.36315253]
  [ 0.18453926  0.09858003  0.83877665]
  [-0.29091316 -0.3401     -0.41432667]
  [-0.3477859  -0.27393097 -0.17684431]
  [-0.17893742 -0.49600405 -0.23774776]
  [ 0.08321187 -0.5844751  -0.16220091]
  [ 0.27619615 -0.48959216  0.02781319]
  [ 0.24211428 -0.36288726 -0.17821862]
  [-0.05249129 -0.5889489  -0.23963395]
  [-0.07626516 -0.7646489  -0.28001204]
  [-0.0647231  -0.6795717  -0.4016279 ]
  [-0.03894747 -0.7253289  -0.37080437]
  [-0.10256391 -0.71082175 -0.3650346 ]
  [ 0.00785176 -0.7109936  -0.2880128 ]
  [-0.12562987 -0.68656564 -0.2751494 ]]]