[[[-0.27857593 -0.10341409  0.8108841 ]
  [-0.15599358 -0.04846221  0.3838459 ]
  [-0.10471672 -0.14231569 -0.00970833]
  [ 0.11070321 -0.22618076 -0.00386671]
  [ 0.13991544 -0.03614102  0.37951466]
  [ 0.1590468  -0.00867272  0.8276202 ]
  [-0.4021832  -0.35312492 -0.34637848]
  [-0.42446178 -0.30383068 -0.11405262]
  [-0.22852783 -0.4522233  -0.2103863 ]
  [ 0.01504804 -0.5138226  -0.24932753]
  [ 0.2577787  -0.4019177  -0.21850476]
  [ 0.12240007 -0.27761874 -0.35685202]
  [-0.12118877 -0.5210147  -0.2547525 ]
  [-0.1471029  -0.6819307  -0.26954246]
  [-0.18504359 -0.60696787 -0.3915798 ]
  [-0.14820443 -0.6487472  -0.37199426]
  [-0.2060979  -0.6372424  -0.34570742]
  [-0.07976228 -0.6275609  -0.310453  ]
  [-0.19630663 -0.60941267 -0.25735977]]]