[[[-0.4138993   0.25300634  0.61045045]
  [-0.20069805  0.13708971  0.22233374]
  [-0.09107831 -0.16414577 -0.05107239]
  [ 0.1000403  -0.25989425  0.04564901]
  [ 0.14921129  0.05892472  0.3364102 ]
  [ 0.08254303  0.11656833  0.78880227]
  [-0.32080746 -0.34589523 -0.41613564]
  [-0.38442612 -0.34174204 -0.17799194]
  [-0.1661502  -0.49905598 -0.24111858]
  [ 0.07533828 -0.5931267  -0.1427406 ]
  [ 0.21963987 -0.5507144   0.09103952]
  [ 0.27784684 -0.41463137 -0.09607723]
  [-0.04442118 -0.58762264 -0.23364033]
  [-0.07553528 -0.75873417 -0.28876135]
  [-0.02525481 -0.6694251  -0.39833164]
  [-0.01200326 -0.7180342  -0.3650313 ]
  [-0.07329229 -0.69936395 -0.37586758]
  [ 0.00946263 -0.7117271  -0.27172664]
  [-0.11954637 -0.67725134 -0.29373088]]]