[[[-0.09649467  0.53786576  0.3302807 ]
  [-0.11081233  0.1778116   0.1013188 ]
  [-0.11075795 -0.22998393  0.04109484]
  [ 0.09580264 -0.23218116 -0.03853189]
  [ 0.12530123  0.17825957  0.02160634]
  [ 0.23650655  0.5689736   0.16424508]
  [-0.31797248 -0.4832942  -0.0780657 ]
  [-0.23266599 -0.36513743  0.10840531]
  [-0.14926901 -0.60612464  0.09094672]
  [ 0.05527653 -0.6451395  -0.06657703]
  [ 0.16311641 -0.41443557 -0.04331694]
  [ 0.02587542 -0.2562621  -0.14023991]
  [-0.06710428 -0.684977    0.00744955]
  [-0.08785467 -0.8738148   0.02480637]
  [-0.20441645 -0.7840471   0.04295494]
  [-0.18370524 -0.83056724  0.01048286]
  [-0.16080447 -0.81566536  0.06929496]
  [-0.11336762 -0.8222531  -0.0580303 ]
  [-0.06990866 -0.7957401   0.06742984]]]