[[[-0.3593572  -0.42145544  0.7596732 ]
  [-0.16671044 -0.15087318  0.4278653 ]
  [-0.08411196 -0.09123819  0.00501655]
  [ 0.10219212 -0.23322113 -0.00492803]
  [ 0.0792215  -0.25879413  0.43479002]
  [-0.00232822 -0.5030191   0.82991964]
  [-0.35186508 -0.22406332 -0.59219587]
  [-0.3730784  -0.10561378 -0.3785414 ]
  [-0.16775295 -0.27439    -0.3540566 ]
  [ 0.05630182 -0.38023016 -0.33174458]
  [ 0.29235584 -0.44440374 -0.2111502 ]
  [ 0.3599695  -0.2926342  -0.3763751 ]
  [-0.05869341 -0.34252995 -0.38244176]
  [-0.09431895 -0.46039137 -0.4949178 ]
  [-0.05277268 -0.3321939  -0.550714  ]
  [-0.03804548 -0.38898432 -0.5493774 ]
  [-0.09856755 -0.36814812 -0.5447043 ]
  [-0.0109129  -0.42595494 -0.4698104 ]
  [-0.13203895 -0.3899536  -0.46289086]]]