[[[-0.39272255  0.37255302  0.5385626 ]
  [-0.1770656   0.17536029  0.17617612]
  [-0.09031612 -0.17530742 -0.0552948 ]
  [ 0.09847996 -0.25449654  0.04814643]
  [ 0.09923061  0.07474398  0.3371677 ]
  [ 0.05058322  0.26136926  0.76524055]
  [-0.15128192 -0.26213962 -0.37399566]
  [-0.261456   -0.27652463 -0.14866129]
  [-0.15777683 -0.5340956  -0.18970248]
  [ 0.07708588 -0.6078973  -0.0543802 ]
  [ 0.12851122 -0.46113056  0.17734921]
  [ 0.19160257 -0.28677717  0.02202568]
  [-0.04102311 -0.6330967  -0.1540819 ]
  [-0.06671911 -0.81141275 -0.13671608]
  [-0.0750543  -0.76627934 -0.2784605 ]
  [-0.04539744 -0.8034198  -0.24019134]
  [-0.10619539 -0.78235954 -0.22834052]
  [ 0.01697057 -0.76966864 -0.17473678]
  [-0.11114949 -0.7321206  -0.14832596]]]