[[[ 0.08488193  0.500734    0.30800202]
  [-0.00487431  0.11601299  0.19331418]
  [-0.00431259 -0.2883769   0.12342612]
  [-0.02565175 -0.22662823 -0.09986843]
  [-0.02643228  0.15575238  0.04029629]
  [ 0.04652579  0.5463791   0.15420435]
  [-0.15997268 -0.55030197  0.28820387]
  [ 0.0758028  -0.5867687   0.29571205]
  [ 0.03600254 -0.7116757   0.0684704 ]
  [-0.09565895 -0.6770474  -0.17349124]
  [-0.23587853 -0.45207083 -0.18690881]
  [-0.3017661  -0.5401541   0.01709336]
  [-0.03650152 -0.74990577 -0.05046466]
  [-0.06591804 -0.9618073  -0.02366666]
  [-0.1472556  -0.85439456  0.05226463]
  [-0.15024957 -0.898547    0.01036205]
  [-0.10241929 -0.8953134   0.05527205]
  [-0.11253422 -0.8932137  -0.08451141]
  [-0.00950157 -0.89007926  0.01341688]]]