[[[-5.36248565e-01  2.11371891e-02  6.51839674e-01]
  [-2.80735999e-01  3.84794623e-02  2.63380766e-01]
  [-9.54892114e-02 -1.67484373e-01 -4.35319766e-02]
  [ 1.11375056e-01 -2.34311551e-01  3.56115997e-02]
  [ 5.49004227e-03 -2.51125544e-02  4.03943926e-01]
  [-1.19572937e-01  5.03790891e-03  8.55914950e-01]
  [-1.61894798e-01 -3.05313259e-01 -4.13427204e-01]
  [-2.42780402e-01 -2.43599087e-01 -1.87625125e-01]
  [-1.26472846e-01 -4.94161427e-01 -2.35427588e-01]
  [ 1.33483380e-01 -5.50547242e-01 -1.60172105e-01]
  [ 3.01311791e-01 -3.62728477e-01 -3.14074159e-02]
  [ 1.52695358e-01 -2.79740036e-01 -1.99708402e-01]
  [-5.11126593e-04 -5.81213117e-01 -2.22888529e-01]
  [-1.48334904e-02 -7.52060294e-01 -2.08849043e-01]
  [-1.08968455e-03 -7.12701917e-01 -3.51758838e-01]
  [ 2.57104002e-02 -7.43312657e-01 -3.07155877e-01]
  [-3.90994102e-02 -7.32960463e-01 -3.09601516e-01]
  [ 6.51205927e-02 -6.98494077e-01 -2.32156232e-01]
  [-6.84885979e-02 -6.82255805e-01 -2.34498724e-01]]]