[[[ 0.32471937  0.27895343  0.36651787]
  [ 0.08696557  0.15504272  0.01559512]
  [-0.07381613 -0.18851744  0.1138055 ]
  [ 0.04430857 -0.24847676 -0.10669463]
  [ 0.32108223  0.04254429  0.06024287]
  [ 0.6312095   0.14954834  0.37031204]
  [-0.51310676  0.33267578  0.18933658]
  [-0.42687353  0.07331266  0.17570464]
  [-0.41853577 -0.16774198  0.05682173]
  [-0.4269951  -0.13389139 -0.1824915 ]
  [-0.4839959   0.11301757 -0.26739767]
  [-0.618646    0.34087154 -0.25594297]
  [-0.45960006 -0.1553948  -0.06735875]
  [-0.6679266  -0.14494987 -0.09004865]
  [-0.5771268  -0.02054413 -0.09964106]
  [-0.6137019  -0.05813556 -0.13127434]
  [-0.62021565 -0.04608825 -0.06639185]
  [-0.59061307 -0.15267009 -0.15080646]
  [-0.6093663  -0.13554882 -0.01571924]]]