[[[-0.352183    0.06276951  0.71712464]
  [-0.19274954  0.06539412  0.30554396]
  [-0.0712584  -0.11269927 -0.06086808]
  [ 0.09313383 -0.23391686  0.05915032]
  [ 0.02615704  0.0370165   0.3668329 ]
  [-0.07952399  0.01044354  0.7950635 ]
  [-0.0400321  -0.4526374  -0.68282133]
  [-0.09901576 -0.3127404  -0.50598824]
  [ 0.0607251  -0.40509698 -0.3299572 ]
  [ 0.20820564 -0.46260065 -0.1637024 ]
  [ 0.23190777 -0.49794295  0.09377924]
  [ 0.4396222  -0.41567433  0.09914373]
  [ 0.15860052 -0.4542765  -0.2748232 ]
  [ 0.20521103 -0.5959149  -0.36194757]
  [ 0.2888674  -0.4769655  -0.37823445]
  [ 0.29088652 -0.53086394 -0.35790196]
  [ 0.25494814 -0.51236874 -0.40719488]
  [ 0.23620245 -0.5546356  -0.2876471 ]
  [ 0.16644263 -0.52189016 -0.3855543 ]]]