[[[-1.5114197e-01  4.7351122e-01  2.0258014e-01]
  [-1.3026658e-01  1.3601068e-01 -6.0874544e-02]
  [-1.1993621e-01 -2.8349391e-01 -7.5598974e-03]
  [ 1.0498669e-01 -2.9230556e-01  2.4510879e-02]
  [ 2.0421888e-01  9.3648843e-02  1.1621378e-01]
  [ 3.0938375e-01  4.2789793e-01  3.8213789e-01]
  [-2.2700326e-01 -4.7340101e-01 -1.5263152e-01]
  [-3.1607020e-01 -5.2923954e-01  7.3995508e-02]
  [-1.5423892e-01 -7.3625755e-01 -2.6271636e-02]
  [ 1.4884515e-01 -7.4237943e-01 -2.0571768e-02]
  [ 3.1327185e-01 -5.4974139e-01  1.0389073e-01]
  [ 2.8843117e-01 -4.7543195e-01 -1.2686493e-01]
  [ 4.1636080e-04 -8.0381119e-01 -6.1498411e-02]
  [ 6.7075943e-03 -1.0201858e+00 -1.2770647e-01]
  [-2.9840358e-02 -9.0969121e-01 -2.3005539e-01]
  [ 1.3102018e-02 -9.5319307e-01 -2.1069945e-01]
  [-4.9691327e-02 -9.5639819e-01 -1.8982142e-01]
  [ 8.1292629e-02 -9.4332135e-01 -1.3371298e-01]
  [-6.1345026e-02 -9.5398962e-01 -8.6073413e-02]]]