[[[-5.3189814e-02  3.0130452e-01  2.5302392e-01]
  [-2.9443443e-01  8.1688631e-05  1.4730757e-01]
  [-3.8798056e-03 -2.4028023e-01  1.3379350e-01]
  [ 2.5423175e-02 -2.1864155e-01 -1.1075440e-01]
  [-2.8462279e-01 -2.3017336e-02 -1.2786125e-01]
  [-4.6824370e-02  2.6650304e-01  1.6819458e-02]
  [-4.3583367e-02 -4.4448477e-01  5.0702715e-01]
  [-2.5482131e-02 -5.6081355e-01  2.9759696e-01]
  [-2.2434226e-01 -5.4076505e-01  1.3447954e-01]
  [-2.9061162e-01 -4.6110874e-01 -1.0577658e-01]
  [-1.6945428e-01 -2.5822055e-01 -2.1925485e-01]
  [-2.6819751e-01 -5.1624980e-02 -1.7603330e-01]
  [-3.0478409e-01 -5.2080548e-01  2.8317282e-02]
  [-4.6450773e-01 -6.3215119e-01  3.8183536e-02]
  [-4.5056194e-01 -5.1228732e-01  1.2884983e-01]
  [-4.8184291e-01 -5.3274083e-01  8.5302256e-02]
  [-4.5036724e-01 -5.6980044e-01  1.2792887e-01]
  [-4.4637033e-01 -5.4781330e-01 -5.4767020e-03]
  [-3.8255659e-01 -6.2616140e-01  8.5165381e-02]]]