[[[ 0.05588217  0.6356131   0.20370069]
  [-0.04083228  0.21281159  0.02758517]
  [-0.12064695 -0.23078272  0.05190847]
  [ 0.10597667 -0.23706248 -0.03095303]
  [ 0.0724877   0.21118031 -0.05231282]
  [ 0.1776138   0.61152065  0.17618725]
  [-0.24380405 -0.0934063   0.03780081]
  [-0.18402089 -0.34188008  0.12345932]
  [-0.15294734 -0.61836714  0.07757675]
  [ 0.08819243 -0.6409149  -0.06443906]
  [ 0.17586412 -0.37186468 -0.06383429]
  [ 0.15266281 -0.1242851  -0.1529543 ]
  [-0.04962043 -0.70054436 -0.00586424]
  [-0.08544043 -0.9026272   0.02134726]
  [-0.19507283 -0.8041986  -0.00925089]
  [-0.1671767  -0.85585576 -0.02806696]
  [-0.16367178 -0.83570343  0.03404593]
  [-0.07652265 -0.8579103  -0.07065213]
  [-0.07340679 -0.8190688   0.06325463]]]