[[[-0.38115734  0.03397394  0.7029635 ]
  [-0.11431865 -0.07508719  0.39209524]
  [ 0.09842923 -0.11433303  0.0432342 ]
  [-0.06475715 -0.26124775 -0.02309397]
  [-0.20509468 -0.26897693  0.3600579 ]
  [-0.5386596  -0.14316507  0.5957175 ]
  [ 0.33107302 -0.34849218 -0.5584345 ]
  [ 0.33451825 -0.22021991 -0.36335588]
  [ 0.14303577 -0.0787028  -0.35857597]
  [-0.03097994 -0.17999122 -0.3740762 ]
  [-0.17340378 -0.37466025 -0.33248517]
  [-0.14902197 -0.5099831  -0.5062631 ]
  [ 0.05136846 -0.12236886 -0.39969403]
  [ 0.00528752 -0.05729224 -0.54713726]
  [ 0.05568916 -0.19603805 -0.5433976 ]
  [ 0.00828409 -0.16613773 -0.5558956 ]
  [ 0.06699754 -0.14502354 -0.56539357]
  [-0.03025938 -0.11512589 -0.49139914]
  [ 0.08155157 -0.07256702 -0.5109038 ]]]