[[[-0.27768093  0.3593799   0.57131904]
  [-0.14941274  0.14948756  0.20449838]
  [-0.08521397 -0.1759537  -0.06329104]
  [ 0.09726596 -0.24560441  0.06499649]
  [ 0.0756955   0.10283631  0.29887602]
  [ 0.0038214   0.33063012  0.6752803 ]
  [-0.23376581 -0.25824472 -0.3343555 ]
  [-0.28579748 -0.3914655  -0.14448118]
  [-0.08216013 -0.5282819  -0.24192622]
  [ 0.15703827 -0.55856425 -0.11959068]
  [ 0.23727217 -0.38834238  0.07324521]
  [ 0.26333556 -0.29301447 -0.13907565]
  [ 0.05098568 -0.58705026 -0.22147633]
  [ 0.0653922  -0.7517519  -0.3131992 ]
  [ 0.0911771  -0.6257462  -0.3888631 ]
  [ 0.11657225 -0.6760701  -0.36989668]
  [ 0.05300134 -0.67045116 -0.37941465]
  [ 0.13515666 -0.6943967  -0.27743277]
  [ 0.00346164 -0.6853933  -0.2991581 ]]]