[[[-0.27111214  0.21370792  0.7288819 ]
  [-0.17597121  0.0807244   0.3015953 ]
  [-0.11296908 -0.18280672 -0.01116044]
  [ 0.11549474 -0.22962335  0.0044566 ]
  [ 0.11885282  0.06654905  0.32302326]
  [ 0.13116257  0.21666965  0.75859976]
  [-0.37469766 -0.31629142 -0.22834425]
  [-0.35401115 -0.35362098  0.01274114]
  [-0.20727926 -0.5391731  -0.12457078]
  [ 0.06234694 -0.5831412  -0.14884058]
  [ 0.23360428 -0.37964314 -0.06968682]
  [ 0.10261444 -0.29297635 -0.24688919]
  [-0.08579023 -0.61497706 -0.16202712]
  [-0.11653074 -0.7891538  -0.16065258]
  [-0.14699021 -0.7248797  -0.2925701 ]
  [-0.1112266  -0.76483005 -0.26571828]
  [-0.17060287 -0.74981016 -0.24351874]
  [-0.04335474 -0.73823786 -0.20351472]
  [-0.16555035 -0.7121199  -0.15614317]]]