[[[ 0.2689573   0.37504867 -0.13576996]
  [ 0.2441868  -0.05441174 -0.29027128]
  [-0.11032713 -0.22899093 -0.05836092]
  [ 0.0590419  -0.28930497  0.12804377]
  [ 0.41818616 -0.10805769 -0.05366942]
  [ 0.42861828  0.3088779   0.15753962]
  [-0.33833763 -0.3368778  -0.31374663]
  [-0.37132126 -0.38230097 -0.05101548]
  [-0.25797504 -0.654809   -0.01857343]
  [ 0.01512457 -0.68375355  0.13608494]
  [ 0.14272845 -0.4251508   0.19966832]
  [ 0.30406293 -0.45741922 -0.00878653]
  [-0.11558994 -0.74048555  0.03756871]
  [-0.10971336 -0.95739925 -0.02242225]
  [-0.08107144 -0.8411395  -0.12155095]
  [-0.05717767 -0.88879037 -0.08915925]
  [-0.12298036 -0.8836264  -0.09985141]
  [-0.03236215 -0.89266044  0.01214771]
  [-0.18193486 -0.8818212  -0.01299039]]]