[[[-0.06963438  0.3987661   0.59492064]
  [-0.05790463  0.16007736  0.22463809]
  [-0.09701447 -0.1661218  -0.04554119]
  [ 0.09993885 -0.2567402   0.04353457]
  [ 0.17249778  0.10762564  0.24228504]
  [ 0.22604595  0.396716    0.5760222 ]
  [-0.31326073 -0.13959926 -0.3666206 ]
  [-0.34957102 -0.28188074 -0.17349169]
  [-0.19363943 -0.4965177  -0.22082898]
  [ 0.05093351 -0.57970864 -0.14330558]
  [ 0.17153084 -0.39863932  0.01649763]
  [ 0.19478396 -0.23776668 -0.15428515]
  [-0.0785058  -0.58749115 -0.2187786 ]
  [-0.12471248 -0.75998366 -0.28682965]
  [-0.08987601 -0.65295905 -0.38561672]
  [-0.07227492 -0.70573056 -0.36383843]
  [-0.13365906 -0.68570447 -0.3621984 ]
  [-0.03787223 -0.7172623  -0.27455804]
  [-0.16623445 -0.67902535 -0.2722116 ]]]