[[[ 0.4036461   0.30144596  0.16258822]
  [ 0.04536352  0.17096983 -0.03441971]
  [-0.04974072 -0.18042122  0.12806587]
  [ 0.01980951 -0.2500851  -0.10397945]
  [ 0.29926047  0.07246619 -0.08894693]
  [ 0.71975523  0.10841313  0.04451687]
  [-0.5044736   0.18531808  0.32120904]
  [-0.42458618 -0.05628172  0.24535571]
  [-0.4062556  -0.28658563  0.11458296]
  [-0.4286841  -0.24837321 -0.13026288]
  [-0.51865315 -0.00584117 -0.17282946]
  [-0.6434277   0.2229586  -0.17468701]
  [-0.45505896 -0.29219058 -0.01345026]
  [-0.62774163 -0.3904039  -0.03084943]
  [-0.6278788  -0.23721988 -0.03912938]
  [-0.6368703  -0.28740036 -0.07057786]
  [-0.6459733  -0.28224584 -0.00593102]
  [-0.5647057  -0.3503044  -0.09398618]
  [-0.58281195 -0.34884664  0.03988137]]]