[[[-0.2701356  -0.2612046   0.8176028 ]
  [-0.16118065 -0.08063971  0.4087081 ]
  [-0.08525743 -0.10150609 -0.01525613]
  [ 0.10029577 -0.24194194  0.00964923]
  [ 0.10042769 -0.1641264   0.43549293]
  [ 0.07267946 -0.30211     0.87729543]
  [-0.3208343  -0.35445946 -0.62937814]
  [-0.3207003  -0.1847969  -0.45250842]
  [-0.1456807  -0.3541089  -0.34153026]
  [ 0.06009848 -0.4709444  -0.25091678]
  [ 0.24381484 -0.53345484 -0.06376731]
  [ 0.37224904 -0.37046725 -0.17308387]
  [-0.04217866 -0.44141403 -0.3273847 ]
  [-0.07047186 -0.5968797  -0.37091655]
  [-0.00398819 -0.5192538  -0.47631037]
  [ 0.00322435 -0.56559896 -0.44064385]
  [-0.05450261 -0.54596597 -0.46170577]
  [ 0.00992895 -0.55302435 -0.348959  ]
  [-0.10752911 -0.5187109  -0.39023358]]]