[[[-0.37491593 -0.14196636  0.7929719 ]
  [-0.18785727 -0.00141926  0.3804468 ]
  [-0.09236947 -0.12647724 -0.0229347 ]
  [ 0.10140149 -0.25557557  0.0126567 ]
  [ 0.12875034 -0.10760046  0.43072835]
  [ 0.08386675 -0.20776449  0.8964646 ]
  [-0.3951108  -0.33807367 -0.5027861 ]
  [-0.3989731  -0.21369913 -0.28601536]
  [-0.2031893  -0.41167203 -0.29110402]
  [ 0.03612329 -0.5347641  -0.2398998 ]
  [ 0.2657861  -0.56369025 -0.08065388]
  [ 0.30317008 -0.4425777  -0.28411427]
  [-0.09246858 -0.50615853 -0.3047768 ]
  [-0.13720314 -0.6640324  -0.35836098]
  [-0.12311549 -0.5679731  -0.4693135 ]
  [-0.10199676 -0.61963415 -0.4476887 ]
  [-0.16221178 -0.5985503  -0.4354087 ]
  [-0.04935716 -0.62073225 -0.3689207 ]
  [-0.17508599 -0.5836828  -0.34366366]]]