[[[-0.38555977  0.3073628   0.6065745 ]
  [-0.20888142  0.11876709  0.2244703 ]
  [-0.10524074 -0.19464892 -0.03663785]
  [ 0.11355025 -0.24015558  0.03551662]
  [ 0.07249093  0.08656155  0.31971267]
  [ 0.01416195  0.31238022  0.72151273]
  [-0.2819369  -0.42109582 -0.30191275]
  [-0.35995495 -0.38385046 -0.07064778]
  [-0.16270895 -0.5607199  -0.16046092]
  [ 0.11321755 -0.6023427  -0.11841128]
  [ 0.30454695 -0.45575222  0.02737746]
  [ 0.1882134  -0.3696359  -0.16378231]
  [-0.02754207 -0.6323638  -0.17162944]
  [-0.03786461 -0.8131119  -0.2042057 ]
  [-0.03151999 -0.73070574 -0.3306604 ]
  [-0.00139475 -0.7714512  -0.29679957]
  [-0.06669249 -0.7650082  -0.29458615]
  [ 0.03885295 -0.7500463  -0.21100646]
  [-0.0971283  -0.7403538  -0.20496   ]]]