[[[-0.40238598 -0.08508331  0.7708061 ]
  [-0.22446634 -0.03277572  0.35223848]
  [-0.10052419 -0.14531644 -0.02614045]
  [ 0.1123222  -0.23800403  0.01883711]
  [ 0.08066049 -0.10475187  0.42703536]
  [ 0.03091289 -0.15302883  0.8850251 ]
  [-0.33946362 -0.29910856 -0.46406293]
  [-0.36065108 -0.23845814 -0.22770365]
  [-0.18951651 -0.4535918  -0.24788597]
  [ 0.06120389 -0.5525676  -0.21665338]
  [ 0.31845647 -0.5134537  -0.12167028]
  [ 0.31525254 -0.35348946 -0.296268  ]
  [-0.07635694 -0.5466856  -0.25759718]
  [-0.11354074 -0.7082008  -0.24302949]
  [-0.11540831 -0.66827434 -0.38662052]
  [-0.08777149 -0.7038374  -0.34754673]
  [-0.14944258 -0.6835275  -0.3402954 ]
  [-0.03112049 -0.6681861  -0.27872282]
  [-0.15897939 -0.630833   -0.26150715]]]