[[[-0.41138816  0.24649353  0.63028103]
  [-0.21691738  0.10366365  0.2360771 ]
  [-0.10067391 -0.18693025 -0.04267196]
  [ 0.10972958 -0.24952595  0.04037986]
  [ 0.06891599  0.04629971  0.35369164]
  [-0.00288477  0.2300991   0.77597594]
  [-0.22315046 -0.3564503  -0.3445152 ]
  [-0.33954695 -0.31860384 -0.12807903]
  [-0.17464615 -0.5416732  -0.17928809]
  [ 0.09071268 -0.6149202  -0.09875271]
  [ 0.26754466 -0.48355994  0.07925936]
  [ 0.21388721 -0.37962386 -0.12973163]
  [-0.04805268 -0.6355488  -0.16934088]
  [-0.08653147 -0.8154173  -0.17405781]
  [-0.04882508 -0.7641243  -0.31150264]
  [-0.0313809  -0.800857   -0.2656025 ]
  [-0.09424028 -0.784331   -0.2757258 ]
  [ 0.00091098 -0.76735526 -0.18039817]
  [-0.13139138 -0.7360355  -0.1984998 ]]]