[[[ 0.02416036  0.3707965  -0.3856813 ]
  [ 0.02067605 -0.08112305 -0.37093613]
  [-0.12077631 -0.26710463 -0.01185202]
  [ 0.10710651 -0.21857621  0.08827955]
  [ 0.18087822  0.10690808 -0.19313595]
  [ 0.1568592   0.57555896 -0.21037245]
  [-0.3041265  -0.1922934  -0.10711914]
  [-0.21877512 -0.41419867  0.01687442]
  [-0.07332093 -0.6560892   0.02096787]
  [ 0.20524225 -0.61116403  0.10518617]
  [ 0.2588638  -0.33362     0.11128598]
  [ 0.28534138 -0.16075222 -0.08618204]
  [ 0.08124819 -0.70040566  0.05102013]
  [ 0.09585544 -0.90914685  0.04924496]
  [ 0.12756656 -0.8283165  -0.07645713]
  [ 0.15116352 -0.8642411  -0.03192983]
  [ 0.08669935 -0.86431557 -0.04707552]
  [ 0.1672207  -0.83769566  0.06349844]
  [ 0.02681432 -0.83966285  0.02965156]]]