[[[-0.33163732  0.07088199  0.740018  ]
  [-0.20080177  0.06964937  0.30258095]
  [-0.10450052 -0.16575646 -0.02870371]
  [ 0.11022071 -0.24259776  0.01977893]
  [ 0.14436318  0.05068896  0.3386923 ]
  [ 0.13204232  0.12383626  0.7929745 ]
  [-0.37028086 -0.4186626  -0.3502189 ]
  [-0.41299033 -0.37180883 -0.1137343 ]
  [-0.19233254 -0.509059   -0.20029776]
  [ 0.07382368 -0.5693385  -0.16733201]
  [ 0.292456   -0.45321402 -0.03904745]
  [ 0.22011086 -0.37848228 -0.25159243]
  [-0.06641285 -0.58286285 -0.21761224]
  [-0.0917486  -0.75493276 -0.25631225]
  [-0.08368639 -0.6669898  -0.37692362]
  [-0.05643165 -0.7120116  -0.34822473]
  [-0.12006653 -0.7005397  -0.34240633]
  [-0.01209217 -0.69875723 -0.26478165]
  [-0.14367762 -0.6798678  -0.25159633]]]