[[[-3.98839653e-01 -1.25326127e-01  7.87189484e-01]
  [-2.12753639e-01  2.28306511e-04  3.64120603e-01]
  [-9.84504223e-02 -1.44906029e-01 -2.71520242e-02]
  [ 1.04056463e-01 -2.52245724e-01  1.23418653e-02]
  [ 1.31331161e-01 -5.72825447e-02  4.15947080e-01]
  [ 1.11688323e-01 -1.33884087e-01  8.90977085e-01]
  [-3.13923240e-01 -3.03321391e-01 -4.65981871e-01]
  [-3.48887920e-01 -2.27364421e-01 -2.27577224e-01]
  [-1.77349433e-01 -4.46877062e-01 -2.82589465e-01]
  [ 8.62323493e-02 -5.31923175e-01 -2.29373962e-01]
  [ 3.06650758e-01 -4.41433549e-01 -7.06696734e-02]
  [ 2.41291627e-01 -3.27606112e-01 -2.75324911e-01]
  [-5.06315157e-02 -5.32769263e-01 -2.96426058e-01]
  [-5.91159053e-02 -7.01512158e-01 -3.46592009e-01]
  [-6.46647140e-02 -6.07902050e-01 -4.61065084e-01]
  [-3.25881280e-02 -6.52730942e-01 -4.36381131e-01]
  [-9.67511609e-02 -6.45710230e-01 -4.25805151e-01]
  [ 1.72860175e-02 -6.38971269e-01 -3.56241375e-01]
  [-1.15250364e-01 -6.30729258e-01 -3.34061682e-01]]]