[[[-0.19241847  0.6119951   0.03146345]
  [-0.01285354  0.18991217 -0.03505642]
  [-0.04105299 -0.25598216 -0.0985297 ]
  [ 0.05297404 -0.25843185  0.12285819]
  [ 0.05170605  0.18085508  0.10936546]
  [-0.05972278  0.59295166  0.30137047]
  [ 0.0070789  -0.4011985  -0.3244087 ]
  [-0.18243074 -0.5019752  -0.18334527]
  [ 0.01330334 -0.69691414 -0.13466474]
  [ 0.1258682  -0.69622505  0.12468485]
  [ 0.02496358 -0.49671757  0.2960181 ]
  [ 0.22409257 -0.35536158  0.2261256 ]
  [ 0.11196102 -0.74825233 -0.02107438]
  [ 0.17027068 -0.9454618  -0.04933093]
  [ 0.24878    -0.8367999  -0.12548132]
  [ 0.2509176  -0.8813712  -0.08057849]
  [ 0.20346493 -0.8811047  -0.12690482]
  [ 0.2131743  -0.8737434   0.01340573]
  [ 0.10995408 -0.8758325  -0.08987436]]]