[[[-4.53839749e-01  3.89331840e-02  7.23717749e-01]
  [-2.43160263e-01  2.62219682e-02  3.08771253e-01]
  [-9.66986343e-02 -1.61384255e-01 -4.18757945e-02]
  [ 1.09907679e-01 -2.51001924e-01  3.74171697e-02]
  [ 4.95430119e-02 -3.97400856e-02  4.16171879e-01]
  [-5.73622733e-02 -8.66852934e-04  8.70740175e-01]
  [-2.97864616e-01 -3.32620263e-01 -4.76788998e-01]
  [-3.80007923e-01 -3.21139157e-01 -2.41498813e-01]
  [-1.56888604e-01 -4.86503392e-01 -2.70056427e-01]
  [ 9.81578305e-02 -5.77402115e-01 -1.92071691e-01]
  [ 3.18510860e-01 -5.51821530e-01 -2.01588422e-02]
  [ 3.06998968e-01 -3.79506290e-01 -1.88227966e-01]
  [-3.24403718e-02 -5.73562384e-01 -2.66165078e-01]
  [-6.51070699e-02 -7.45284379e-01 -3.01960468e-01]
  [-2.35479157e-02 -6.69762671e-01 -4.25256670e-01]
  [-7.15059042e-03 -7.13947833e-01 -3.87111783e-01]
  [-6.97706789e-02 -6.96654081e-01 -3.96300703e-01]
  [ 2.11857595e-02 -6.96426988e-01 -2.96222508e-01]
  [-1.10508874e-01 -6.64250791e-01 -3.13952416e-01]]]