[[[ 0.05200963  0.5071597   0.06459326]
  [-0.01319999  0.118845    0.17237933]
  [ 0.07502958 -0.28021476  0.08957882]
  [-0.08452312 -0.25683552 -0.06126134]
  [-0.15939407  0.12412788  0.04039726]
  [-0.185317    0.53495014 -0.01671053]
  [-0.21761206 -0.3175668   0.35625762]
  [-0.0592682  -0.49460858  0.27948058]
  [-0.05708586 -0.7062259   0.13339771]
  [-0.14456093 -0.6550142  -0.12718308]
  [-0.09084983 -0.4049458  -0.17539677]
  [-0.14417921 -0.17949516 -0.09921784]
  [-0.13197502 -0.74204576 -0.00162483]
  [-0.26125896 -0.9182792  -0.0386197 ]
  [-0.29348797 -0.7943945   0.04113127]
  [-0.30135578 -0.82512707 -0.01201067]
  [-0.28052592 -0.8552527   0.04235665]
  [-0.23577812 -0.83532274 -0.0868623 ]
  [-0.18982075 -0.90187496  0.03273699]]]