[[[ 0.06310087  0.6191818   0.15484852]
  [-0.03039143  0.22185731  0.00731621]
  [-0.11918427 -0.18273082  0.01221744]
  [ 0.10847335 -0.23750113  0.00159798]
  [ 0.16854048  0.17585982 -0.01396927]
  [ 0.28965876  0.569011    0.13654219]
  [-0.24812536 -0.20841698  0.10394848]
  [-0.2069079  -0.3827371   0.25400984]
  [-0.23488304 -0.5198998   0.0389351 ]
  [-0.00989494 -0.5971619  -0.06290283]
  [ 0.15695064 -0.40567857  0.00821111]
  [ 0.03722337 -0.26932567 -0.13083549]
  [-0.15471789 -0.60653245 -0.04064925]
  [-0.26178554 -0.762787   -0.08588235]
  [-0.25111285 -0.647735   -0.17675292]
  [-0.2374526  -0.7044315  -0.17172377]
  [-0.28658485 -0.67686707 -0.14172813]
  [-0.17420533 -0.735543   -0.110521  ]
  [-0.2752412  -0.6826237  -0.04908044]]]