[[[-0.4925223   0.17831534  0.6255469 ]
  [-0.27038342  0.05963992  0.23472486]
  [-0.10778195 -0.21394704 -0.02822219]
  [ 0.11870234 -0.21879564  0.02491496]
  [ 0.03853147  0.12729606  0.2815812 ]
  [-0.0171586   0.35985965  0.6828599 ]
  [-0.24165842 -0.4460114  -0.25149727]
  [-0.3128481  -0.38257694 -0.02268366]
  [-0.1328453  -0.57955146 -0.10918611]
  [ 0.14643204 -0.6071429  -0.07296514]
  [ 0.32507825 -0.42795885  0.05256092]
  [ 0.21479855 -0.3544875  -0.14802237]
  [ 0.00253213 -0.65002847 -0.11677638]
  [-0.02093738 -0.8267326  -0.11240977]
  [-0.01794996 -0.77555287 -0.25463906]
  [ 0.01163329 -0.81073916 -0.2140851 ]
  [-0.05272404 -0.7975785  -0.20949543]
  [ 0.05991681 -0.7745144  -0.1381921 ]
  [-0.07373305 -0.7506335  -0.12687275]]]