[[[-0.7116085   0.07306378  0.15340592]
  [-0.41088107 -0.18428366  0.0214197 ]
  [-0.04085355 -0.27764747  0.09619589]
  [ 0.07255579 -0.14555918 -0.06184316]
  [-0.27823997 -0.09798308 -0.23238534]
  [-0.5679824   0.20606019 -0.22522767]
  [-0.14184418 -0.48589203  0.18038274]
  [ 0.04481977 -0.41979152  0.28208548]
  [ 0.14494306 -0.5569001   0.10075284]
  [ 0.3070688  -0.4979779  -0.08146651]
  [ 0.35311842 -0.3075226  -0.24260266]
  [ 0.16251735 -0.40374297 -0.31426528]
  [ 0.22690742 -0.5736151   0.0054749 ]
  [ 0.25788075 -0.748279    0.03556046]
  [ 0.13109529 -0.7083423  -0.03428335]
  [ 0.17916167 -0.7399595  -0.04169822]
  [ 0.15390775 -0.726203    0.01602421]
  [ 0.26886982 -0.702348   -0.04723265]
  [ 0.21311529 -0.6758416   0.07180762]]]