[[[-0.6447818  -0.09067507  0.5012908 ]
  [-0.38373327 -0.13299902  0.16686043]
  [-0.05156263 -0.29518443 -0.00107346]
  [ 0.06378313 -0.09422296 -0.00941327]
  [-0.33210763  0.02184578  0.01442009]
  [-0.64387906  0.2117476   0.23321643]
  [-0.06476905 -0.47541463 -0.26251507]
  [-0.027597   -0.4980755  -0.0423589 ]
  [ 0.21909112 -0.5095119  -0.06065708]
  [ 0.38374195 -0.35363927 -0.12231934]
  [ 0.37561953 -0.114189   -0.21163149]
  [ 0.2507546  -0.18054767 -0.38649398]
  [ 0.32253537 -0.468925   -0.0983023 ]
  [ 0.39589518 -0.6183812  -0.07843956]
  [ 0.3073078  -0.6046442  -0.19952288]
  [ 0.3626908  -0.6171702  -0.18519053]
  [ 0.31135717 -0.62822527 -0.1470618 ]
  [ 0.41941655 -0.55247366 -0.14080213]
  [ 0.31655025 -0.5789933  -0.06798443]]]