[[[-0.33915922  0.39926386  0.40130708]
  [-0.1714928   0.16652377  0.02839679]
  [-0.11722341 -0.28604114 -0.03045738]
  [ 0.11277466 -0.28294322  0.06339253]
  [ 0.15374117  0.15322226 -0.02624432]
  [ 0.1265489   0.57758886  0.1820235 ]
  [-0.10800529 -0.26562503 -0.25578177]
  [-0.23558834 -0.46215686 -0.11510514]
  [-0.11179315 -0.7346141  -0.11033027]
  [ 0.14930475 -0.73874944  0.06634724]
  [ 0.15682644 -0.47732645  0.20359907]
  [ 0.27587643 -0.33926207  0.01019447]
  [ 0.03819208 -0.810303   -0.05065174]
  [ 0.05726067 -1.0327499  -0.10283496]
  [ 0.06240583 -0.9232651  -0.21641709]
  [ 0.09471281 -0.9686541  -0.18291152]
  [ 0.0271011  -0.96779144 -0.18269001]
  [ 0.13673466 -0.9587323  -0.08608226]
  [-0.01769743 -0.9597297  -0.08673064]]]