[[[-0.03535509  0.6036269   0.05479519]
  [-0.00805816  0.15984939 -0.06721786]
  [-0.1002094  -0.2850842  -0.05995464]
  [ 0.09619708 -0.28347024  0.08851884]
  [ 0.02535856  0.15112996  0.15466201]
  [-0.15133722  0.49387544  0.4193902 ]
  [-0.18602882 -0.3332277  -0.15496285]
  [-0.29064065 -0.56313485 -0.06158283]
  [-0.09515643 -0.77420187 -0.08670369]
  [ 0.17711078 -0.72925436  0.06682763]
  [ 0.19007492 -0.4474755   0.14385514]
  [ 0.19775206 -0.2511766  -0.03682293]
  [ 0.06307406 -0.8169956  -0.0375976 ]
  [ 0.07785694 -1.0303311  -0.10520063]
  [ 0.0787272  -0.91192466 -0.20919555]
  [ 0.11207555 -0.9599464  -0.18189514]
  [ 0.04474673 -0.9571572  -0.17720327]
  [ 0.16156036 -0.9600635  -0.08744889]
  [ 0.00792884 -0.95605356 -0.07828541]]]