[[[-0.3409551   0.44536287  0.47747892]
  [-0.19058539  0.16339616  0.15126123]
  [-0.10560931 -0.20098415 -0.03660811]
  [ 0.11201323 -0.2381705   0.04195017]
  [ 0.107115    0.14479344  0.23997992]
  [ 0.09362994  0.4422897   0.5920929 ]
  [-0.2817469  -0.41695097 -0.26896098]
  [-0.36545414 -0.3772765  -0.04121945]
  [-0.17266397 -0.5679919  -0.10191247]
  [ 0.09675454 -0.61723816 -0.04029736]
  [ 0.28205144 -0.46340498  0.10265663]
  [ 0.1983521  -0.38779283 -0.10734652]
  [-0.04244908 -0.6475122  -0.09735957]
  [-0.07137336 -0.83032674 -0.11224626]
  [-0.04193546 -0.7634547  -0.24426866]
  [-0.02054996 -0.8030431  -0.2035225 ]
  [-0.08425075 -0.7897947  -0.20975138]
  [ 0.01162412 -0.7770092  -0.11622144]
  [-0.12140241 -0.7526915  -0.12721743]]]