[[[-0.14325704  0.33114263  0.6494958 ]
  [-0.11011986  0.13164072  0.25614917]
  [-0.1027482  -0.171417   -0.03671463]
  [ 0.10803244 -0.23350003  0.02925495]
  [ 0.12746969  0.13573122  0.24146129]
  [ 0.1402396   0.3454271   0.63489467]
  [-0.26588088 -0.3301696  -0.33368468]
  [-0.3425429  -0.32240242 -0.10738938]
  [-0.17969637 -0.527118   -0.15334572]
  [ 0.07469946 -0.57429504 -0.10231733]
  [ 0.20734793 -0.35663888 -0.01418298]
  [ 0.17115459 -0.2567196  -0.2213126 ]
  [-0.0607204  -0.6057527  -0.14996259]
  [-0.11222822 -0.7759246  -0.15339187]
  [-0.0898471  -0.71481335 -0.28739226]
  [-0.0703889  -0.75777376 -0.2510293 ]
  [-0.13041225 -0.7343348  -0.24914455]
  [-0.0248185  -0.7380003  -0.17005062]
  [-0.1479989  -0.6946358  -0.16543938]]]