[[[-0.08054243  0.5733688   0.19055337]
  [-0.02013839  0.18129908 -0.03901665]
  [-0.0984015  -0.25975546 -0.06322035]
  [ 0.09065341 -0.29255638  0.08788301]
  [ 0.12962405  0.14645797  0.12988658]
  [ 0.10293616  0.54316384  0.37006903]
  [-0.044602   -0.17553656 -0.254821  ]
  [-0.17301732 -0.40745655 -0.19921887]
  [-0.11231674 -0.6909797  -0.17544569]
  [ 0.0728314  -0.73682624  0.06297743]
  [ 0.07512037 -0.49807286  0.22749189]
  [ 0.20513137 -0.26800525  0.24682975]
  [-0.00142747 -0.7870247  -0.08221243]
  [ 0.01925518 -1.0062813  -0.1433108 ]
  [ 0.04685068 -0.8898777  -0.24285749]
  [ 0.0716736  -0.938143   -0.20900077]
  [ 0.00582261 -0.9345863  -0.2210147 ]
  [ 0.09449809 -0.93851715 -0.1064623 ]
  [-0.05354939 -0.93309015 -0.13535786]]]