[[[-0.00401153  0.57259583  0.35028848]
  [-0.0121208   0.2134181   0.07840899]
  [-0.09560403 -0.19039431 -0.05683164]
  [ 0.09308809 -0.26442692  0.07104649]
  [ 0.19939904  0.1403058   0.16597414]
  [ 0.25670168  0.48122153  0.46343288]
  [-0.2862994  -0.13691325 -0.34987712]
  [-0.30758047 -0.2900898  -0.15177011]
  [-0.2108737  -0.5487041  -0.15292488]
  [ 0.01610929 -0.6407059  -0.01995827]
  [ 0.11418992 -0.42493486  0.11883321]
  [ 0.2485498  -0.2635818  -0.00767154]
  [-0.10527094 -0.65395385 -0.11779103]
  [-0.17064373 -0.8346025  -0.17180003]
  [-0.1117655  -0.7442781  -0.27700663]
  [-0.10408677 -0.7963104  -0.24726078]
  [-0.16220324 -0.7678373  -0.25358438]
  [-0.07767928 -0.8029103  -0.15306564]
  [-0.20235163 -0.7451926  -0.1676231 ]]]