[[[-0.38992536  0.3585784   0.5431111 ]
  [-0.1929989   0.16533987  0.17381474]
  [-0.09470571 -0.1804696  -0.05202971]
  [ 0.10169136 -0.26093262  0.05193784]
  [ 0.14054145  0.08816618  0.31105864]
  [ 0.07665286  0.23860183  0.7459858 ]
  [-0.34224358 -0.37732938 -0.39008752]
  [-0.40033135 -0.38836405 -0.14766954]
  [-0.17271785 -0.5383581  -0.20715281]
  [ 0.07407821 -0.62543213 -0.10464925]
  [ 0.22911863 -0.5775433   0.1240394 ]
  [ 0.26943132 -0.4412092  -0.0714709 ]
  [-0.04841819 -0.6260304  -0.1951673 ]
  [-0.07940129 -0.8037153  -0.23787814]
  [-0.0334092  -0.7220432  -0.35629815]
  [-0.01857882 -0.7679328  -0.31904042]
  [-0.08070821 -0.7505171  -0.3292504 ]
  [ 0.00670918 -0.75444525 -0.22636032]
  [-0.12523451 -0.7219286  -0.24674524]]]