[[[ 1.94140762e-01  3.18361878e-01 -8.69983733e-02]
  [ 2.66851395e-01 -7.78729916e-02 -2.91854382e-01]
  [-1.00128427e-01 -2.30040625e-01 -7.23582357e-02]
  [ 4.45587449e-02 -2.90525973e-01  1.39015704e-01]
  [ 4.34860289e-01 -1.38698235e-01 -8.85721762e-04]
  [ 3.61371338e-01  2.67794788e-01  2.13777319e-01]
  [ 1.15136899e-01 -4.88858193e-01 -2.32612863e-01]
  [-1.41295552e-01 -3.91529977e-01 -2.30639026e-01]
  [-2.34935492e-01 -6.38897240e-01 -9.55272093e-02]
  [-4.82867137e-02 -6.92754149e-01  1.55625477e-01]
  [ 5.62520884e-02 -4.44454104e-01  2.80640066e-01]
  [ 1.81103930e-01 -4.74456310e-01  4.74047400e-02]
  [-1.44855052e-01 -7.37985075e-01  1.80183500e-02]
  [-1.32484525e-01 -9.60887313e-01 -3.39519642e-02]
  [-6.39342666e-02 -8.47105980e-01 -1.14335664e-01]
  [-5.59370220e-02 -8.95066261e-01 -7.45902285e-02]
  [-1.12373665e-01 -8.88259053e-01 -1.10403121e-01]
  [-7.29681849e-02 -8.97047162e-01  2.82502361e-02]
  [-2.00806662e-01 -8.83378327e-01 -5.34354299e-02]]]