[[[-0.38837343  0.22711717  0.6550079 ]
  [-0.20985141  0.0820929   0.26642373]
  [-0.10128087 -0.1760744  -0.03980727]
  [ 0.11291942 -0.23222451  0.03306855]
  [ 0.06865213  0.05585428  0.34696886]
  [ 0.01707098  0.24359098  0.75738835]
  [-0.26485142 -0.3666126  -0.31378394]
  [-0.34621012 -0.39217472 -0.08840085]
  [-0.14269462 -0.5273136  -0.20378791]
  [ 0.12283579 -0.5551033  -0.16176502]
  [ 0.2943425  -0.41331413 -0.00093163]
  [ 0.16304204 -0.30393845 -0.16099486]
  [-0.00961585 -0.58663154 -0.21712609]
  [-0.01006007 -0.75921226 -0.2647411 ]
  [-0.00741934 -0.6645415  -0.38058865]
  [ 0.0243947  -0.706802   -0.35261393]
  [-0.04056727 -0.70381945 -0.35027504]
  [ 0.06162091 -0.69357014 -0.26534462]
  [-0.07077998 -0.6913433  -0.26033676]]]