[[[ 0.0175347   0.6431038  -0.08004827]
  [ 0.10364346  0.19595486  0.03152243]
  [ 0.08138327 -0.24454132 -0.07403933]
  [-0.07210512 -0.24736302  0.11665121]
  [ 0.06169453  0.1757767   0.1755952 ]
  [-0.17487599  0.58469933  0.1772008 ]
  [ 0.28096646 -0.18055063 -0.09784517]
  [ 0.14586553 -0.39549994 -0.18384767]
  [ 0.1069911  -0.6543585  -0.07209428]
  [-0.0870613  -0.6524931   0.13878551]
  [-0.19860198 -0.3885362   0.15477668]
  [-0.17339177 -0.1440583   0.2531822 ]
  [ 0.02557211 -0.7231897   0.05023743]
  [ 0.03755888 -0.9333761   0.04436275]
  [ 0.1496819  -0.85567373  0.11007157]
  [ 0.10333867 -0.8959295   0.1195221 ]
  [ 0.13047089 -0.88707674  0.06020078]
  [ 0.00695888 -0.87215614  0.11906667]
  [ 0.06668736 -0.85625124 -0.00771497]]]