[[[-1.78892165e-01  4.58351642e-01  2.02581704e-01]
  [-1.56228244e-01  1.38960749e-01 -8.05727318e-02]
  [-1.24863669e-01 -2.66805410e-01  2.09543388e-02]
  [ 1.14572935e-01 -2.66252786e-01  1.67155117e-02]
  [ 1.50349557e-01  1.39059648e-01 -6.00670017e-02]
  [ 1.71886146e-01  4.88727510e-01  1.95944786e-01]
  [-2.05600202e-01 -1.08956921e+00 -1.12068988e-01]
  [-3.29842746e-01 -8.98802996e-01 -7.30857207e-03]
  [-1.16545528e-01 -7.41596222e-01 -1.58373788e-02]
  [ 1.20845795e-01 -7.43927300e-01 -7.73756877e-02]
  [ 2.56558657e-01 -9.05841112e-01 -2.28647694e-01]
  [ 8.25488195e-02 -1.08262587e+00 -2.59578347e-01]
  [ 3.84720974e-04 -7.68383324e-01 -5.99086955e-02]
  [-1.21911103e-02 -9.64393914e-01 -6.25035316e-02]
  [ 7.23386556e-03 -9.04139757e-01 -2.05335602e-01]
  [ 3.38317230e-02 -9.34992194e-01 -1.58564210e-01]
  [-3.23038623e-02 -9.31996942e-01 -1.65250540e-01]
  [ 6.56742677e-02 -8.96707535e-01 -6.84579089e-02]
  [-8.33361447e-02 -8.89711559e-01 -8.09925422e-02]]]