[[[ 0.17485093  0.5003922   0.38853005]
  [ 0.01612162  0.17190957  0.16564941]
  [-0.11967416 -0.19678622  0.01583838]
  [ 0.1077483  -0.2378738  -0.02136678]
  [ 0.12151896  0.16262801  0.10773721]
  [ 0.21615264  0.5154923   0.3358967 ]
  [-0.5037133  -0.64990544 -0.16188435]
  [-0.4304408  -0.5551524   0.04020846]
  [-0.19821121 -0.640066   -0.00327023]
  [ 0.023406   -0.651944   -0.07179419]
  [ 0.12626955 -0.4318195  -0.13420257]
  [-0.02735328 -0.5057097  -0.28087974]
  [-0.10393886 -0.68783915 -0.04904468]
  [-0.15863544 -0.8657292  -0.03823528]
  [-0.20749342 -0.78345025 -0.15827829]
  [-0.17397122 -0.8300463  -0.14329645]
  [-0.22380637 -0.80892617 -0.10742997]
  [-0.09000771 -0.8213577  -0.0928072 ]
  [-0.19321989 -0.782642   -0.01928714]]]