[[[ 0.0176164   0.39783102  0.16925323]
  [-0.12472749  0.1402743  -0.13727282]
  [-0.12445191 -0.26212528  0.02201747]
  [ 0.11441687 -0.27257672  0.01870435]
  [ 0.13130796  0.12881589 -0.10826593]
  [ 0.15614645  0.5358352   0.05121266]
  [-0.2678494  -1.1708564  -0.18426651]
  [-0.29157102 -0.9379406  -0.08712038]
  [-0.09964232 -0.76796395 -0.0027396 ]
  [ 0.15681675 -0.6760125   0.02775881]
  [ 0.27249983 -0.43179446  0.06058946]
  [ 0.2983861  -0.40920156 -0.18025626]
  [ 0.03369301 -0.77004874 -0.0027064 ]
  [ 0.06129345 -0.9720997   0.00950422]
  [ 0.02958911 -0.916517   -0.13223901]
  [ 0.07295593 -0.94237375 -0.0950783 ]
  [ 0.0082281  -0.9468792  -0.08101319]
  [ 0.12532651 -0.8957653  -0.01939422]
  [-0.01777173 -0.907296    0.01138297]]]