[[[-0.15067111  0.5967488   0.16725375]
  [-0.121941    0.18555059 -0.05063629]
  [-0.12542602 -0.26365668  0.00559151]
  [ 0.12163502 -0.24209467  0.03256899]
  [ 0.07862686  0.17170891 -0.12003959]
  [ 0.08690093  0.6232226   0.01435341]
  [-0.14887637 -0.23128538 -0.22171079]
  [-0.22992983 -0.4188395  -0.04781676]
  [-0.1076052  -0.6751591  -0.05619769]
  [ 0.17931445 -0.6641895   0.00679407]
  [ 0.24285653 -0.4011947   0.10123888]
  [ 0.22613564 -0.15543349  0.00211847]
  [ 0.04466437 -0.7348533  -0.0494189 ]
  [ 0.03997326 -0.94358206 -0.08491037]
  [ 0.06927375 -0.8484819  -0.20263971]
  [ 0.09305894 -0.89212674 -0.16444409]
  [ 0.02736965 -0.88552845 -0.17372453]
  [ 0.11895496 -0.8789421  -0.06751588]
  [-0.0249197  -0.8660517  -0.08811278]]]