[[[-0.3141599   0.45398355  0.27175605]
  [-0.21296176  0.12071706  0.03862074]
  [-0.11665629 -0.27014488  0.02458621]
  [ 0.10808547 -0.2542709  -0.01059731]
  [ 0.15253833  0.13453224 -0.07661063]
  [ 0.2841043   0.51466143  0.06290045]
  [-0.20370184 -0.29431653 -0.06365687]
  [-0.18772197 -0.4474683   0.12303571]
  [-0.10510508 -0.6805135   0.03516855]
  [ 0.1376459  -0.64978343 -0.10623509]
  [ 0.08999372 -0.3923835  -0.15263373]
  [-0.1161672  -0.2870576  -0.22367585]
  [ 0.01893782 -0.7386712  -0.0474942 ]
  [ 0.01311964 -0.9556438  -0.05424381]
  [-0.04146877 -0.86985517 -0.16739163]
  [ 0.00225789 -0.90901715 -0.15107654]
  [-0.05482285 -0.90563935 -0.1194668 ]
  [ 0.07865694 -0.88780385 -0.09091613]
  [-0.04483127 -0.8827734  -0.02211629]]]