[[[-9.84778851e-02  4.65996474e-01  2.12673470e-01]
  [-1.94345549e-01  1.44935444e-01 -2.14952193e-02]
  [-1.10282883e-01 -2.29294926e-01  6.54591396e-02]
  [ 9.43108425e-02 -2.66237676e-01 -2.45541632e-02]
  [ 1.78797498e-01  9.20503866e-03 -2.60009646e-01]
  [ 4.10243779e-01  3.59912664e-01 -2.96609819e-01]
  [-2.45678157e-01 -1.81998119e-01 -2.46542171e-01]
  [-2.68079609e-01 -3.58308673e-01 -6.96574599e-02]
  [-2.14710206e-01 -5.96635938e-01  5.75368293e-04]
  [ 7.80150108e-03 -6.12420082e-01 -1.43634945e-01]
  [ 5.31753302e-02 -3.57279450e-01 -1.56715989e-01]
  [-1.19526368e-02 -1.20489225e-01 -1.57235995e-01]
  [-1.17429577e-01 -6.69511795e-01 -7.78000727e-02]
  [-1.49596885e-01 -8.70381296e-01 -7.71331266e-02]
  [-2.58628309e-01 -7.73422241e-01 -1.05784647e-01]
  [-2.27366954e-01 -8.18847597e-01 -1.28245920e-01]
  [-2.32449099e-01 -8.08938622e-01 -6.46955222e-02]
  [-1.31870896e-01 -8.12285542e-01 -1.57008782e-01]
  [-1.48039564e-01 -7.94705451e-01 -2.08359510e-02]]]