[[[-0.02568689  0.591104    0.17009754]
  [-0.08676459  0.18881994 -0.00404579]
  [-0.12161257 -0.24303487  0.02770125]
  [ 0.11299084 -0.24175903 -0.00583563]
  [ 0.06269544  0.17956272 -0.07983608]
  [ 0.12643445  0.5973388   0.06724051]
  [-0.33046722 -0.18725318  0.09582202]
  [-0.23469579 -0.41986558  0.14305004]
  [-0.14095548 -0.6526113   0.03866351]
  [ 0.12773964 -0.6463838  -0.02792489]
  [ 0.18881997 -0.38597152  0.01869565]
  [ 0.14134249 -0.15157497 -0.05909847]
  [-0.01113739 -0.7160613  -0.01691284]
  [-0.02539074 -0.9182242  -0.00788529]
  [-0.09517086 -0.84599304 -0.12194143]
  [-0.05105978 -0.8861012  -0.10748467]
  [-0.10083565 -0.87356544 -0.06716474]
  [ 0.03577304 -0.8622411  -0.0660221 ]
  [-0.07183695 -0.83897096  0.01991951]]]