[[[-4.78688598e-01  3.31927747e-01  8.97411928e-02]
  [-3.05065304e-01  1.29389949e-03 -1.74266279e-01]
  [-1.21901855e-01 -3.04360330e-01  5.81336394e-02]
  [ 1.22560501e-01 -2.74070233e-01  3.86434142e-04]
  [ 1.23747014e-01  1.50431305e-01 -1.07116409e-01]
  [ 3.36197257e-01  4.46540058e-01  1.81086838e-01]
  [-1.46293700e-01 -5.61818600e-01 -9.75899920e-02]
  [-2.40625530e-01 -5.28584719e-01  1.46393210e-01]
  [-9.36797410e-02 -7.64585137e-01  5.94686568e-02]
  [ 2.19583243e-01 -7.24093914e-01  1.02597754e-02]
  [ 3.21112335e-01 -4.50828522e-01  3.98120433e-02]
  [ 2.20052689e-01 -5.75452209e-01 -1.65076107e-01]
  [ 6.91561028e-02 -8.12339365e-01  4.93056420e-03]
  [ 7.83051848e-02 -1.03305316e+00 -4.58760746e-02]
  [ 5.76407984e-02 -9.26584780e-01 -1.61651909e-01]
  [ 9.75606218e-02 -9.68546569e-01 -1.32979333e-01]
  [ 3.10934819e-02 -9.71754313e-01 -1.22030810e-01]
  [ 1.53075576e-01 -9.53770638e-01 -4.49571051e-02]
  [ 5.81741333e-04 -9.63643253e-01 -1.89958587e-02]]]