[[[-4.92150486e-01  3.72502118e-01  9.10881460e-02]
  [-3.09557110e-01  2.07573473e-02 -1.32169470e-01]
  [-1.20832711e-01 -3.05474401e-01  5.15390076e-02]
  [ 1.20212346e-01 -2.75664538e-01  9.40499362e-04]
  [ 1.62107766e-01  1.41826615e-01 -7.54045993e-02]
  [ 3.71784091e-01  4.49496329e-01  1.98864877e-01]
  [-1.75561473e-01 -6.24840319e-01 -1.29899248e-01]
  [-2.76661903e-01 -5.76416850e-01  1.05779923e-01]
  [-8.46699625e-02 -7.78286099e-01  3.71753350e-02]
  [ 2.20479503e-01 -7.20559657e-01  9.57645103e-03]
  [ 3.00486118e-01 -4.49057043e-01  5.31931482e-02]
  [ 2.35155717e-01 -5.83127439e-01 -1.55783072e-01]
  [ 7.83273503e-02 -8.12705755e-01 -8.05920362e-03]
  [ 1.00887597e-01 -1.02839589e+00 -6.37525395e-02]
  [ 6.19724505e-02 -9.23494935e-01 -1.75701290e-01]
  [ 1.07029825e-01 -9.62374151e-01 -1.51519865e-01]
  [ 4.25622575e-02 -9.70437527e-01 -1.34245068e-01]
  [ 1.69877768e-01 -9.44332719e-01 -6.88815862e-02]
  [ 2.21576467e-02 -9.64772880e-01 -2.92682331e-02]]]