[[[-1.90492310e-02  5.20305693e-01  1.80387616e-01]
  [-1.24173060e-01  1.67800322e-01 -3.09832413e-02]
  [-1.17849275e-01 -2.42067799e-01  4.80048619e-02]
  [ 1.04978867e-01 -2.45354712e-01 -2.09590644e-02]
  [ 9.41419154e-02  1.67579859e-01 -5.64633571e-02]
  [ 1.65334240e-01  5.60971737e-01  1.00944579e-01]
  [-2.98326105e-01 -1.14990020e+00 -4.67173941e-02]
  [-2.62063682e-01 -9.02091026e-01  4.29297797e-03]
  [-1.05426043e-01 -7.04370260e-01  3.05061527e-02]
  [ 8.59834999e-02 -7.14108706e-01 -5.27711622e-02]
  [ 1.23698518e-01 -9.32065785e-01 -1.65889263e-01]
  [ 6.26671314e-02 -1.17229462e+00 -2.24921688e-01]
  [-1.04728881e-02 -7.29570568e-01 -1.63216218e-02]
  [ 5.55514533e-04 -9.06323373e-01  2.23881640e-02]
  [-8.85543227e-02 -8.79472435e-01 -9.96463522e-02]
  [-3.76751758e-02 -9.06079531e-01 -8.05223361e-02]
  [-8.65752995e-02 -8.91500473e-01 -3.95958945e-02]
  [ 4.84440029e-02 -8.57955575e-01 -5.35499826e-02]
  [-5.80023825e-02 -8.29778016e-01  3.68110798e-02]]]