[[[-2.34967098e-02  5.11585057e-01  1.36010811e-01]
  [-1.24146700e-01  1.56964704e-01 -6.67789057e-02]
  [-1.19739279e-01 -2.43189186e-01  4.49700579e-02]
  [ 1.07580759e-01 -2.49068335e-01 -1.49840880e-02]
  [ 9.08442736e-02  1.55661657e-01 -8.93444717e-02]
  [ 1.54412001e-01  5.51756084e-01  5.75917810e-02]
  [-2.48356223e-01 -1.09879220e+00 -1.10288158e-01]
  [-3.03798437e-01 -8.71625721e-01 -1.83640309e-02]
  [-1.16195247e-01 -7.02414811e-01  1.93657167e-02]
  [ 8.78724307e-02 -7.12052524e-01 -7.16775581e-02]
  [ 1.43635213e-01 -9.04351890e-01 -2.23666698e-01]
  [ 4.43667732e-02 -1.12821507e+00 -2.72626698e-01]
  [-1.50392447e-02 -7.31291592e-01 -3.06315329e-02]
  [-1.06597207e-02 -9.16304052e-01 -7.46527570e-04]
  [-8.19068849e-02 -8.78513992e-01 -1.31494820e-01]
  [-3.38428281e-02 -9.06537175e-01 -1.07923895e-01]
  [-8.86321962e-02 -8.96311760e-01 -7.35163838e-02]
  [ 4.63711657e-02 -8.60568225e-01 -6.43196031e-02]
  [-7.31052980e-02 -8.41841400e-01  1.22990496e-02]]]