[[[-0.5850836   0.279649    0.19996658]
  [-0.33720636  0.0100115  -0.06357884]
  [-0.12369755 -0.3131819   0.03475048]
  [ 0.12161725 -0.2876862   0.01858793]
  [ 0.23506661  0.07958119 -0.10530888]
  [ 0.42671984  0.3877656   0.17214435]
  [-0.15760508 -0.5193043  -0.12687767]
  [-0.24076225 -0.53602016  0.11912502]
  [-0.11321214 -0.7683983   0.00556037]
  [ 0.2051115  -0.75447357 -0.01877674]
  [ 0.3697126  -0.51725125 -0.03605568]
  [ 0.2705501  -0.7014357  -0.18333894]
  [ 0.05037493 -0.82690704 -0.03947078]
  [ 0.05520857 -1.0456343  -0.11168933]
  [ 0.06799427 -0.9258085  -0.21613517]
  [ 0.09713121 -0.9740549  -0.18469116]
  [ 0.03013542 -0.9721679  -0.18829283]
  [ 0.13359319 -0.9737481  -0.08603255]
  [-0.02274702 -0.97244346 -0.0925056 ]]]