[[[-0.02273345  0.52027303  0.34977347]
  [-0.0574844   0.18123218  0.08687705]
  [-0.11739993 -0.22840752 -0.01100091]
  [ 0.11072268 -0.24797426  0.01910572]
  [ 0.1127383   0.1696144   0.04947653]
  [ 0.1614713   0.5478832   0.25830832]
  [-0.22411503 -0.31557506 -0.13185929]
  [-0.29550523 -0.44628784  0.05730022]
  [-0.16103694 -0.64238507 -0.05792352]
  [ 0.11512345 -0.64104044 -0.054932  ]
  [ 0.19413662 -0.40182012  0.03385095]
  [ 0.09867594 -0.28408098 -0.14742006]
  [-0.02364625 -0.7027791  -0.08101841]
  [-0.0329015  -0.89283365 -0.06334638]
  [-0.08074712 -0.83743364 -0.19717105]
  [-0.03903687 -0.87303746 -0.17024383]
  [-0.09657805 -0.8596315  -0.1426859 ]
  [ 0.03638924 -0.83959013 -0.11539922]
  [-0.08684793 -0.8152687  -0.05629028]]]