[[[-0.0899078   0.41619948  0.02620637]
  [-0.23193984  0.05503707 -0.177695  ]
  [-0.12445813 -0.27152908  0.0623667 ]
  [ 0.10514765 -0.31313723 -0.00185543]
  [ 0.29244813  0.0528519  -0.050513  ]
  [ 0.5388523   0.40301707  0.11408125]
  [-0.29221517 -0.40598896 -0.00574641]
  [-0.3017343  -0.5289314   0.22827943]
  [-0.19405836 -0.75563246  0.089394  ]
  [ 0.0740393  -0.7426075  -0.08185904]
  [ 0.07513592 -0.47915646 -0.19816911]
  [-0.17312458 -0.40903825 -0.26270127]
  [-0.06436968 -0.8163765  -0.0116562 ]
  [-0.0912463  -1.0368328  -0.04582836]
  [-0.1583089  -0.9327781  -0.1431123 ]
  [-0.11297048 -0.9773417  -0.13488224]
  [-0.16515112 -0.9728661  -0.09250361]
  [-0.01864939 -0.96614254 -0.08749074]
  [-0.13818103 -0.9588813   0.01054358]]]