[[[ 5.61955310e-02  5.14595568e-01  3.80729437e-01]
  [-2.63487734e-02  1.74892783e-01  1.21344075e-01]
  [-1.19540751e-01 -2.25792274e-01 -2.67937779e-04]
  [ 1.09539449e-01 -2.53723174e-01  1.62033155e-03]
  [ 1.18622631e-01  1.61134377e-01  9.18041617e-02]
  [ 1.74807593e-01  5.29115975e-01  3.23716074e-01]
  [-2.92262018e-01 -3.89341742e-01 -7.86532536e-02]
  [-2.86111325e-01 -4.55888659e-01  1.52559742e-01]
  [-1.84727818e-01 -6.53421164e-01  6.13952521e-03]
  [ 8.46091360e-02 -6.54546976e-01 -5.48991561e-02]
  [ 1.54073805e-01 -3.98760259e-01 -1.21465661e-02]
  [ 1.42065175e-02 -3.59982222e-01 -1.98874548e-01]
  [-5.69120720e-02 -7.17580318e-01 -4.71751168e-02]
  [-7.49134123e-02 -9.15933251e-01 -4.24308404e-02]
  [-1.30074248e-01 -8.44658196e-01 -1.66459590e-01]
  [-8.73186365e-02 -8.83790612e-01 -1.46002904e-01]
  [-1.43235356e-01 -8.72799098e-01 -1.13844782e-01]
  [-8.06724653e-03 -8.57855082e-01 -9.21959877e-02]
  [-1.26494795e-01 -8.38115633e-01 -2.30093654e-02]]]