[[[-0.13996962  0.5005414   0.14075698]
  [-0.16739133  0.12635389 -0.10426803]
  [-0.12679774 -0.29918027  0.02879833]
  [ 0.12009412 -0.27744818  0.02048056]
  [ 0.10157414  0.13638252 -0.11354408]
  [ 0.1248945   0.5397547   0.09637238]
  [-0.14883749 -0.4349286  -0.16895384]
  [-0.24818653 -0.52244604  0.05655402]
  [-0.10114647 -0.75835496 -0.00667201]
  [ 0.21089539 -0.7133792  -0.00657253]
  [ 0.28280222 -0.44210595  0.05212264]
  [ 0.14690815 -0.3901595  -0.16266403]
  [ 0.06800002 -0.803632   -0.03652977]
  [ 0.1043354  -1.0168046  -0.10337062]
  [ 0.09301772 -0.90133744 -0.2098389 ]
  [ 0.13178712 -0.9420626  -0.17869881]
  [ 0.0649928  -0.95157766 -0.18032415]
  [ 0.17019749 -0.9342901  -0.08140091]
  [ 0.01781229 -0.95634294 -0.08420978]]]