[[[-0.13506718  0.5339714   0.11145546]
  [-0.13260695  0.1456675  -0.13547327]
  [-0.13157926 -0.27583516  0.02918167]
  [ 0.1213733  -0.28001553  0.02721661]
  [ 0.13467824  0.12261813 -0.15740086]
  [ 0.20579165  0.5433978   0.03017875]
  [-0.14340806 -0.43161607 -0.1469251 ]
  [-0.27668405 -0.45249584  0.08052374]
  [-0.17094637 -0.7149112   0.02319779]
  [ 0.14406782 -0.72358555  0.01247605]
  [ 0.25401515 -0.4603157   0.06056237]
  [ 0.10552127 -0.42908323 -0.15312938]
  [-0.0134545  -0.78912735 -0.0076882 ]
  [-0.01972837 -1.006177   -0.05006721]
  [-0.02175826 -0.9044871  -0.16990632]
  [ 0.0123725  -0.94756687 -0.13717006]
  [-0.05480827 -0.944995   -0.13223605]
  [ 0.06077933 -0.9350095  -0.04564252]
  [-0.09144527 -0.93006414 -0.03378094]]]