[[[-0.06810219  0.5356532   0.17332627]
  [-0.11086765  0.15002628 -0.06070274]
  [-0.12833788 -0.2903943   0.03124999]
  [ 0.11779879 -0.29032013  0.00912431]
  [ 0.08459396  0.14643821 -0.05551645]
  [ 0.0858546   0.55852705  0.14260852]
  [-0.19021365 -0.4280364  -0.14112307]
  [-0.2766648  -0.49217436  0.09785543]
  [-0.17766222 -0.74691963  0.00797124]
  [ 0.13679905 -0.7590095  -0.03251296]
  [ 0.2560196  -0.5037929   0.02810933]
  [ 0.10458497 -0.44558242 -0.17381088]
  [-0.02511693 -0.82192117 -0.04400934]
  [-0.04521969 -1.0410482  -0.09880944]
  [-0.0761274  -0.93118703 -0.20869735]
  [-0.03567858 -0.9775555  -0.18796146]
  [-0.09898636 -0.97346026 -0.16438195]
  [ 0.0386513  -0.9710475  -0.11223036]
  [-0.10654022 -0.96357816 -0.05806766]]]