[[[-0.11829377  0.52893883  0.09971761]
  [-0.11781871  0.13811596 -0.13322625]
  [-0.12651494 -0.2944637   0.01214715]
  [ 0.12070732 -0.2653201   0.03935973]
  [ 0.0671532   0.13535547 -0.14281467]
  [ 0.03264914  0.55726075  0.03771012]
  [-0.0822396  -0.39375615 -0.1908923 ]
  [-0.22837555 -0.49511254  0.00408571]
  [-0.08787978 -0.74081016 -0.02993048]
  [ 0.21495901 -0.7001737   0.03781002]
  [ 0.26143622 -0.43125194  0.12573823]
  [ 0.18681507 -0.3516106  -0.11203151]
  [ 0.08182999 -0.7873831  -0.0235104 ]
  [ 0.12663846 -0.99816173 -0.07414935]
  [ 0.13579015 -0.88898444 -0.18678814]
  [ 0.16820109 -0.92806333 -0.14744173]
  [ 0.10247207 -0.9372826  -0.16022149]
  [ 0.18880507 -0.91538996 -0.04585737]
  [ 0.03991694 -0.9363517  -0.07444395]]]