[[[-0.30769843  0.35356224  0.14157693]
  [-0.24748284  0.05078842 -0.14076078]
  [-0.12328932 -0.2782984   0.03848111]
  [ 0.11058608 -0.28260392  0.00808387]
  [ 0.23946716  0.07061907 -0.09805576]
  [ 0.43940112  0.41349843  0.07988726]
  [-0.23834229 -0.54721403 -0.08473834]
  [-0.27825534 -0.5102793   0.15306377]
  [-0.14295845 -0.7200977   0.04565032]
  [ 0.14036733 -0.7202988  -0.04304305]
  [ 0.28666702 -0.4923329  -0.05228284]
  [ 0.08031302 -0.5159803  -0.17507815]
  [-0.00685429 -0.78077614 -0.02456287]
  [-0.00958495 -0.99398816 -0.06250397]
  [-0.06684199 -0.8967125  -0.16860582]
  [-0.02129746 -0.9370956  -0.15404068]
  [-0.07869379 -0.9380819  -0.12148528]
  [ 0.05795788 -0.919097   -0.09161992]
  [-0.07152911 -0.9242499  -0.01893901]]]