[[[-0.15108052  0.292191    0.0869699 ]
  [-0.30118555 -0.01585564 -0.16087256]
  [-0.11583143 -0.2594423   0.07665034]
  [ 0.09901824 -0.29808214 -0.02620435]
  [ 0.30935562  0.04391196 -0.04378914]
  [ 0.6315526   0.32461184  0.10660924]
  [-0.29276288 -0.31093675 -0.13228498]
  [-0.3317681  -0.4539573   0.08703062]
  [-0.20486149 -0.7039666   0.03646736]
  [ 0.04363412 -0.6864013  -0.13856152]
  [ 0.02161773 -0.41354665 -0.22331223]
  [-0.17678657 -0.24490604 -0.26334423]
  [-0.08510819 -0.7671483  -0.06569429]
  [-0.132334   -0.9829717  -0.12676434]
  [-0.19301933 -0.858176   -0.19415091]
  [-0.1532118  -0.90653986 -0.19965711]
  [-0.20178774 -0.90609235 -0.15389287]
  [-0.05854566 -0.91320014 -0.1574693 ]
  [-0.16711275 -0.9165045  -0.05573254]]]