[[[-0.06771961  0.5258167   0.15467839]
  [-0.11514138  0.1450685  -0.0828318 ]
  [-0.12873569 -0.2910294   0.02998989]
  [ 0.11928118 -0.2874478   0.01576962]
  [ 0.0755924   0.13217813 -0.11521266]
  [ 0.08215374  0.54034215  0.08555365]
  [-0.13633269 -0.45985764 -0.15563637]
  [-0.26999038 -0.49339083  0.0662061 ]
  [-0.15990712 -0.74701303 -0.00759542]
  [ 0.15706126 -0.7481712  -0.01338933]
  [ 0.2681562  -0.49554092  0.06692602]
  [ 0.13506034 -0.44584987 -0.14909048]
  [ 0.00193477 -0.81650925 -0.04136409]
  [ 0.01421746 -1.0357667  -0.09141239]
  [ 0.00614185 -0.9315938  -0.21011907]
  [ 0.04324475 -0.9725333  -0.17617494]
  [-0.02424762 -0.975784   -0.1732785 ]
  [ 0.08899812 -0.9571936  -0.08254875]
  [-0.06535205 -0.965636   -0.07461888]]]