[[[-0.06640755  0.51647425  0.14450198]
  [-0.11423177  0.1409757  -0.09921862]
  [-0.12888956 -0.2901879   0.02864977]
  [ 0.1191296  -0.2898219   0.01907709]
  [ 0.07861656  0.12531918 -0.12822185]
  [ 0.0816144   0.52868783  0.07986262]
  [-0.13408682 -0.45540354 -0.16653456]
  [-0.27163267 -0.4852208   0.05341324]
  [-0.16943562 -0.7440182  -0.01197924]
  [ 0.14769694 -0.7528275  -0.00587284]
  [ 0.25471225 -0.4993201   0.07510383]
  [ 0.1384135  -0.46228284 -0.15243012]
  [-0.00823251 -0.81795496 -0.0395019 ]
  [-0.0011959  -1.0378824  -0.09093534]
  [-0.0033247  -0.9321477  -0.20837733]
  [ 0.03168607 -0.97462773 -0.17410013]
  [-0.035921   -0.97578865 -0.1726366 ]
  [ 0.0758829  -0.9617122  -0.0793616 ]
  [-0.07901338 -0.9655097  -0.07486109]]]