[[[-0.08218112  0.49056858  0.10105542]
  [-0.10163772  0.12157866 -0.11640651]
  [-0.12648869 -0.28512722  0.02361835]
  [ 0.1150988  -0.28160942  0.01835051]
  [ 0.08502818  0.12367737 -0.10236754]
  [ 0.06354827  0.5011116   0.10776521]
  [-0.6394779  -0.8476958  -0.06302463]
  [-0.39770395 -0.79856753  0.01721669]
  [-0.12253899 -0.774104   -0.00456575]
  [ 0.15879771 -0.7567022  -0.02723586]
  [ 0.43056577 -0.73583335 -0.00912015]
  [ 0.682191   -0.74078894 -0.07270671]
  [ 0.01970038 -0.8061124  -0.04317085]
  [ 0.03728063 -1.0152168  -0.09115282]
  [ 0.01094339 -0.9180423  -0.21060987]
  [ 0.05263633 -0.95515573 -0.18080148]
  [-0.01288217 -0.96129626 -0.1696249 ]
  [ 0.10679904 -0.9356225  -0.0933564 ]
  [-0.04275643 -0.94940794 -0.06785783]]]