[[[-1.87318400e-02  5.73742986e-01  3.33532780e-01]
  [-6.61288723e-02  2.13864267e-01  8.28973055e-02]
  [-1.17174357e-01 -1.97268307e-01 -2.14989996e-04]
  [ 1.09415516e-01 -2.39531159e-01  8.45495891e-03]
  [ 1.70923933e-01  1.76825821e-01  7.43458495e-02]
  [ 2.78571784e-01  5.46021879e-01  3.00048947e-01]
  [-3.90957475e-01 -1.70447588e-01  3.12333647e-02]
  [-2.75439948e-01 -3.67324084e-01  1.20560497e-01]
  [-2.06742823e-01 -5.70231438e-01 -3.73724550e-02]
  [ 5.36261797e-02 -6.05880260e-01 -6.86329231e-02]
  [ 1.43838972e-01 -3.86714637e-01  5.00038341e-02]
  [ 1.14657283e-01 -1.88117966e-01 -7.98804536e-02]
  [-8.82435665e-02 -6.46421969e-01 -8.11375529e-02]
  [-1.06804907e-01 -8.27152431e-01 -6.67020008e-02]
  [-1.69660553e-01 -7.67274857e-01 -1.88929498e-01]
  [-1.27622783e-01 -8.05834174e-01 -1.70133710e-01]
  [-1.79240286e-01 -7.90409267e-01 -1.34348929e-01]
  [-4.64645401e-02 -7.77596951e-01 -1.26705989e-01]
  [-1.54411092e-01 -7.50354707e-01 -5.23285754e-02]]]