[[[-0.09979495  0.5135015   0.17244366]
  [-0.10522163  0.14115022 -0.04443579]
  [-0.12567419 -0.28433535  0.01780679]
  [ 0.11400478 -0.28041798  0.01254841]
  [ 0.0943848   0.14209028 -0.02307443]
  [ 0.09451245  0.5179459   0.194745  ]
  [-0.64410573 -0.82758546 -0.07137676]
  [-0.39823774 -0.8045043   0.00749668]
  [-0.12410595 -0.7764331  -0.02297359]
  [ 0.14609462 -0.7697036  -0.04020541]
  [ 0.41405246 -0.7923213  -0.00111855]
  [ 0.66201776 -0.8141923  -0.07053881]
  [ 0.01111784 -0.808537   -0.0616657 ]
  [ 0.01652957 -1.0142096  -0.11603981]
  [-0.02208982 -0.91385245 -0.23052976]
  [ 0.02134255 -0.95392424 -0.2077002 ]
  [-0.04183817 -0.9562097  -0.18626118]
  [ 0.0897849  -0.938324   -0.12909007]
  [-0.05408252 -0.9441522  -0.08123872]]]