[[[-0.09560005  0.51472247  0.20346011]
  [-0.13934623  0.1493474   0.02098292]
  [-0.11298914 -0.24373582  0.05144221]
  [ 0.09424524 -0.26838234 -0.03876572]
  [ 0.19368654  0.1187696  -0.01654273]
  [ 0.34974885  0.4887116   0.09017713]
  [-0.35886043 -0.51154304 -0.02420905]
  [-0.303512   -0.47975773  0.19996735]
  [-0.19262256 -0.6647199   0.05412413]
  [-0.00235447 -0.6805138  -0.14356956]
  [-0.01773706 -0.45430255 -0.27164403]
  [-0.24051647 -0.50144565 -0.23664548]
  [-0.10804453 -0.72871554 -0.05313146]
  [-0.13960494 -0.9328763  -0.07130522]
  [-0.22392839 -0.83501166 -0.15443493]
  [-0.18066812 -0.8778762  -0.15670297]
  [-0.22312412 -0.8731285  -0.10713667]
  [-0.08533473 -0.8660488  -0.12558855]
  [-0.17671533 -0.8598371  -0.0182186 ]]]