[[[-3.22647423e-01  4.62605953e-01  1.29278719e-01]
  [-2.50017852e-01  8.94703940e-02 -1.23990804e-01]
  [-1.22256964e-01 -2.93628395e-01  5.09697571e-02]
  [ 1.20412923e-01 -2.68975198e-01  3.95864074e-04]
  [ 7.95949921e-02  1.53695703e-01 -1.18762128e-01]
  [ 1.49919629e-01  5.67032754e-01  7.68347159e-02]
  [-1.73383519e-01 -3.37072968e-01 -1.26037389e-01]
  [-2.36252934e-01 -4.86883342e-01  8.67934674e-02]
  [-1.13711670e-01 -7.41419733e-01  3.24444771e-02]
  [ 1.95102423e-01 -7.15471506e-01 -5.34912385e-03]
  [ 2.76682317e-01 -4.45748955e-01  5.34404144e-02]
  [ 1.56333759e-01 -2.99126893e-01 -1.30514011e-01]
  [ 4.53928113e-02 -7.96176553e-01 -1.46473190e-02]
  [ 6.04067929e-02 -1.01156473e+00 -6.42692670e-02]
  [ 2.17111669e-02 -9.08761919e-01 -1.76645234e-01]
  [ 6.66149110e-02 -9.47712362e-01 -1.53157294e-01]
  [ 2.10402533e-03 -9.54001069e-01 -1.34592742e-01]
  [ 1.30800784e-01 -9.30175066e-01 -7.22326487e-02]
  [-1.60485394e-02 -9.45753038e-01 -3.05923223e-02]]]