[[[-0.12045708  0.47703508  0.10065649]
  [-0.16833386  0.12024068 -0.17165174]
  [-0.13267753 -0.27439588  0.02715225]
  [ 0.11460487 -0.29015312  0.03829378]
  [ 0.256816    0.06737046 -0.14257711]
  [ 0.3945596   0.478986    0.02691479]
  [-0.3314928  -0.37266433 -0.17838717]
  [-0.32200935 -0.5208653   0.0459958 ]
  [-0.14429498 -0.74813235  0.02899727]
  [ 0.16489759 -0.700845    0.0504775 ]
  [ 0.23231576 -0.41954356  0.08484147]
  [ 0.24692507 -0.22325279 -0.09698506]
  [ 0.02157799 -0.79346883  0.01773827]
  [ 0.03163697 -1.0125036  -0.0113513 ]
  [ 0.00827421 -0.91908777 -0.13526426]
  [ 0.04823218 -0.9583383  -0.10546003]
  [-0.01732952 -0.9579722  -0.09041725]
  [ 0.10927667 -0.93802875 -0.02204085]
  [-0.04088181 -0.93797743  0.01128377]]]