[[[-0.28646263  0.44724554  0.17539215]
  [-0.23794615  0.1046043  -0.11905489]
  [-0.12353355 -0.31056947 -0.01189363]
  [ 0.11232334 -0.27156276  0.07742707]
  [ 0.2791692   0.02927993 -0.11946516]
  [ 0.31782264  0.47397164  0.00503301]
  [-0.16247417 -0.30661017 -0.24124701]
  [-0.1522904  -0.5604428  -0.14182508]
  [ 0.09281538 -0.7176993  -0.16313742]
  [ 0.32380623 -0.5939988   0.0167845 ]
  [ 0.25563246 -0.35526383  0.17721942]
  [ 0.20769443 -0.11920714  0.05311167]
  [ 0.260004   -0.70312    -0.09958377]
  [ 0.3846941  -0.8811977  -0.14020386]
  [ 0.4204784  -0.7485301  -0.21987861]
  [ 0.43742767 -0.7886599  -0.17290036]
  [ 0.392837   -0.8067788  -0.22123322]
  [ 0.39834973 -0.79616797 -0.07549573]
  [ 0.2949255  -0.83834374 -0.1849488 ]]]