[[[-0.2358505   0.4988952   0.05969981]
  [-0.17557432  0.10954636 -0.16749263]
  [-0.12921844 -0.28701735  0.02093314]
  [ 0.12071444 -0.2796092   0.03929182]
  [ 0.16017     0.11056714 -0.15376031]
  [ 0.19757923  0.5131459   0.06604534]
  [-0.14752263 -0.40284756 -0.16236089]
  [-0.28056014 -0.48014235  0.05176099]
  [-0.14633803 -0.732474    0.00674787]
  [ 0.1676442  -0.7183244   0.04304849]
  [ 0.24620667 -0.44902402  0.11122902]
  [ 0.18074892 -0.41704938 -0.13835698]
  [ 0.01905863 -0.79668045 -0.00128805]
  [ 0.03225207 -1.016332   -0.04152457]
  [ 0.02184361 -0.915753   -0.16163889]
  [ 0.0590467  -0.95608735 -0.12903182]
  [-0.00796513 -0.9582161  -0.12299342]
  [ 0.10823101 -0.93923926 -0.03805663]
  [-0.04482726 -0.9453336  -0.02431032]]]