[[[-0.13233796  0.45240632  0.11976687]
  [-0.11292484  0.11526552 -0.14800908]
  [-0.12639847 -0.29285148  0.00609581]
  [ 0.11418398 -0.28748497  0.04547709]
  [ 0.16862978  0.08643846 -0.13815184]
  [ 0.13527882  0.44014162  0.11277945]
  [-0.10586621 -0.80660295 -0.22021782]
  [-0.28797412 -0.6416457  -0.17349458]
  [-0.10860673 -0.7782818  -0.02992602]
  [ 0.1908477  -0.73032916 -0.00512647]
  [ 0.2843405  -0.5182061  -0.1375397 ]
  [ 0.2134096  -0.7458199  -0.20279934]
  [ 0.05055324 -0.812109   -0.02837785]
  [ 0.07794942 -1.023522   -0.09865739]
  [ 0.07257265 -0.90371674 -0.19817829]
  [ 0.10872478 -0.94730294 -0.16959415]
  [ 0.04206274 -0.95341694 -0.17111471]
  [ 0.14773089 -0.94660354 -0.07209008]
  [-0.00495172 -0.96029395 -0.0754782 ]]]