[[[-1.43904313e-01  4.88519609e-01  1.74991190e-01]
  [-1.16659746e-01  1.41347393e-01 -7.89601058e-02]
  [-1.23590410e-01 -2.85194814e-01  9.22270119e-04]
  [ 1.14016630e-01 -2.77668953e-01  3.91564853e-02]
  [ 1.57166779e-01  1.18993767e-01 -8.64604935e-02]
  [ 1.21769935e-01  4.60132688e-01  1.80031076e-01]
  [-9.27741528e-02 -9.07210469e-01 -2.37296224e-01]
  [-2.67045379e-01 -7.31992602e-01 -2.60250688e-01]
  [-9.27667990e-02 -7.65048444e-01 -6.22736774e-02]
  [ 1.92780718e-01 -7.10732162e-01 -5.30698113e-02]
  [ 2.83887744e-01 -5.47613859e-01 -2.41624221e-01]
  [ 1.81658238e-01 -7.70694137e-01 -2.53064096e-01]
  [ 5.82622215e-02 -7.89922297e-01 -5.97882755e-02]
  [ 8.98025483e-02 -1.00078642e+00 -9.07160863e-02]
  [ 8.01590085e-02 -9.07603502e-01 -2.14888677e-01]
  [ 1.17859617e-01 -9.42488909e-01 -1.78175211e-01]
  [ 5.16273230e-02 -9.50806439e-01 -1.77869916e-01]
  [ 1.56138465e-01 -9.18687880e-01 -8.37243646e-02]
  [ 6.40942901e-03 -9.37243819e-01 -8.27261880e-02]]]