[[[-0.01539682  0.5068712   0.3448392 ]
  [-0.0448012   0.16711505  0.10479511]
  [-0.10698808 -0.21855378 -0.03635811]
  [ 0.10464814 -0.25780696  0.04102063]
  [ 0.12475618  0.14278239  0.11127026]
  [ 0.17482619  0.49891675  0.3311145 ]
  [-0.17349431 -0.72086954 -0.33933517]
  [-0.32133937 -0.5503975  -0.29030073]
  [-0.13320631 -0.6541919  -0.15593399]
  [ 0.11062048 -0.65644294 -0.08310096]
  [ 0.22941251 -0.44115186 -0.13227995]
  [ 0.16783863 -0.5843409  -0.29500487]
  [-0.01462525 -0.7026172  -0.13278937]
  [-0.04197491 -0.8875145  -0.13358249]
  [-0.04424058 -0.8192844  -0.27125955]
  [-0.0147107  -0.859597   -0.23708093]
  [-0.07700619 -0.84313196 -0.22647934]
  [ 0.04264387 -0.83686835 -0.1571015 ]
  [-0.09086195 -0.80615556 -0.13572663]]]