[[[-0.00554567  0.50001043  0.48072243]
  [-0.07633848  0.16989018  0.19797643]
  [-0.1206322  -0.20946947  0.02133907]
  [ 0.11138627 -0.22627161 -0.01761327]
  [ 0.13243628  0.18174084  0.10155597]
  [ 0.2196092   0.5328709   0.35900578]
  [-0.36687067 -0.2673522   0.02548682]
  [-0.24519177 -0.40685886  0.17751932]
  [-0.17850174 -0.5965798   0.0049491 ]
  [ 0.06875168 -0.6043001  -0.09324333]
  [ 0.15341939 -0.36589468 -0.01190293]
  [ 0.02921308 -0.24347816 -0.16715732]
  [-0.0704404  -0.6596459  -0.06718266]
  [-0.09711262 -0.8455335  -0.06170531]
  [-0.19008824 -0.76443833 -0.14779729]
  [-0.14971189 -0.80800045 -0.14980885]
  [-0.18423378 -0.7939739  -0.09687325]
  [-0.05507682 -0.79273677 -0.13454863]
  [-0.12782922 -0.76814    -0.02523334]]]