[[[ 0.00190337  0.51526237  0.44472098]
  [-0.0758425   0.17116205  0.18350662]
  [-0.1203897  -0.21789828  0.03000662]
  [ 0.11013009 -0.22504017 -0.02337527]
  [ 0.10480276  0.19239743  0.05483444]
  [ 0.18025166  0.5693519   0.27355462]
  [-0.3353765  -0.27940893  0.05328732]
  [-0.20578435 -0.40443987  0.20895079]
  [-0.1629804  -0.6030376   0.03873798]
  [ 0.07544857 -0.6123934  -0.08119097]
  [ 0.1561807  -0.36974353 -0.0106736 ]
  [ 0.00523791 -0.26095438 -0.1504701 ]
  [-0.06152425 -0.66905284 -0.04196708]
  [-0.09149755 -0.8595329  -0.0393683 ]
  [-0.19291711 -0.7709495  -0.10644518]
  [-0.15498859 -0.815508   -0.11664888]
  [-0.1805855  -0.8032118  -0.05844822]
  [-0.0580934  -0.8042565  -0.11523996]
  [-0.11300899 -0.78304124  0.00536188]]]