[[[-0.3612286   0.4033461   0.13788442]
  [-0.32676154  0.03144377 -0.10012913]
  [-0.12335291 -0.27265322  0.05120751]
  [ 0.11907937 -0.27826402  0.01371136]
  [ 0.25117028  0.05700285 -0.17768066]
  [ 0.329747    0.4030102   0.10070259]
  [-0.14296976 -1.0842966  -0.38645294]
  [-0.27119926 -0.87237245 -0.27890122]
  [-0.14178059 -0.7410208  -0.07626899]
  [ 0.14283305 -0.6948338  -0.04666098]
  [ 0.36566705 -0.5146236  -0.01710964]
  [ 0.58036023 -0.38120216 -0.10570952]
  [-0.00254616 -0.7636397  -0.07750797]
  [-0.00662604 -0.971137   -0.1080808 ]
  [-0.01692356 -0.88176674 -0.23454475]
  [ 0.01906964 -0.9204147  -0.20141163]
  [-0.0472749  -0.9192304  -0.19286966]
  [ 0.07092309 -0.8994891  -0.11358657]
  [-0.07982611 -0.8969098  -0.0934821 ]]]