[[[-0.25780013  0.3570883   0.3045888 ]
  [-0.19070284  0.13018028 -0.03185184]
  [-0.11146177 -0.27743492 -0.0258488 ]
  [ 0.10712372 -0.2609097   0.05580565]
  [ 0.16614833  0.10349488 -0.07954166]
  [ 0.14530472  0.4726124   0.11958876]
  [ 0.38159522 -0.587288   -0.4478937 ]
  [ 0.13250509 -0.5756085  -0.40376413]
  [-0.00188753 -0.6809211  -0.20825423]
  [ 0.18601935 -0.6832216  -0.0091391 ]
  [ 0.36980808 -0.51265943  0.0712247 ]
  [ 0.5236711  -0.50286955 -0.11469115]
  [ 0.09113394 -0.73363    -0.1212142 ]
  [ 0.10654417 -0.9380013  -0.15420988]
  [ 0.12001377 -0.8411858  -0.27210766]
  [ 0.14907378 -0.8831111  -0.23719656]
  [ 0.08320133 -0.88005936 -0.2394895 ]
  [ 0.18370193 -0.86961484 -0.14078127]
  [ 0.03658913 -0.8644337  -0.14939472]]]