[[[-0.12839867  0.3795358   0.34683228]
  [-0.11514387  0.15699193 -0.00838658]
  [-0.12226112 -0.2695529  -0.00739425]
  [ 0.11015563 -0.28123417  0.03349028]
  [ 0.16878131  0.11242479 -0.04270013]
  [ 0.22474648  0.50956625  0.10786361]
  [ 0.02374806 -0.5971618  -0.3279056 ]
  [-0.22018111 -0.55237925 -0.313821  ]
  [-0.14739166 -0.71097255 -0.11730444]
  [ 0.1229203  -0.7299224  -0.01197943]
  [ 0.330773   -0.55995774  0.01700956]
  [ 0.24708427 -0.6200765  -0.19911455]
  [-0.01700472 -0.77605367 -0.07973333]
  [-0.05420421 -0.9806451  -0.14695363]
  [-0.03308876 -0.86458117 -0.24670862]
  [-0.00983642 -0.9180848  -0.22374342]
  [-0.07363507 -0.9021863  -0.21592528]
  [ 0.03835042 -0.9312616  -0.13304982]
  [-0.10550611 -0.89747584 -0.11747155]]]