[[[-0.11280737  0.44234103  0.2663703 ]
  [-0.12690379  0.14481479 -0.01640272]
  [-0.11864622 -0.27042794 -0.00911094]
  [ 0.10763047 -0.26457185  0.03309157]
  [ 0.1330822   0.12071095 -0.06526282]
  [ 0.17894083  0.5164349   0.0645381 ]
  [ 0.09498757 -0.5392569  -0.32608515]
  [-0.13042524 -0.5116106  -0.24359626]
  [-0.09968012 -0.7092943  -0.09719479]
  [ 0.15687558 -0.7210907  -0.01260299]
  [ 0.35774848 -0.57308865 -0.08604963]
  [ 0.391413   -0.5097082  -0.3159019 ]
  [ 0.02677293 -0.76646525 -0.05762293]
  [ 0.02617437 -0.97248423 -0.06908782]
  [ 0.05465804 -0.89013755 -0.19581103]
  [ 0.07840825 -0.9287421  -0.15360223]
  [ 0.013306   -0.9234844  -0.16352154]
  [ 0.10409569 -0.9067205  -0.05716395]
  [-0.04093208 -0.89559644 -0.07979201]]]