[[[-0.37630245  0.46338105  0.1385718 ]
  [-0.25781223  0.07927568 -0.05297104]
  [-0.11211295 -0.2898356   0.07141411]
  [ 0.11336858 -0.27562064 -0.02684923]
  [ 0.0781756   0.14396663 -0.12470713]
  [ 0.15285811  0.47566497  0.1621981 ]
  [-0.3095592  -0.38670605 -0.02727517]
  [-0.18317124 -0.43642506  0.18880142]
  [-0.20789573 -0.6702505   0.03258979]
  [ 0.01309192 -0.7207336  -0.17374116]
  [ 0.19159223 -0.50484365 -0.17152616]
  [-0.01234339 -0.38606638 -0.26484528]
  [-0.135746   -0.7531258  -0.0993994 ]
  [-0.23192783 -0.9471906  -0.14670712]
  [-0.29685444 -0.81611466 -0.20052692]
  [-0.2657715  -0.8693132  -0.2150975 ]
  [-0.29779354 -0.8627961  -0.15661395]
  [-0.16306055 -0.8874407  -0.20433414]
  [-0.23725316 -0.8745238  -0.07288739]]]