[[[ 0.00261906  0.47757104  0.23469305]
  [-0.13199049  0.16084996  0.00640526]
  [-0.11238325 -0.235421    0.0574968 ]
  [ 0.0962823  -0.26718077 -0.03878641]
  [ 0.15741223  0.13654417 -0.0127718 ]
  [ 0.3469637   0.46849626  0.16434087]
  [-0.5506463  -0.5951631   0.00112252]
  [-0.4158721  -0.5726274   0.19270833]
  [-0.23952286 -0.6589595   0.02816305]
  [-0.03000946 -0.68817973 -0.11711375]
  [ 0.10606045 -0.4796018  -0.14657636]
  [-0.10855077 -0.4433997  -0.21453463]
  [-0.16683802 -0.7120527  -0.06049268]
  [-0.2582171  -0.8897642  -0.06712274]
  [-0.34015638 -0.7604063  -0.06686568]
  [-0.32810542 -0.8104484  -0.09813508]
  [-0.31752637 -0.80625206 -0.03392162]
  [-0.24080461 -0.8280752  -0.14822604]
  [-0.22375582 -0.8220807  -0.00958279]]]