[[[-0.00431047  0.48689252  0.25720865]
  [-0.08988979  0.17254569 -0.00541897]
  [-0.11846843 -0.22376055  0.05117057]
  [ 0.09990434 -0.26477334 -0.03002969]
  [ 0.20236105  0.12839396  0.01344278]
  [ 0.3830574   0.43495986  0.24826866]
  [-0.6108218  -0.62247217 -0.17189302]
  [-0.49205402 -0.6298063   0.04167774]
  [-0.24482015 -0.6439015  -0.03401048]
  [-0.06956193 -0.645189   -0.21327646]
  [-0.18844941 -0.50779986 -0.3955614 ]
  [-0.42739555 -0.53889674 -0.37178588]
  [-0.16363856 -0.68096864 -0.13008201]
  [-0.21129926 -0.867991   -0.16514014]
  [-0.2539101  -0.7631313  -0.2687103 ]
  [-0.2166678  -0.80856603 -0.25758618]
  [-0.27333617 -0.8010806  -0.22614974]
  [-0.1388575  -0.80561215 -0.19478592]
  [-0.26104376 -0.79209954 -0.12443557]]]