[[[ 0.03364939  0.5620804   0.2829251 ]
  [ 0.02388936  0.19981982  0.04198703]
  [-0.0762631  -0.19886029 -0.0758554 ]
  [ 0.07920792 -0.26203308  0.09070378]
  [ 0.15800111  0.15062834  0.13413118]
  [ 0.15294646  0.5224039   0.37130225]
  [-0.2608426  -0.1636106  -0.29425502]
  [-0.3051123  -0.3536855  -0.14778945]
  [-0.17123508 -0.584275   -0.16114743]
  [ 0.0212593  -0.65034306  0.01762109]
  [ 0.08201961 -0.42923054  0.157168  ]
  [ 0.24490245 -0.2701178   0.0848751 ]
  [-0.06927508 -0.6750988  -0.1029462 ]
  [-0.10179795 -0.8577732  -0.18150032]
  [-0.01115675 -0.7592123  -0.25207442]
  [-0.01256058 -0.81193835 -0.22329138]
  [-0.064743   -0.78611803 -0.25187653]
  [-0.02679206 -0.82236016 -0.12714867]
  [-0.13775374 -0.77039653 -0.18877308]]]