[[[-1.98500365e-01  5.80599964e-01  1.32779330e-01]
  [-1.80664003e-01  1.62817076e-01 -8.89927298e-02]
  [-1.29581451e-01 -2.68907785e-01  2.96000410e-02]
  [ 1.24112599e-01 -2.63164341e-01  2.06748284e-02]
  [ 1.43280372e-01  1.66870639e-01 -1.21317104e-01]
  [ 1.45588100e-01  5.16986310e-01  1.99768782e-01]
  [-3.26244622e-01 -2.70045698e-01 -1.19683012e-01]
  [-2.45720372e-01 -4.12288725e-01  9.67049897e-02]
  [-1.60213023e-01 -6.84317172e-01  3.20650153e-02]
  [ 1.42099053e-01 -7.02266634e-01 -8.09524767e-03]
  [ 2.62839496e-01 -4.34565812e-01  1.83548853e-02]
  [ 3.37694228e-01 -2.20854566e-01 -1.31863147e-01]
  [-1.39945885e-02 -7.65368581e-01 -1.51056368e-02]
  [-3.34230401e-02 -9.83102620e-01 -5.55024035e-02]
  [-3.19052264e-02 -8.81418645e-01 -1.72889322e-01]
  [ 6.42091036e-05 -9.26192403e-01 -1.42114341e-01]
  [-6.64843768e-02 -9.20717776e-01 -1.36410505e-01]
  [ 4.82991338e-02 -9.16706383e-01 -5.21569103e-02]
  [-1.00692928e-01 -9.05033767e-01 -3.84640321e-02]]]