[[[-0.33119848  0.47447968  0.07376373]
  [-0.22406238  0.08753303 -0.10194743]
  [-0.12232287 -0.3003792   0.02828819]
  [ 0.11990826 -0.27956152  0.01776386]
  [ 0.12992296  0.14506598 -0.06030955]
  [ 0.12250645  0.39024472  0.30437365]
  [-0.3815228  -0.75534004 -0.042773  ]
  [-0.32627988 -0.5300956   0.04409528]
  [-0.13788365 -0.74360365  0.02531919]
  [ 0.16693136 -0.7482208  -0.01477552]
  [ 0.32873172 -0.5158961   0.02642629]
  [ 0.49739677 -0.39183146 -0.12003995]
  [ 0.01304745 -0.81271005 -0.02452759]
  [ 0.01358636 -1.0318795  -0.07429575]
  [ 0.02312483 -0.9291607  -0.19246222]
  [ 0.05426088 -0.97037274 -0.1551562 ]
  [-0.01276142 -0.9719008  -0.1603922 ]
  [ 0.08820297 -0.95703596 -0.05689801]
  [-0.0663911  -0.9596434  -0.06666979]]]