[[[-0.25275493  0.4174875   0.5437227 ]
  [-0.17726779  0.16355163  0.18056335]
  [-0.11419834 -0.20328927 -0.00477763]
  [ 0.11571531 -0.22059998  0.00635026]
  [ 0.10486879  0.17630406  0.17871621]
  [ 0.12712273  0.4850803   0.5097221 ]
  [-0.29452646 -0.24674517 -0.08348348]
  [-0.23111518 -0.3674581   0.11783092]
  [-0.17230338 -0.55441904 -0.06652801]
  [ 0.09278834 -0.58070886 -0.11257678]
  [ 0.20390941 -0.37097475  0.01723972]
  [ 0.06171801 -0.25792843 -0.13395008]
  [-0.05254979 -0.62656033 -0.11862383]
  [-0.06435306 -0.80324686 -0.10981575]
  [-0.13468337 -0.7450271  -0.2282366 ]
  [-0.09031324 -0.7822044  -0.21228153]
  [-0.14126001 -0.7693571  -0.17401557]
  [-0.00897828 -0.750242   -0.17283297]
  [-0.11380952 -0.729396   -0.0933722 ]]]