[[[ 0.00804692  0.5364157   0.21309875]
  [-0.05772843  0.18042365 -0.02904611]
  [-0.12281065 -0.2353607   0.01561167]
  [ 0.10456595 -0.28950033  0.01103083]
  [ 0.23016249  0.10283047 -0.06514002]
  [ 0.34406823  0.4614222   0.16047671]
  [-0.40614197 -1.1832713  -0.14666128]
  [-0.33456802 -0.95085204 -0.05945632]
  [-0.18572015 -0.7438663  -0.00631525]
  [ 0.05435599 -0.69915104  0.00140199]
  [ 0.19897458 -0.49014622  0.07888331]
  [ 0.325332   -0.3259348  -0.05937502]
  [-0.07486159 -0.7583995  -0.03036914]
  [-0.08228324 -0.9570805  -0.06814472]
  [-0.1365993  -0.86304986 -0.17879544]
  [-0.09213598 -0.90255916 -0.16208678]
  [-0.15008551 -0.9027023  -0.13118577]
  [-0.01534231 -0.88428456 -0.0972565 ]
  [-0.14431235 -0.88623685 -0.02949681]]]