[[[ 3.6699828e-02  5.0018454e-01  2.2063969e-01]
  [-5.7911720e-02  1.7017613e-01 -3.7759356e-02]
  [-1.2284660e-01 -2.3885638e-01  2.5908519e-02]
  [ 1.0343563e-01 -2.9503813e-01  7.0318958e-04]
  [ 2.1302731e-01  1.0554571e-01 -5.8379259e-02]
  [ 3.5844278e-01  4.1235271e-01  2.1215709e-01]
  [-4.4746888e-01 -1.1632452e+00 -2.0700860e-01]
  [-3.4766066e-01 -9.4858289e-01 -1.0754120e-01]
  [-1.9660500e-01 -7.4814600e-01 -3.8220946e-02]
  [ 5.2159637e-02 -6.9518113e-01 -1.8929528e-02]
  [ 1.8624373e-01 -4.7971523e-01  6.8488151e-02]
  [ 3.1343094e-01 -3.2748055e-01 -7.7843376e-02]
  [-7.9614148e-02 -7.6240319e-01 -5.4358251e-02]
  [-7.5314127e-02 -9.6406180e-01 -6.9324180e-02]
  [-1.5251490e-01 -8.8925803e-01 -1.8201128e-01]
  [-1.0330210e-01 -9.2425877e-01 -1.6740349e-01]
  [-1.5576813e-01 -9.2225695e-01 -1.2773964e-01]
  [-1.7695263e-02 -8.9281362e-01 -1.1883722e-01]
  [-1.3495508e-01 -8.9089489e-01 -3.1122826e-02]]]