[[[-0.13862851  0.52309734  0.13046665]
  [-0.11626159  0.14319512 -0.08861261]
  [-0.12848318 -0.27634072  0.00902859]
  [ 0.1122053  -0.29771942  0.03647532]
  [ 0.21860223  0.09292858 -0.09397366]
  [ 0.26550192  0.42732063  0.19339013]
  [-0.36921853 -0.8250963  -0.26245254]
  [-0.4270738  -0.65806323 -0.08138154]
  [-0.16944653 -0.7615211  -0.01960991]
  [ 0.13210192 -0.73053634  0.01759428]
  [ 0.2786727  -0.49323827  0.08626838]
  [ 0.42947087 -0.324616   -0.03593777]
  [-0.01198473 -0.80533355 -0.02676475]
  [ 0.00422289 -1.0208863  -0.08418617]
  [-0.01902395 -0.9141775  -0.19563918]
  [ 0.02153304 -0.9540801  -0.16917223]
  [-0.04416645 -0.95956403 -0.15827796]
  [ 0.07709768 -0.94199497 -0.08020163]
  [-0.07372315 -0.95461637 -0.05537883]]]