[[[-1.03462689e-01  4.73180115e-01  9.58689600e-02]
  [-1.57458350e-01  1.12602979e-01 -1.58823431e-01]
  [-1.27586812e-01 -2.94427097e-01  2.74011567e-02]
  [ 1.19156599e-01 -2.75684834e-01  3.07008512e-02]
  [ 1.22897215e-01  1.14481881e-01 -1.56531230e-01]
  [ 1.27339110e-01  5.25593758e-01  3.40608694e-02]
  [-2.30120748e-01 -4.62980151e-01 -1.62387043e-01]
  [-2.43821740e-01 -5.42672694e-01  8.46969932e-02]
  [-8.41071829e-02 -7.59546876e-01 -6.43879175e-05]
  [ 2.21122980e-01 -6.93945169e-01  4.48949635e-03]
  [ 2.92467237e-01 -4.18449163e-01  4.28622253e-02]
  [ 3.11677307e-01 -3.42171013e-01 -2.03717738e-01]
  [ 8.58303532e-02 -7.92157829e-01 -2.83595771e-02]
  [ 1.30803287e-01 -1.00255454e+00 -8.41468945e-02]
  [ 1.25934258e-01 -8.93426299e-01 -1.97099507e-01]
  [ 1.62738860e-01 -9.31547463e-01 -1.61279291e-01]
  [ 9.64673683e-02 -9.42326963e-01 -1.67358920e-01]
  [ 1.93496242e-01 -9.18347418e-01 -6.23243675e-02]
  [ 4.18781266e-02 -9.42793727e-01 -7.53035992e-02]]]