[[[-2.74797380e-01  4.08455670e-01  2.85338879e-01]
  [-2.04114303e-01  1.19691625e-01 -2.28736959e-02]
  [-1.22103706e-01 -2.92885691e-01  9.43909120e-03]
  [ 1.13136664e-01 -2.73552448e-01  2.77374517e-02]
  [ 1.44990936e-01  1.26500294e-01 -6.90645874e-02]
  [ 1.42122000e-01  5.22334814e-01  1.07943185e-01]
  [-7.59112611e-02 -4.34140474e-01 -1.36329010e-01]
  [-2.45589346e-01 -4.94556308e-01  4.13921215e-02]
  [-1.35763317e-01 -7.32806265e-01  2.82229111e-02]
  [ 1.39074162e-01 -7.91537464e-01  2.91383229e-02]
  [ 3.69037390e-01 -9.06273901e-01 -4.91223745e-02]
  [ 4.79042619e-01 -1.09514832e+00 -1.88224778e-01]
  [ 4.26519383e-03 -8.08336973e-01  1.49275921e-02]
  [ 6.57969667e-03 -1.01989686e+00  3.64209828e-03]
  [ 4.44874838e-02 -9.43409443e-01 -1.28461778e-01]
  [ 6.52251244e-02 -9.78130639e-01 -7.98849761e-02]
  [ 5.46576222e-04 -9.76756990e-01 -9.63969901e-02]
  [ 8.29926357e-02 -9.48364437e-01  1.76690780e-02]
  [-6.57925159e-02 -9.44246352e-01 -1.75254233e-02]]]