[[[-2.97006309e-01  4.35917616e-01  2.26122111e-01]
  [-2.05648959e-01  1.15044549e-01 -3.90273742e-02]
  [-1.20375469e-01 -2.93365300e-01  8.80788267e-03]
  [ 1.14074960e-01 -2.63639867e-01  2.83652730e-02]
  [ 1.20790333e-01  1.30418316e-01 -8.84245187e-02]
  [ 8.79925489e-02  5.24387598e-01  8.19256008e-02]
  [-9.19793397e-02 -4.39349264e-01 -1.39355332e-01]
  [-2.34412551e-01 -4.94858712e-01  5.75555041e-02]
  [-1.15150407e-01 -7.24769115e-01  2.26235725e-02]
  [ 1.57651201e-01 -7.74480522e-01  1.25183575e-02]
  [ 3.86860549e-01 -8.77656043e-01 -7.73189440e-02]
  [ 4.64842379e-01 -1.06716073e+00 -2.29469955e-01]
  [ 2.38038972e-02 -7.94132471e-01  8.84132925e-04]
  [ 2.58590989e-02 -1.00296438e+00 -2.53779572e-02]
  [ 5.17794900e-02 -9.16407168e-01 -1.53513432e-01]
  [ 7.67711997e-02 -9.54846382e-01 -1.10846043e-01]
  [ 1.09772719e-02 -9.51888561e-01 -1.20712236e-01]
  [ 1.03813879e-01 -9.33532596e-01 -1.34880627e-02]
  [-4.63838689e-02 -9.26280141e-01 -3.39459255e-02]]]