[[[-0.09811157  0.49286434  0.11768233]
  [-0.11739786  0.12912832 -0.11844674]
  [-0.12735821 -0.27788496  0.02810015]
  [ 0.1161623  -0.27896369  0.01668268]
  [ 0.10411058  0.12858991 -0.10785008]
  [ 0.12582658  0.5147854   0.10050444]
  [-0.6737553  -0.73143435 -0.09175293]
  [-0.42010468 -0.7198292  -0.02569896]
  [-0.14096722 -0.7458691  -0.02888066]
  [ 0.14948815 -0.7393397  -0.04373671]
  [ 0.4216992  -0.70318246 -0.02227952]
  [ 0.68148357 -0.70569706 -0.05990815]
  [ 0.00584644 -0.7872666  -0.06300813]
  [ 0.01636337 -0.9961592  -0.1132062 ]
  [-0.00312614 -0.8963978  -0.23086789]
  [ 0.03639206 -0.9356304  -0.20121774]
  [-0.02952345 -0.93938315 -0.19177124]
  [ 0.08853437 -0.91984665 -0.11244538]
  [-0.06086619 -0.92837745 -0.09103223]]]