[[[ 0.03477162  0.5216498   0.31890768]
  [-0.05120239  0.13939908  0.16517518]
  [-0.05342533 -0.27541023  0.11633602]
  [ 0.03373167 -0.23935187 -0.09832779]
  [-0.10943167  0.14359856 -0.06623828]
  [-0.10198285  0.55493426  0.02696702]
  [-0.19747515 -0.43714213  0.34373087]
  [ 0.02350842 -0.5389136   0.32646602]
  [ 0.01397478 -0.6993172   0.11559212]
  [ 0.0169711  -0.67568094 -0.16145258]
  [-0.03222851 -0.4296785  -0.26450837]
  [-0.21967591 -0.27467343 -0.2575687 ]
  [ 0.00191948 -0.74809027 -0.02429053]
  [-0.01955036 -0.9603156  -0.0164541 ]
  [-0.14382525 -0.8681638  -0.01519587]
  [-0.1123895  -0.90865463 -0.04809824]
  [-0.10787348 -0.90503085  0.01749424]
  [-0.02244528 -0.8927525  -0.09208553]
  [-0.01254799 -0.8862227   0.04951938]]]