[[[ 0.08599105  0.4911086   0.38598442]
  [-0.03988016  0.14104734  0.17352462]
  [-0.0960625  -0.26765683  0.0824158 ]
  [ 0.07100192 -0.2451131  -0.08003063]
  [ 0.03310768  0.16611159  0.010063  ]
  [ 0.12683746  0.54587096  0.18707094]
  [-0.39738956 -0.7341314   0.4282582 ]
  [-0.18510053 -0.65449786  0.3323939 ]
  [-0.08605605 -0.71831584  0.09105963]
  [ 0.05707232 -0.6886421  -0.13434866]
  [ 0.14268431 -0.43101957 -0.15703757]
  [ 0.07255033 -0.20825635 -0.22011577]
  [-0.03834185 -0.7634386  -0.03424534]
  [-0.09542894 -0.97713315 -0.03553748]
  [-0.19718215 -0.86605465 -0.06801047]
  [-0.16501398 -0.9131268  -0.0911564 ]
  [-0.17825139 -0.90752214 -0.02678929]
  [-0.06492155 -0.9131487  -0.10851754]
  [-0.09353893 -0.90321356  0.02904331]]]