[[[-0.07335193  0.41066483  0.08642095]
  [-0.21557885  0.09181043 -0.12180351]
  [-0.11178043 -0.26551318  0.05969615]
  [ 0.1097228  -0.24613756 -0.01982955]
  [-0.01014898  0.10586004 -0.1914797 ]
  [ 0.09817056  0.45904526 -0.00556604]
  [-0.25459507 -0.8448602  -0.05746482]
  [-0.32533336 -0.6888857   0.10199181]
  [-0.0752161  -0.7142348   0.0550065 ]
  [ 0.16924833 -0.688821   -0.03790249]
  [ 0.30217576 -0.637268   -0.24675731]
  [ 0.16208068 -0.82088125 -0.26791283]
  [ 0.04612934 -0.7429784   0.00137095]
  [ 0.0466975  -0.9418174   0.00457103]
  [-0.0082283  -0.87458664 -0.12215419]
  [ 0.0370818  -0.9087375  -0.09965234]
  [-0.02145323 -0.9040581  -0.07021452]
  [ 0.11125971 -0.876931   -0.0384272 ]
  [-0.01676598 -0.8677016   0.02515285]]]