[[[-0.12812915  0.36527073  0.17996971]
  [-0.24088897  0.07480651 -0.06894472]
  [-0.10947579 -0.27529296  0.06237886]
  [ 0.10714442 -0.2588188  -0.02978008]
  [ 0.02878297  0.10963144 -0.15806367]
  [ 0.12718055  0.46315175  0.02760109]
  [-0.33794177 -0.54572284 -0.07052981]
  [-0.24484104 -0.44677854  0.11570518]
  [-0.14387062 -0.6643143   0.00279815]
  [ 0.1007157  -0.6551466  -0.15283343]
  [ 0.1321165  -0.40170828 -0.21200396]
  [-0.0096928  -0.5415941  -0.32065225]
  [-0.03314077 -0.73102736 -0.09371624]
  [-0.07643431 -0.94717413 -0.1179285 ]
  [-0.15901026 -0.83755004 -0.18499471]
  [-0.12117653 -0.8847622  -0.19469187]
  [-0.15532628 -0.87817466 -0.1391296 ]
  [-0.02071098 -0.8840312  -0.177264  ]
  [-0.09723245 -0.8734563  -0.05680836]]]