[[[-0.08593348  0.5618176   0.23339026]
  [-0.12513971  0.17747189  0.05107788]
  [-0.11634618 -0.23772174  0.05453886]
  [ 0.10236342 -0.22951722 -0.03001736]
  [ 0.11336567  0.18116811  0.00121867]
  [ 0.19583026  0.57924545  0.14292488]
  [-0.2364953  -1.1495955  -0.00333641]
  [-0.1929362  -0.906713    0.06331911]
  [-0.06438102 -0.69153994  0.05039955]
  [ 0.09204331 -0.6948276  -0.04784191]
  [ 0.10604639 -0.92792505 -0.12947313]
  [ 0.03658874 -1.1729931  -0.14578585]
  [ 0.01435339 -0.71012855 -0.00419244]
  [ 0.06769652 -0.83638704  0.07051876]
  [-0.02975677 -0.88623667 -0.03876735]
  [ 0.02722077 -0.88726795 -0.02006703]
  [-0.02240722 -0.8738004   0.02036529]
  [ 0.09284174 -0.8095975  -0.02391968]
  [-0.01366137 -0.7830465   0.06538955]]]