[[[ 0.08013481  0.5374824   0.2598202 ]
  [-0.04730513  0.17045516  0.09837279]
  [-0.10671394 -0.23908156  0.06810977]
  [ 0.08369672 -0.25122276 -0.06296066]
  [ 0.06643739  0.16242148 -0.03153235]
  [ 0.17759606  0.5532901   0.08765024]
  [-0.55728126 -0.5913425   0.12306485]
  [-0.3457876  -0.55956507  0.23358631]
  [-0.17273001 -0.6743084   0.07140976]
  [ 0.00810374 -0.6731702  -0.12194604]
  [-0.02101684 -0.44151005 -0.23095874]
  [-0.25740054 -0.4497061  -0.24049254]
  [-0.09751989 -0.7267324  -0.02892669]
  [-0.14230128 -0.9292073  -0.02256258]
  [-0.24893716 -0.8255265  -0.06192494]
  [-0.2165115  -0.8725505  -0.08184066]
  [-0.22829644 -0.8620065  -0.018249  ]
  [-0.11684683 -0.8704489  -0.10112633]
  [-0.14329071 -0.8511932   0.03420501]]]