[[[-0.04585431  0.49734977  0.33327714]
  [-0.09223601  0.16034162  0.09131642]
  [-0.11967106 -0.24744168  0.03050297]
  [ 0.10508736 -0.24868622 -0.02116952]
  [ 0.11736011  0.15438098  0.03388569]
  [ 0.21396884  0.52333117  0.21139777]
  [-0.22136821 -0.8127955  -0.09208043]
  [-0.3634696  -0.62888414 -0.08394613]
  [-0.14078286 -0.695918    0.00189   ]
  [ 0.07003758 -0.7087138  -0.11142489]
  [ 0.04043666 -0.6388495  -0.34501433]
  [-0.04337133 -0.79901797 -0.20344138]
  [-0.03962282 -0.7418419  -0.05096074]
  [-0.05221612 -0.9337865  -0.02791403]
  [-0.16676646 -0.86128616 -0.10064623]
  [-0.12380654 -0.9041367  -0.10639011]
  [-0.14641935 -0.8849182  -0.04794019]
  [-0.02283729 -0.88614714 -0.11431854]
  [-0.07442908 -0.849087    0.01170695]]]