[[[ 5.22889011e-02  4.77677345e-01 -4.42001559e-02]
  [-1.26092494e-01  1.19206734e-01 -1.57378063e-01]
  [-1.00736469e-01 -1.92535698e-01  7.62949139e-02]
  [ 7.99409747e-02 -2.88971961e-01 -3.38131599e-02]
  [ 2.03220874e-01  7.13298470e-02 -1.82141319e-01]
  [ 4.59234238e-01  4.13262844e-01 -1.51454955e-01]
  [-3.80096823e-01 -2.27043971e-01 -2.40321815e-01]
  [-3.68492842e-01 -1.86549604e-01 -9.90359113e-05]
  [-3.66486371e-01 -4.47098732e-01 -2.71989889e-02]
  [-1.85624301e-01 -5.40399671e-01 -1.94664314e-01]
  [-4.07435484e-02 -3.28076065e-01 -2.48791426e-01]
  [-1.69809222e-01 -1.67948708e-01 -3.66565973e-01]
  [-3.13342333e-01 -5.32771707e-01 -1.27284572e-01]
  [-4.36457694e-01 -6.69914663e-01 -2.01341867e-01]
  [-4.72605169e-01 -5.24673879e-01 -2.06709817e-01]
  [-4.58501965e-01 -5.72627723e-01 -2.39936382e-01]
  [-4.82339919e-01 -5.76821864e-01 -1.79798201e-01]
  [-3.67040724e-01 -6.12690628e-01 -2.46734038e-01]
  [-4.22336996e-01 -6.24133229e-01 -1.19688779e-01]]]