[[[-0.00272092  0.5237224   0.25218743]
  [-0.08256871  0.17228943 -0.03698022]
  [-0.13158342 -0.27906108  0.02795002]
  [ 0.11723714 -0.29616356  0.013218  ]
  [ 0.1264066   0.1405371  -0.088038  ]
  [ 0.17070812  0.5518676   0.12909628]
  [-0.20324107 -0.44000837 -0.18054041]
  [-0.3190051  -0.49177924  0.05396657]
  [-0.19010286 -0.74477077 -0.02164725]
  [ 0.12823199 -0.74186516 -0.02970901]
  [ 0.21463642 -0.47150254  0.04743514]
  [ 0.11288642 -0.37438205 -0.17589712]
  [-0.03023577 -0.8122915  -0.0597561 ]
  [-0.04065261 -1.025475   -0.14960727]
  [-0.07242282 -0.89741117 -0.23606312]
  [-0.03114715 -0.94571465 -0.22384673]
  [-0.09503512 -0.94806266 -0.2016752 ]
  [ 0.04107903 -0.95256734 -0.14619137]
  [-0.10498605 -0.95948577 -0.09551714]]]