[[[-0.09874266  0.42042956  0.21974935]
  [-0.14949442  0.13435711 -0.10825171]
  [-0.12925208 -0.2910253   0.02266259]
  [ 0.11854546 -0.2807009   0.02827953]
  [ 0.1363325   0.11239917 -0.12751673]
  [ 0.19831091  0.53304505  0.01907604]
  [-0.01439718 -0.6298885  -0.27028614]
  [-0.2371819  -0.5449418  -0.17137958]
  [-0.09379026 -0.7559581  -0.07161254]
  [ 0.20302078 -0.7237462  -0.00120456]
  [ 0.36964095 -0.50019807  0.03828428]
  [ 0.3277663  -0.5777205  -0.19870068]
  [ 0.06656612 -0.79570454 -0.06045005]
  [ 0.10367735 -0.992646   -0.16245653]
  [ 0.09786314 -0.85789645 -0.24106571]
  [ 0.134704   -0.9051381  -0.21926829]
  [ 0.06804707 -0.9119652  -0.22323401]
  [ 0.17177868 -0.91988826 -0.12201715]
  [ 0.01909167 -0.9357031  -0.13163047]]]