[[[ 0.17987777  0.56820804  0.07215511]
  [ 0.16273338  0.15126953 -0.00308386]
  [ 0.02599479 -0.23004337 -0.09554177]
  [-0.01772734 -0.25357592  0.12570478]
  [ 0.01298339  0.16487521  0.1353245 ]
  [-0.15500566  0.5610038   0.18249907]
  [ 0.01029996 -0.416478   -0.52984333]
  [-0.10408179 -0.5188845  -0.34302998]
  [-0.01286482 -0.6699005  -0.14924811]
  [-0.06803976 -0.6595929   0.10606832]
  [-0.17256638 -0.45367685  0.23564059]
  [-0.05256363 -0.3566931   0.41509232]
  [-0.01833639 -0.7180343  -0.01488708]
  [-0.05275859 -0.8988678  -0.02244031]
  [ 0.09273207 -0.86569583  0.00751737]
  [ 0.04154649 -0.88917255  0.02996993]
  [ 0.05297214 -0.8858274  -0.03376409]
  [-0.03766113 -0.8381724   0.05467135]
  [-0.01401756 -0.83327377 -0.08187693]]]