[[[ 0.07538025  0.5767378   0.06684917]
  [ 0.14348029  0.1535697  -0.00180735]
  [ 0.02983449 -0.23442511 -0.10156053]
  [-0.02768662 -0.27671757  0.12881632]
  [ 0.01339694  0.1289388   0.23295756]
  [-0.249239    0.46715134  0.34533036]
  [ 0.13149506 -0.19882943 -0.29217565]
  [ 0.05437364 -0.43818435 -0.30385065]
  [ 0.1663934  -0.6345412  -0.15436606]
  [ 0.08565673 -0.678613    0.11359265]
  [-0.07099991 -0.49940294  0.25175524]
  [-0.01085963 -0.2907353   0.37440813]
  [ 0.16135055 -0.7093908  -0.01566083]
  [ 0.20872617 -0.89879876 -0.05108475]
  [ 0.3050764  -0.8234699   0.04276274]
  [ 0.26157793 -0.8666037   0.03965607]
  [ 0.2967942  -0.8478682  -0.01292573]
  [ 0.16437656 -0.8512224   0.02621134]
  [ 0.24019623 -0.81108284 -0.08878512]]]