[[[ 0.05502009  0.5472057   0.32307118]
  [-0.03176542  0.19120592  0.09106825]
  [-0.12028416 -0.21534663  0.00231427]
  [ 0.11044665 -0.25000966  0.00648901]
  [ 0.1378672   0.16783537  0.06335653]
  [ 0.21464224  0.5408316   0.28031704]
  [-0.3293682  -0.21185395  0.00353038]
  [-0.28104326 -0.41832787  0.12414713]
  [-0.19606514 -0.62129945 -0.02512056]
  [ 0.07283184 -0.6304817  -0.07445349]
  [ 0.13296235 -0.37939966 -0.00867332]
  [ 0.04507525 -0.21592627 -0.1592364 ]
  [-0.07050256 -0.688589   -0.07609429]
  [-0.09813996 -0.88130873 -0.07049066]
  [-0.1559822  -0.8067847  -0.18961558]
  [-0.11573268 -0.8488673  -0.17287561]
  [-0.16750664 -0.8336064  -0.13662376]
  [-0.03176365 -0.82922965 -0.12566325]
  [-0.14216913 -0.80107605 -0.04875665]]]