[[[-0.23748465  0.43166664  0.16676882]
  [-0.22657852  0.08467674 -0.06289911]
  [-0.11848778 -0.2858967   0.03762963]
  [ 0.11008701 -0.27777982 -0.00879209]
  [ 0.18193212  0.12115704 -0.03678265]
  [ 0.30959684  0.382078    0.27787125]
  [-0.5236585  -0.41034532 -0.01240884]
  [-0.3181849  -0.5052482   0.08932991]
  [-0.16296707 -0.6998696  -0.03260641]
  [ 0.11199529 -0.69816244 -0.14698349]
  [ 0.24575403 -0.46159828 -0.1411094 ]
  [ 0.13228793 -0.33615208 -0.31414145]
  [-0.04079007 -0.7616436  -0.12054716]
  [-0.08958613 -0.9713263  -0.1758338 ]
  [-0.1831666  -0.8529569  -0.20644896]
  [-0.1481898  -0.8981878  -0.23045728]
  [-0.16810575 -0.9004845  -0.16747966]
  [-0.04375791 -0.8983107  -0.23792642]
  [-0.09297305 -0.9057227  -0.09834215]]]