[[[-0.20986015  0.4964217   0.15273347]
  [-0.17126518  0.12780161 -0.10306268]
  [-0.12523882 -0.29785898  0.02738192]
  [ 0.12067496 -0.2679795   0.01800641]
  [ 0.06876671  0.15088171 -0.09241315]
  [ 0.0838751   0.56089604  0.10497783]
  [-0.19506948 -0.44703677 -0.15529504]
  [-0.242625   -0.52959275  0.08664455]
  [-0.092797   -0.7523686  -0.00150839]
  [ 0.21333288 -0.7118647  -0.00705598]
  [ 0.30177033 -0.45060986  0.06360573]
  [ 0.22920194 -0.3669074  -0.1694428 ]
  [ 0.07043159 -0.7958485  -0.03895781]
  [ 0.08999018 -1.0057502  -0.10835671]
  [ 0.07985376 -0.8905202  -0.21483229]
  [ 0.1175888  -0.9337647  -0.1864022 ]
  [ 0.05045442 -0.93844503 -0.18319236]
  [ 0.1627562  -0.9282637  -0.0923133 ]
  [ 0.01022604 -0.93936425 -0.08497083]]]