[[[-0.25855806  0.3511327   0.17514935]
  [-0.20453332  0.09224024 -0.17627   ]
  [-0.12855464 -0.28592545  0.02709734]
  [ 0.11968543 -0.27592927  0.03491167]
  [ 0.18211181  0.08804555 -0.16588414]
  [ 0.24118805  0.50455266  0.00414068]
  [-0.30484402 -0.40854394 -0.11022577]
  [-0.27147093 -0.53375995  0.1150257 ]
  [-0.12668948 -0.73473966 -0.01717561]
  [ 0.17471147 -0.71696746 -0.02745411]
  [ 0.31894583 -0.48568022  0.04990185]
  [ 0.3870599  -0.3964814  -0.18199937]
  [ 0.02786705 -0.780237   -0.06583004]
  [ 0.02975102 -0.9703032  -0.1790959 ]
  [ 0.04529681 -0.8330976  -0.25279468]
  [ 0.07400058 -0.88572335 -0.2331486 ]
  [ 0.00720087 -0.88238114 -0.2375722 ]
  [ 0.1064316  -0.9095541  -0.13797829]
  [-0.04634567 -0.9018919  -0.14762807]]]