[[[-0.31992212  0.37791407  0.24414623]
  [-0.20969534  0.12122289 -0.09545053]
  [-0.12372917 -0.29153067  0.00756531]
  [ 0.11638665 -0.27074847  0.04401504]
  [ 0.19261059  0.08508858 -0.1428622 ]
  [ 0.20398003  0.5157304  -0.0213352 ]
  [-0.2937865  -0.43116912 -0.1371382 ]
  [-0.2715299  -0.56064236  0.08323877]
  [-0.09262177 -0.73511016 -0.04370189]
  [ 0.20660818 -0.6973756  -0.03115257]
  [ 0.3509956  -0.46411467  0.04472778]
  [ 0.46197754 -0.35745192 -0.15969579]
  [ 0.06819405 -0.7712267  -0.0791088 ]
  [ 0.09054238 -0.96333396 -0.18631946]
  [ 0.12632634 -0.8288745  -0.25694764]
  [ 0.14829695 -0.88130224 -0.23002864]
  [ 0.08488011 -0.8769859  -0.250707  ]
  [ 0.15594664 -0.9030025  -0.13019109]
  [ 0.01071062 -0.893282   -0.17581671]]]