[[[-0.36755636  0.34582388  0.21251851]
  [-0.22300193  0.09721561 -0.10258305]
  [-0.11533318 -0.3032183  -0.00795211]
  [ 0.11497636 -0.24178894  0.06191584]
  [ 0.15842699  0.07090547 -0.150628  ]
  [ 0.10327889  0.5011811  -0.10870615]
  [ 0.08671473 -0.37997958 -0.40357298]
  [-0.14480594 -0.4595037  -0.33394217]
  [ 0.04476003 -0.6279116  -0.23733333]
  [ 0.31828988 -0.56891525 -0.15113324]
  [ 0.5443645  -0.40612367 -0.15418677]
  [ 0.64085835 -0.34516722 -0.3818878 ]
  [ 0.20275441 -0.6371186  -0.21841365]
  [ 0.27440265 -0.8027184  -0.3202847 ]
  [ 0.32636344 -0.6640995  -0.36485085]
  [ 0.3402082  -0.71607727 -0.3343204 ]
  [ 0.28990757 -0.71260566 -0.37846145]
  [ 0.30923167 -0.7452927  -0.24157736]
  [ 0.19331564 -0.7371608  -0.34004396]]]