[[[ 7.44730085e-02  5.34621894e-01  3.98952752e-01]
  [-3.38115692e-02  1.90832034e-01  1.47433162e-01]
  [-1.22239530e-01 -2.00994834e-01  8.84437934e-03]
  [ 1.13123581e-01 -2.41623282e-01 -1.24679646e-03]
  [ 1.50994658e-01  1.74921870e-01  7.99222812e-02]
  [ 2.47379065e-01  5.32903910e-01  3.23649257e-01]
  [-4.45107758e-01 -2.86139816e-01 -1.09114801e-03]
  [-3.16970050e-01 -4.06893879e-01  1.61564708e-01]
  [-2.15382516e-01 -5.92745960e-01  8.51349905e-05]
  [ 4.42996435e-02 -6.26585007e-01 -5.38562089e-02]
  [ 1.51543647e-01 -3.93069983e-01  2.05843784e-02]
  [ 1.11190595e-01 -2.74163872e-01 -1.76385045e-01]
  [-1.02252193e-01 -6.66472554e-01 -5.18794842e-02]
  [-1.59112975e-01 -8.49604011e-01 -5.03058583e-02]
  [-1.96396828e-01 -7.66002834e-01 -1.71126276e-01]
  [-1.64504796e-01 -8.13333333e-01 -1.53818980e-01]
  [-2.16460794e-01 -7.91817129e-01 -1.21590972e-01]
  [-8.41498673e-02 -8.06651652e-01 -9.92359817e-02]
  [-1.93416134e-01 -7.65572906e-01 -3.14553753e-02]]]