[[[ 0.31097946  0.45348203  0.1896492 ]
  [ 0.06134763  0.14092657  0.15879859]
  [-0.02471081 -0.24464965  0.12836958]
  [-0.00151089 -0.24095294 -0.10091854]
  [-0.06767778  0.14055072 -0.08276878]
  [ 0.10878506  0.4974258  -0.01828671]
  [-0.36519507 -0.6649117   0.4331086 ]
  [-0.13956909 -0.6697731   0.39135328]
  [-0.16657677 -0.6507312   0.14175323]
  [-0.17671098 -0.6598606  -0.09044125]
  [-0.07119228 -0.59077394 -0.31169808]
  [-0.24681628 -0.45637235 -0.31046474]
  [-0.20790617 -0.67748576  0.03607869]
  [-0.3107296  -0.8424741   0.06215925]
  [-0.37250036 -0.7104224   0.11063886]
  [-0.37913218 -0.755039    0.07228745]
  [-0.34508157 -0.7612705   0.12704454]
  [-0.31984746 -0.7713967  -0.00705783]
  [-0.24987066 -0.7870858   0.11148239]]]