[[[ 0.07800809  0.4447306   0.22111556]
  [-0.14630513  0.13323246  0.08811152]
  [-0.05451637 -0.24450813  0.12115653]
  [ 0.03378181 -0.2425705  -0.09992065]
  [ 0.1378661   0.14717212 -0.02094382]
  [ 0.37469777  0.44749364  0.14130157]
  [-0.5508324  -0.3994448   0.33797568]
  [-0.33087793 -0.50821865  0.32188565]
  [-0.21368186 -0.6307364   0.12682632]
  [-0.20289117 -0.63488066 -0.13045211]
  [-0.24474458 -0.41628003 -0.26523685]
  [-0.43405938 -0.30297646 -0.18162884]
  [-0.22806568 -0.6747193   0.0060104 ]
  [-0.28629997 -0.86647964  0.02368781]
  [-0.3899291  -0.755975    0.05504322]
  [-0.3764268  -0.8003904   0.01716072]
  [-0.3543678  -0.79788864  0.07884689]
  [-0.29918846 -0.7982034  -0.04936994]
  [-0.2531551  -0.7963751   0.08242664]]]