[[[ 0.12093343  0.48165506  0.37011513]
  [-0.01966158  0.13336386  0.1898453 ]
  [-0.05386647 -0.26753902  0.11661413]
  [ 0.02353469 -0.23165114 -0.10279423]
  [ 0.02709629  0.16827978 -0.00409138]
  [ 0.18115221  0.5356399   0.12549953]
  [-0.43000743 -0.46592465  0.32674348]
  [-0.1983166  -0.55627924  0.31503534]
  [-0.10237611 -0.68400604  0.10850535]
  [-0.10046531 -0.6776882  -0.15661912]
  [-0.20411788 -0.46356785 -0.26315075]
  [-0.4244074  -0.38148162 -0.20346586]
  [-0.11676881 -0.73073477 -0.01648254]
  [-0.1828715  -0.93052316  0.02560651]
  [-0.26705283 -0.8045706   0.05473738]
  [-0.26397604 -0.85455537  0.02133958]
  [-0.23246863 -0.84821355  0.07845964]
  [-0.19788389 -0.8701128  -0.05514045]
  [-0.13175404 -0.85898966  0.06883927]]]