[[[ 0.01318691  0.50594234  0.3422909 ]
  [-0.06772361  0.13423517  0.16181622]
  [-0.05016549 -0.28291693  0.11015739]
  [ 0.02446124 -0.22981685 -0.09804532]
  [ 0.0031299   0.16895622  0.02064954]
  [ 0.05785448  0.5677148   0.14954399]
  [-0.06555335 -0.29838142  0.31021845]
  [ 0.05293345 -0.5001204   0.22122136]
  [ 0.02999743 -0.7041855   0.06438092]
  [-0.01780749 -0.66483307 -0.19867754]
  [-0.02485482 -0.4037934  -0.24867195]
  [-0.09856979 -0.16946673 -0.24219844]
  [-0.01362809 -0.7468702  -0.06839348]
  [-0.0390094  -0.95572156 -0.05576805]
  [-0.13821043 -0.8601873   0.01170145]
  [-0.13138548 -0.9022632  -0.03245216]
  [-0.09042069 -0.8981724   0.01863468]
  [-0.08174749 -0.88872534 -0.11966662]
  [ 0.0036557  -0.8822142  -0.00835335]]]