[[[-0.21282691  0.39536014  0.55545473]
  [-0.09722304  0.16187838  0.20821014]
  [-0.06632744 -0.15313587 -0.06933346]
  [ 0.08414705 -0.2576567   0.06806771]
  [ 0.05547424  0.07086567  0.32834312]
  [-0.03280411  0.2810459   0.7042411 ]
  [-0.26418734 -0.09643123 -0.2928556 ]
  [-0.27972516 -0.3135808  -0.19268757]
  [-0.1141723  -0.49874303 -0.2717288 ]
  [ 0.08129889 -0.57171714 -0.11718943]
  [ 0.09881467 -0.38526922  0.06629085]
  [ 0.21266828 -0.20506972 -0.02892582]
  [-0.00898438 -0.58464617 -0.22945544]
  [-0.05273    -0.74949044 -0.24694693]
  [ 0.00276193 -0.68895483 -0.37322652]
  [ 0.01202813 -0.7317433  -0.3328491 ]
  [-0.04636784 -0.7075478  -0.34550866]
  [ 0.03734308 -0.7125683  -0.24243625]
  [-0.08363006 -0.66743207 -0.26900986]]]