[[[ 0.13767545  0.5345541  -0.00842838]
  [ 0.13668579  0.11743136 -0.03937375]
  [-0.01871824 -0.2642632  -0.10002261]
  [ 0.01846897 -0.26876587  0.13349509]
  [-0.03014828  0.14001799  0.09661777]
  [-0.199173    0.5297143   0.12180086]
  [-0.02002384 -0.44786164 -0.20377329]
  [-0.22196656 -0.5554024  -0.13599956]
  [-0.03653855 -0.7294709  -0.12294514]
  [ 0.11395701 -0.7311765   0.11453505]
  [ 0.304167   -0.5602638   0.15136401]
  [ 0.33426866 -0.7222927  -0.02113523]
  [ 0.05254319 -0.78009176 -0.01385664]
  [ 0.03085072 -0.9701385  -0.04249001]
  [ 0.1699472  -0.91222405 -0.08538981]
  [ 0.13968661 -0.94873416 -0.0452689 ]
  [ 0.11402698 -0.9317374  -0.10379688]
  [ 0.0823136  -0.91958725  0.03406866]
  [ 0.02316207 -0.88337976 -0.09642705]]]