[[[ 0.12039424  0.5152594   0.03707206]
  [ 0.14017454  0.10899847  0.05051775]
  [ 0.06563435 -0.2704169  -0.0768004 ]
  [-0.06492291 -0.27144247  0.11544435]
  [-0.0447951   0.13470885  0.06335849]
  [-0.18709174  0.49456903 -0.08285314]
  [ 0.30748498 -0.6489298  -0.37267607]
  [ 0.08458142 -0.72597957 -0.33606154]
  [ 0.06444583 -0.7679122  -0.08395471]
  [-0.05512293 -0.7468624   0.13890186]
  [-0.20298779 -0.6081675   0.30139703]
  [-0.10049552 -0.55537456  0.50715387]
  [ 0.02958557 -0.79657793  0.04043154]
  [ 0.03438122 -0.9889471   0.02718943]
  [ 0.13258407 -0.930746    0.13493943]
  [ 0.07931218 -0.96015936  0.12464489]
  [ 0.12673026 -0.9574422   0.07880751]
  [-0.00855557 -0.9209475   0.0922318 ]
  [ 0.09705743 -0.9146439  -0.0119257 ]]]