[[[-0.16136055  0.4691484   0.21488063]
  [-0.11601223  0.13902158 -0.0484051 ]
  [-0.1229753  -0.2837043  -0.00107272]
  [ 0.11229704 -0.28493613  0.03073757]
  [ 0.13666403  0.12559634 -0.0347    ]
  [ 0.12847011  0.4850377   0.19840485]
  [-0.63844305 -0.6014588  -0.09338378]
  [-0.40250814 -0.686833   -0.04243543]
  [-0.13405466 -0.7555592  -0.06435616]
  [ 0.15498097 -0.74728215 -0.03584346]
  [ 0.39818376 -0.6481036   0.04501831]
  [ 0.6286653  -0.5657073  -0.02308389]
  [ 0.01677439 -0.79863316 -0.08212699]
  [ 0.03206329 -1.0070089  -0.13556175]
  [ 0.0608243  -0.90279907 -0.24921432]
  [ 0.0850797  -0.9447807  -0.20846453]
  [ 0.02029628 -0.94567025 -0.22410023]
  [ 0.10095038 -0.93358445 -0.1067614 ]
  [-0.04627325 -0.93542165 -0.14110498]]]