[[[ 0.0516372   0.3933467   0.05347817]
  [-0.19185027  0.09293177 -0.12603913]
  [-0.112804   -0.27106827  0.08518235]
  [ 0.10335006 -0.30527416 -0.02706314]
  [ 0.08359239  0.08748087 -0.19107792]
  [ 0.17225514  0.50202465 -0.07518817]
  [-0.36045653 -0.65095395 -0.02302585]
  [-0.36711535 -0.5967033   0.22197816]
  [-0.18841112 -0.7643389   0.09093958]
  [ 0.02583465 -0.7664764  -0.11822895]
  [-0.0575776  -0.5869426  -0.31230205]
  [-0.28962743 -0.6858983  -0.27687424]
  [-0.08331999 -0.81686914 -0.02336583]
  [-0.1212324  -1.0278989  -0.08019012]
  [-0.13247669 -0.9130753  -0.18897872]
  [-0.09817365 -0.9611452  -0.16556308]
  [-0.1636647  -0.95482594 -0.15171152]
  [-0.03769311 -0.9611743  -0.07996827]
  [-0.18682033 -0.94982487 -0.04429219]]]