[[[ 0.0194605   0.43321353  0.23955123]
  [-0.11529315  0.13870472 -0.04227864]
  [-0.12163808 -0.2895108   0.05345001]
  [ 0.10908136 -0.2959853  -0.01716318]
  [ 0.04026833  0.12027702 -0.09595648]
  [ 0.09284662  0.51711607  0.07043494]
  [-0.25912017 -0.46817356 -0.05655762]
  [-0.25515592 -0.54519916  0.18287471]
  [-0.15079579 -0.77681756  0.07689475]
  [ 0.13371049 -0.7867487  -0.04045536]
  [ 0.17685351 -0.6524377  -0.26884383]
  [ 0.00415703 -0.8310197  -0.2491719 ]
  [-0.00682731 -0.8411607   0.00538779]
  [ 0.00872503 -1.0608788  -0.04878584]
  [-0.03503306 -0.95350826 -0.15692598]
  [ 0.0108279  -0.99334943 -0.13542378]
  [-0.05297052 -1.0005398  -0.11592176]
  [ 0.0772948  -0.9778305  -0.05523392]
  [-0.06781312 -0.99700284 -0.00867651]]]