[[[-6.3573264e-02  5.0896198e-01  1.7657468e-01]
  [-7.2169222e-02  1.2602186e-01 -2.4277911e-02]
  [-1.2473977e-01 -3.0778199e-01  2.9350382e-03]
  [ 1.1360332e-01 -3.0283052e-01  2.0738006e-02]
  [ 8.3695076e-02  1.3032800e-01  2.2210449e-02]
  [ 3.1924337e-02  4.1675264e-01  3.4592256e-01]
  [-2.3690744e-01 -8.0480206e-01 -1.7819905e-01]
  [-3.1082767e-01 -5.9225720e-01 -7.3986925e-02]
  [-1.5381625e-01 -8.0883777e-01 -1.7539915e-02]
  [ 1.5037814e-01 -8.0557054e-01 -1.1505849e-02]
  [ 2.3062973e-01 -5.7012916e-01  1.0645062e-01]
  [ 2.1231763e-01 -5.3778505e-01 -1.3522968e-01]
  [-8.3762035e-04 -8.6987919e-01 -4.6513613e-02]
  [-9.6374862e-03 -1.0935776e+00 -1.0665743e-01]
  [-6.7560434e-02 -9.8376071e-01 -2.0757335e-01]
  [-2.0587269e-02 -1.0276792e+00 -1.9463630e-01]
  [-7.9007685e-02 -1.0287279e+00 -1.6018806e-01]
  [ 6.7383543e-02 -1.0161030e+00 -1.3116644e-01]
  [-6.7925833e-02 -1.0211812e+00 -5.2579612e-02]]]