[[[ 0.00274236  0.5937112   0.03933734]
  [-0.09143353  0.16096848 -0.11199474]
  [-0.12568323 -0.26296863  0.06097992]
  [ 0.12129425 -0.2837809   0.01559686]
  [-0.00530435 -0.2484375  -0.38161623]
  [ 0.01645243  0.19930883 -0.34801263]
  [-0.1983025  -0.5229879  -0.10094468]
  [-0.24481085 -0.42100084  0.13789803]
  [-0.16442673 -0.69950116  0.10260712]
  [ 0.14772183 -0.69836885  0.07182622]
  [ 0.2207579  -0.4186808   0.12117687]
  [ 0.19496241 -0.45130417 -0.13572009]
  [-0.00934723 -0.77229923  0.06252673]
  [-0.02097878 -0.9903931   0.00605136]
  [-0.0642973  -0.8775687  -0.09253481]
  [-0.02125562 -0.92207366 -0.07924624]
  [-0.08196199 -0.92238754 -0.04983865]
  [ 0.05667862 -0.91797537 -0.01038705]
  [-0.08096932 -0.919868    0.05554719]]]