[[[ 0.18846707  0.5662077   0.18415378]
  [ 0.19347382  0.15947425  0.02482701]
  [ 0.00707106 -0.20415977 -0.10267615]
  [-0.01207167 -0.2505084   0.1334666 ]
  [ 0.2049434   0.10495324  0.19330326]
  [ 0.22693862  0.5198098   0.34507713]
  [ 0.06181476 -0.551948   -0.6523917 ]
  [-0.03010708 -0.5330145  -0.4197421 ]
  [-0.10664349 -0.60846645 -0.17761293]
  [-0.11457884 -0.6322339   0.0820492 ]
  [-0.02343387 -0.53729355  0.3132447 ]
  [ 0.14263499 -0.5444273   0.4974436 ]
  [-0.11529113 -0.6654225  -0.05532675]
  [-0.20202169 -0.82323563 -0.07743907]
  [-0.05184831 -0.82860553 -0.09756274]
  [-0.09632582 -0.84752935 -0.06253506]
  [-0.10517295 -0.829673   -0.12431468]
  [-0.14921105 -0.79015434 -0.00216745]
  [-0.16748215 -0.754281   -0.1333707 ]]]