[[[ 0.02469624  0.6144428  -0.14502932]
  [-0.05625392  0.14496475 -0.19089763]
  [-0.13368246 -0.25219327  0.03663988]
  [ 0.12385505 -0.2728707   0.04906305]
  [ 0.08500287 -0.31012657 -0.370216  ]
  [ 0.03606942  0.12541588 -0.27861738]
  [-0.0951997  -0.5977379  -0.14498958]
  [-0.22301938 -0.40459204 -0.00879733]
  [-0.1743516  -0.6777096   0.08184493]
  [ 0.13261358 -0.6792381   0.13572642]
  [ 0.19963187 -0.40255746  0.20735696]
  [ 0.14108816 -0.41624448 -0.05172822]
  [-0.0197359  -0.74794185  0.09452772]
  [-0.018579   -0.96367     0.04815833]
  [-0.05167384 -0.8551945  -0.05794609]
  [-0.00956776 -0.89783984 -0.0386934 ]
  [-0.07358528 -0.898794   -0.01665409]
  [ 0.05946177 -0.89061695  0.03918905]
  [-0.08509194 -0.89324665  0.08717878]]]