[[[ 1.04754321e-01  4.13436919e-01  1.54341325e-01]
  [-1.01736367e-01  1.31108359e-01 -9.86984298e-02]
  [-1.25712767e-01 -2.90033221e-01  4.50258888e-02]
  [ 1.09286018e-01 -3.06180894e-01 -7.12807348e-04]
  [ 8.85659456e-02  1.04079604e-01 -1.30748183e-01]
  [ 1.62773564e-01  5.21430552e-01 -5.40315080e-03]
  [-8.13009292e-02 -5.20798922e-01 -2.04252556e-01]
  [-2.42562681e-01 -5.08779049e-01 -4.34685498e-03]
  [-1.69518232e-01 -7.75071144e-01 -1.30374609e-02]
  [ 1.38078794e-01 -7.79148161e-01  2.02191323e-02]
  [ 2.07797080e-01 -5.41380644e-01  1.56200424e-01]
  [ 2.61079639e-01 -5.08857548e-01 -8.39973167e-02]
  [-1.14321848e-02 -8.43913198e-01 -2.85214912e-02]
  [-1.49142295e-02 -1.06526756e+00 -8.08743462e-02]
  [-6.33960813e-02 -9.59771454e-01 -1.89659595e-01]
  [-1.84428655e-02 -1.00349438e+00 -1.71737999e-01]
  [-7.89186805e-02 -1.00236273e+00 -1.41766131e-01]
  [ 6.31392673e-02 -9.89515066e-01 -1.03485167e-01]
  [-7.64856339e-02 -9.91315544e-01 -3.53138931e-02]]]