[[[ 0.19884007  0.47194996  0.28394255]
  [-0.03692346  0.20048694  0.01130777]
  [-0.10867947 -0.24007347  0.08069041]
  [ 0.08661148 -0.25738856 -0.0588954 ]
  [ 0.0834843   0.18478015 -0.04380381]
  [ 0.2530815   0.562847    0.15813059]
  [-0.24430114 -0.1728158   0.16127367]
  [-0.17556751 -0.424151    0.20543821]
  [-0.16777408 -0.66185457  0.05278389]
  [ 0.04326158 -0.6519961  -0.140264  ]
  [ 0.17647313 -0.3998745  -0.13733621]
  [ 0.16045472 -0.16380791 -0.24365892]
  [-0.08373347 -0.72384256 -0.0704954 ]
  [-0.1291874  -0.9336257  -0.10999267]
  [-0.23466524 -0.82491785 -0.11436269]
  [-0.20405409 -0.8679716  -0.1470621 ]
  [-0.20859852 -0.87154436 -0.08171682]
  [-0.1084599  -0.85919565 -0.177554  ]
  [-0.12053119 -0.87024176 -0.03667523]]]