[[[-0.05870539  0.29371843  0.34223717]
  [-0.08656455  0.14548156 -0.05263059]
  [-0.1262285  -0.2933598   0.0109148 ]
  [ 0.11069346 -0.3081147   0.02196293]
  [ 0.10924648  0.10253417 -0.08817479]
  [ 0.13458385  0.5095343   0.06439961]
  [-0.15868434 -0.5578509  -0.18216519]
  [-0.3231379  -0.57406145  0.00843882]
  [-0.15266606 -0.7974198  -0.01776468]
  [ 0.15098979 -0.7779571   0.04752924]
  [ 0.21470542 -0.5481212   0.19779965]
  [ 0.1784416  -0.5438296  -0.04662241]
  [ 0.01506482 -0.85249025 -0.01908176]
  [ 0.05782166 -1.0718565  -0.08305965]
  [ 0.01409076 -0.96478283 -0.19105855]
  [ 0.06158897 -1.0024459  -0.16659096]
  [-0.00261829 -1.01475    -0.15116552]
  [ 0.12261024 -0.9829777  -0.0818027 ]
  [-0.02453313 -1.0153962  -0.04641061]]]