[[[ 0.08350064  0.346035    0.23504283]
  [-0.21900383  0.09369161  0.09252517]
  [-0.03703372 -0.2862926   0.13786212]
  [ 0.03953028 -0.28014165 -0.09801398]
  [-0.16283599  0.08823683 -0.10558967]
  [ 0.01568296  0.45586786  0.01496744]
  [-0.29206312 -0.7168353   0.08344892]
  [-0.2511657  -0.5920063   0.2898066 ]
  [-0.13043414 -0.76011646  0.1248295 ]
  [-0.10871013 -0.74687475 -0.14939292]
  [-0.28943896 -0.5547842  -0.16681734]
  [-0.32279685 -0.72227633  0.01108086]
  [-0.12201529 -0.8020804  -0.01846747]
  [-0.16946734 -1.0113063  -0.03552912]
  [-0.26663807 -0.9062871  -0.10467519]
  [-0.22081368 -0.9491974  -0.11303256]
  [-0.2588337  -0.947925   -0.05734166]
  [-0.11884178 -0.938109   -0.09244259]
  [-0.20115837 -0.9371119   0.03494476]]]