[[[ 0.15695134  0.45373785  0.28378773]
  [-0.04871016  0.10075717  0.23141699]
  [ 0.01078606 -0.28723288  0.12976818]
  [-0.02319856 -0.24348892 -0.10051081]
  [-0.11038967  0.14361914 -0.01527107]
  [ 0.09983955  0.50152326  0.02147214]
  [-0.18898496 -0.6963901   0.3038191 ]
  [ 0.03924599 -0.65497494  0.35113522]
  [-0.04273149 -0.7218604   0.11490916]
  [-0.14853016 -0.7317409  -0.11260049]
  [-0.3376372  -0.7071297  -0.28666773]
  [-0.39960286 -0.71622884 -0.06195207]
  [-0.11221678 -0.758237    0.00902668]
  [-0.13948075 -0.95241827  0.00841971]
  [-0.23647073 -0.87270105  0.10243964]
  [-0.23241428 -0.90804064  0.05258184]
  [-0.18511756 -0.90740365  0.09840939]
  [-0.19598135 -0.8795367  -0.04060335]
  [-0.09135687 -0.88141036  0.06186521]]]