[[[-3.24904136e-02  6.15055025e-01  1.33616328e-01]
  [-5.04106022e-02  1.96916267e-01 -9.57029238e-02]
  [-1.29216090e-01 -2.50167012e-01  5.64802252e-03]
  [ 1.23583488e-01 -2.41092727e-01  4.05460075e-02]
  [ 9.72861797e-02  1.68727249e-01 -1.65325254e-01]
  [ 6.64353669e-02  5.75550079e-01  8.67712051e-02]
  [-2.41909429e-01 -1.10587843e-01 -6.86775446e-02]
  [-2.24079639e-01 -3.71288478e-01  2.25989316e-02]
  [-1.42231062e-01 -6.49454117e-01  4.92505729e-04]
  [ 1.54506132e-01 -6.56091392e-01  3.74508426e-02]
  [ 2.27837563e-01 -3.78780991e-01  9.02836323e-02]
  [ 2.56982088e-01 -1.18858583e-01  1.06822625e-02]
  [ 9.17556696e-03 -7.26184547e-01 -2.08525965e-03]
  [-7.53227016e-03 -9.40167487e-01 -1.61039960e-02]
  [ 2.02388484e-02 -8.57579708e-01 -1.42658442e-01]
  [ 4.39453274e-02 -8.98496091e-01 -1.01194099e-01]
  [-2.16161385e-02 -8.90550315e-01 -1.09076023e-01]
  [ 7.34493509e-02 -8.77300858e-01 -7.68576469e-03]
  [-6.96985275e-02 -8.61235023e-01 -2.41080727e-02]]]