[[[ 0.06443324  0.52317303  0.23623744]
  [-0.02520913  0.13243052  0.14245498]
  [-0.05013494 -0.27748764  0.11846495]
  [ 0.01876662 -0.23967402 -0.10008672]
  [ 0.01764718  0.1544722   0.00433861]
  [ 0.08733469  0.55091226  0.10497677]
  [-0.09228162 -0.53002554  0.17790604]
  [ 0.12449247 -0.53882515  0.26547107]
  [ 0.0080988  -0.7090185   0.10815521]
  [-0.01589306 -0.7145426  -0.1531713 ]
  [ 0.09982338 -0.522828   -0.2939389 ]
  [-0.08840298 -0.465674   -0.17830895]
  [-0.03233884 -0.7634631  -0.01409798]
  [-0.0508411  -0.97008854  0.00821396]
  [-0.14059931 -0.8756961   0.09470622]
  [-0.14103799 -0.9195593   0.05122554]
  [-0.09037858 -0.9109867   0.09257187]
  [-0.11198934 -0.9071174  -0.04671455]
  [-0.0036181  -0.89273095  0.04354198]]]