[[[-3.4453553e-01  3.2830751e-01  5.6626761e-01]
  [-1.5348148e-01  1.2522735e-01  2.2847049e-01]
  [-7.1013734e-02 -1.6448161e-01 -7.0433833e-02]
  [ 9.1507576e-02 -2.5741506e-01  6.3288324e-02]
  [-4.0624980e-02  4.1056499e-02  3.4027100e-01]
  [-2.1037966e-01  2.0646101e-01  7.1377337e-01]
  [ 4.3939974e-02 -2.2876078e-01 -5.6383193e-01]
  [-1.5574706e-01 -3.0181211e-01 -4.4452924e-01]
  [-5.4051168e-04 -4.9219829e-01 -3.4791452e-01]
  [ 2.0099500e-01 -5.2899128e-01 -1.8270911e-01]
  [ 2.9200983e-01 -3.2327515e-01 -3.7580188e-02]
  [ 3.1014124e-01 -2.2294405e-01 -2.4950260e-01]
  [ 1.1219016e-01 -5.5605048e-01 -2.9223040e-01]
  [ 1.1250817e-01 -7.3032111e-01 -3.2972774e-01]
  [ 1.6857284e-01 -6.4373577e-01 -4.3999916e-01]
  [ 1.8221889e-01 -6.8755382e-01 -4.0051872e-01]
  [ 1.2181932e-01 -6.7696214e-01 -4.2214799e-01]
  [ 1.8790331e-01 -6.7285043e-01 -3.0436674e-01]
  [ 6.3484743e-02 -6.5510899e-01 -3.4976360e-01]]]