[[[-0.2826873  -0.9426815   0.4731601 ]
  [-0.1777824  -0.5200858   0.28367934]
  [-0.11912005 -0.1648961   0.02172036]
  [ 0.12016862 -0.20069972  0.00530101]
  [ 0.00790632 -0.5256      0.30520985]
  [-0.11276057 -0.90216917  0.57017714]
  [-0.11179147  0.43307778 -0.6660779 ]
  [-0.16281745  0.19554573 -0.55048805]
  [ 0.0152642   0.0739034  -0.37873185]
  [ 0.19992943  0.09718087 -0.2672235 ]
  [ 0.25809604  0.34453398 -0.14348963]
  [ 0.13580617  0.5639143  -0.22107935]
  [ 0.12825292  0.09788625 -0.34922642]
  [ 0.20128937  0.1096998  -0.5038971 ]
  [ 0.21394464  0.24377662 -0.42384037]
  [ 0.24592918  0.19659694 -0.44837004]
  [ 0.1880131   0.21813849 -0.47360024]
  [ 0.23714465  0.1044277  -0.4153842 ]
  [ 0.12315765  0.14314097 -0.46686935]]]