[[[-0.40178245 -0.6479768   0.62106013]
  [-0.24138503 -0.30615842  0.35708773]
  [-0.10381193 -0.13147263 -0.0040405 ]
  [ 0.11684968 -0.19595657  0.00738881]
  [-0.01129326 -0.305213    0.41572714]
  [-0.11077285 -0.5659074   0.7832098 ]
  [-0.263136   -0.23636281 -0.6244605 ]
  [-0.3311157  -0.22181778 -0.38924778]
  [-0.06599024 -0.26502892 -0.3962589 ]
  [ 0.1734062  -0.24871133 -0.35528246]
  [ 0.34689066 -0.05094278 -0.28252593]
  [ 0.20244706  0.04372267 -0.445107  ]
  [ 0.0657728  -0.27836353 -0.41168433]
  [ 0.09160639 -0.4100622  -0.48421648]
  [ 0.12585814 -0.2954278  -0.5722797 ]
  [ 0.14950125 -0.341849   -0.5439402 ]
  [ 0.08831316 -0.34079993 -0.56596786]
  [ 0.14990069 -0.34457257 -0.45046756]
  [ 0.02967224 -0.34728962 -0.4933451 ]]]