[[[-0.4736521  -0.26592037  0.7255526 ]
  [-0.27430055 -0.09990191  0.3474474 ]
  [-0.10387005 -0.1655855  -0.02900567]
  [ 0.11757116 -0.20414692  0.01628489]
  [-0.01310536 -0.10742091  0.4257398 ]
  [-0.12380035 -0.197876    0.8625856 ]
  [-0.32127768 -0.3454978  -0.39717174]
  [-0.29043883 -0.36483994 -0.15624914]
  [-0.07881254 -0.44697338 -0.30672234]
  [ 0.18330836 -0.41161722 -0.29311585]
  [ 0.3270651  -0.20859645 -0.17209497]
  [ 0.2265086  -0.1015655  -0.3578329 ]
  [ 0.06051673 -0.46859384 -0.33960605]
  [ 0.08388632 -0.624214   -0.36380595]
  [ 0.06774348 -0.55539185 -0.49483758]
  [ 0.10642756 -0.58753777 -0.4621369 ]
  [ 0.04171468 -0.59252816 -0.4559209 ]
  [ 0.14493924 -0.5514154  -0.3834718 ]
  [ 0.01558792 -0.56655693 -0.36987174]]]