[[[ 0.11856456  0.446178    0.38117146]
  [-0.02360904  0.11497201  0.23664221]
  [-0.03091584 -0.24272825  0.11078258]
  [ 0.00348147 -0.19106847 -0.10318604]
  [-0.07954422  0.1606803   0.01923003]
  [-0.00194642  0.5290861   0.13516001]
  [-0.24020092 -0.55449665  0.46281743]
  [-0.09992851 -0.5757061   0.29354405]
  [-0.13022971 -0.6067193   0.05956419]
  [-0.1800282  -0.55315727 -0.15651163]
  [-0.13439077 -0.32412714 -0.22538868]
  [-0.26301646 -0.16978712 -0.16342512]
  [-0.17982966 -0.6216412  -0.04026193]
  [-0.25394198 -0.79877543 -0.02471639]
  [-0.31052804 -0.68272966  0.04977324]
  [-0.3237815  -0.7200314   0.00894614]
  [-0.28288075 -0.7317575   0.05614302]
  [-0.276274   -0.72332436 -0.07459945]
  [-0.19683294 -0.74891853  0.02215361]]]