[[[-5.51439710e-02  5.16154647e-01  1.25847787e-01]
  [-7.70927668e-02  1.44907400e-01 -9.86660868e-02]
  [-1.24424711e-01 -2.77513295e-01 -8.89659626e-04]
  [ 1.15553834e-01 -2.72135109e-01  4.10357602e-02]
  [ 8.19373727e-02  1.19052552e-01 -1.31566167e-01]
  [ 7.12781250e-02  5.18825710e-01  5.07896654e-02]
  [ 1.36977695e-02 -2.86255926e-01 -3.10105711e-01]
  [-1.38263196e-01 -4.40413833e-01 -1.64456069e-01]
  [-1.34271204e-01 -6.97610021e-01 -7.88163319e-02]
  [ 1.55998766e-01 -7.08701074e-01  5.48565388e-03]
  [ 2.26144612e-01 -4.46314812e-01 -3.58132496e-02]
  [ 1.84026152e-01 -3.05786639e-01 -2.46621668e-01]
  [ 1.27408039e-02 -7.78317988e-01 -4.45859581e-02]
  [ 2.06807535e-02 -1.00134552e+00 -6.77976236e-02]
  [ 7.93975592e-02 -9.04744148e-01 -1.73031673e-01]
  [ 9.19456556e-02 -9.45169866e-01 -1.26164570e-01]
  [ 3.30344215e-02 -9.44748938e-01 -1.57601535e-01]
  [ 8.29836130e-02 -9.28586602e-01 -2.54758336e-02]
  [-5.01822792e-02 -9.28521037e-01 -9.52215493e-02]]]