[[[ 5.0565535e-01  3.7394264e-01  5.2801307e-02]
  [ 2.0428416e-01  9.4510794e-02  1.0081647e-01]
  [ 2.6621949e-03 -2.5920165e-01  1.3280550e-01]
  [-2.1124447e-02 -2.2970171e-01 -9.9480011e-02]
  [-2.2905846e-01  8.1929065e-02 -3.4860581e-02]
  [-2.2776009e-01  4.7869149e-01  7.7289268e-02]
  [-2.7949691e-01 -5.6485468e-01  4.8496130e-01]
  [-7.0995606e-02 -5.9607291e-01  3.6623248e-01]
  [-9.4906926e-02 -6.6729069e-01  1.1629066e-01]
  [-1.9215941e-01 -6.3781601e-01 -1.2184114e-01]
  [-3.7880528e-01 -4.9285167e-01 -2.3465189e-01]
  [-5.8647090e-01 -4.9380040e-01 -1.1785894e-01]
  [-1.5750347e-01 -6.9301528e-01 -7.4197538e-04]
  [-1.9607219e-01 -8.8064426e-01 -1.5462997e-02]
  [-2.9230464e-01 -7.9651976e-01  7.1038708e-02]
  [-2.8824028e-01 -8.2957035e-01  2.1442508e-02]
  [-2.4661905e-01 -8.3605075e-01  7.1097896e-02]
  [-2.3874113e-01 -8.0237466e-01 -6.2499929e-02]
  [-1.4967251e-01 -8.2027906e-01  4.5290530e-02]]]