[[[ 0.51319903  0.36919025  0.07528289]
  [ 0.21449378  0.08414699  0.11532363]
  [ 0.01300874 -0.2686916   0.12691276]
  [-0.02859248 -0.23550393 -0.09788715]
  [-0.2702387   0.04146389 -0.05631113]
  [-0.28679705  0.45493814 -0.01941665]
  [-0.24216853 -0.7174988   0.39245775]
  [-0.01853146 -0.6448128   0.3510579 ]
  [-0.06997205 -0.6920768   0.10723945]
  [-0.19094834 -0.63789403 -0.11289808]
  [-0.21843544 -0.4051571  -0.2200568 ]
  [-0.40605754 -0.34473553 -0.09937537]
  [-0.15747891 -0.7034031   0.00939198]
  [-0.2553665  -0.8752442   0.03617479]
  [-0.30422187 -0.7496153   0.11105566]
  [-0.31755686 -0.78859264  0.06776084]
  [-0.27532798 -0.8030779   0.11530846]
  [-0.27221578 -0.795053   -0.02177893]
  [-0.18218061 -0.82745725  0.0824332 ]]]