[[[-0.07913576  0.4863147   0.47409862]
  [ 0.04968068  0.1808577   0.18037474]
  [-0.02519041 -0.14259648 -0.08887428]
  [ 0.04817419 -0.28185326  0.08207118]
  [ 0.06576065  0.08983352  0.3025672 ]
  [-0.03151011  0.2774826   0.6993011 ]
  [ 0.11458623 -0.02381959 -0.5046897 ]
  [-0.01649906 -0.2241103  -0.41898227]
  [-0.02676809 -0.48233852 -0.33338842]
  [ 0.027754   -0.5927664  -0.10118277]
  [ 0.04496594 -0.4178971   0.10562551]
  [ 0.15464848 -0.22876288  0.22276677]
  [ 0.00499013 -0.59265697 -0.2411154 ]
  [-0.06965188 -0.7548231  -0.2817918 ]
  [ 0.07026219 -0.73885345 -0.33340767]
  [ 0.0355861  -0.76991755 -0.29467273]
  [ 0.01237629 -0.7427587  -0.34856245]
  [-0.00380393 -0.7295983  -0.21775742]
  [-0.05275076 -0.67739886 -0.3276466 ]]]