[[[-0.1747663   0.36643812  0.15892255]
  [-0.28911665  0.04492194 -0.08190367]
  [-0.10776772 -0.2796338   0.081572  ]
  [ 0.10843398 -0.26864082 -0.03133859]
  [ 0.03623188  0.10661019 -0.18913805]
  [ 0.14339799  0.48940694 -0.02704448]
  [-0.173307   -0.5711842  -0.19686617]
  [-0.289989   -0.49235916  0.00665978]
  [-0.14557578 -0.70870125  0.03934933]
  [ 0.09746125 -0.7273848  -0.11567171]
  [ 0.05864815 -0.5847684  -0.33504987]
  [-0.17375213 -0.6526741  -0.28631946]
  [-0.02501372 -0.77360666 -0.04053072]
  [-0.06247909 -0.98374784 -0.08879056]
  [-0.07666184 -0.87016356 -0.19269422]
  [-0.0424582  -0.9186205  -0.1738697 ]
  [-0.10591932 -0.9109499  -0.15544954]
  [ 0.02106597 -0.92181516 -0.09366042]
  [-0.12104235 -0.9060745  -0.05107792]]]