[[[-0.10011376  0.35407025  0.28921303]
  [-0.12547182  0.15955861 -0.1076803 ]
  [-0.13063824 -0.2791785   0.01688304]
  [ 0.11955517 -0.27929315  0.03794659]
  [ 0.14330947  0.08564445 -0.19000621]
  [ 0.15812798  0.50152445 -0.00430791]
  [-0.19240212 -0.4376158  -0.20132992]
  [-0.24918126 -0.46323392  0.04991956]
  [-0.14148636 -0.7140244  -0.03494154]
  [ 0.16997842 -0.7058627  -0.02052837]
  [ 0.24895696 -0.43766677  0.05384266]
  [ 0.21344653 -0.3156291  -0.17257175]
  [ 0.01896421 -0.7825272  -0.05899373]
  [ 0.00934258 -1.0011545  -0.1093937 ]
  [ 0.02484994 -0.89666975 -0.22453982]
  [ 0.05333609 -0.9427569  -0.1901974 ]
  [-0.01375189 -0.936461   -0.19209099]
  [ 0.09244701 -0.93542826 -0.09424316]
  [-0.05938108 -0.92234194 -0.0976677 ]]]