[[[-0.09787484  0.5550893  -0.09227704]
  [-0.04168884  0.11318986 -0.18215546]
  [-0.1262287  -0.283956   -0.00538158]
  [ 0.11673531 -0.28075704  0.05384164]
  [ 0.10330276  0.16419281 -0.0387815 ]
  [ 0.02316094  0.332781    0.3724464 ]
  [-0.25357345 -0.39234582 -0.11815526]
  [-0.225094   -0.4872592   0.12069122]
  [-0.17217512 -0.72975355 -0.01027843]
  [ 0.1402271  -0.7465067  -0.05893216]
  [ 0.21690993 -0.4950978  -0.15469424]
  [ 0.10007139 -0.54394823 -0.38292888]
  [-0.01672134 -0.8047798  -0.05934221]
  [-0.01759465 -1.0187842  -0.08674306]
  [ 0.03132298 -0.93051547 -0.20833683]
  [ 0.047896   -0.9685415  -0.1591653 ]
  [-0.01499882 -0.9679236  -0.1836059 ]
  [ 0.05395727 -0.9440274  -0.0587371 ]
  [-0.09111693 -0.94224536 -0.11150764]]]