[[[-0.10172062  0.528802    0.01004739]
  [-0.0274846   0.12265527 -0.11694232]
  [-0.10564657 -0.2947423  -0.04808065]
  [ 0.09949105 -0.2936704   0.08143044]
  [ 0.08477753  0.1363055   0.02630405]
  [-0.05543866  0.411116    0.33411992]
  [ 0.1690998  -0.61177766 -0.37538704]
  [-0.08722682 -0.62938094 -0.3677575 ]
  [-0.10233618 -0.7742431  -0.12944242]
  [ 0.10630336 -0.7668339   0.10485919]
  [ 0.16341805 -0.5218389   0.2240417 ]
  [ 0.14037389 -0.5131937  -0.02199375]
  [ 0.01209031 -0.8346832  -0.02375419]
  [ 0.05323801 -1.0571593  -0.0661971 ]
  [ 0.11403695 -0.94279265 -0.15484765]
  [ 0.12440399 -0.9870284  -0.1093869 ]
  [ 0.06934364 -0.9891075  -0.14763926]
  [ 0.10300374 -0.9808552  -0.0060414 ]
  [-0.0233751  -0.9878647  -0.09422374]]]