[[[-0.05522979  0.38328096  0.32693765]
  [-0.13120833  0.14476511 -0.01501184]
  [-0.12447238 -0.28594363  0.03100074]
  [ 0.11314563 -0.28468373  0.00119981]
  [ 0.07502375  0.12696384 -0.06930246]
  [ 0.11516853  0.53162795  0.07333086]
  [-0.19780748 -0.4744462  -0.20562159]
  [-0.23514533 -0.4998746   0.03658954]
  [-0.1549874  -0.74785715  0.01341951]
  [ 0.13439117 -0.7675737  -0.05379485]
  [ 0.16729061 -0.6191406  -0.26089764]
  [ 0.00620448 -0.7997081  -0.21731831]
  [-0.00955209 -0.81851834 -0.02930566]
  [-0.01256573 -1.0361639  -0.07393348]
  [-0.00577003 -0.92950404 -0.18920389]
  [ 0.02537541 -0.9740612  -0.15582469]
  [-0.04145655 -0.97134364 -0.1562391 ]
  [ 0.06548556 -0.96537983 -0.06045736]
  [-0.08622862 -0.9608614  -0.05977734]]]