[[[-8.3074592e-02  3.2432011e-01  3.4812802e-01]
  [-1.4153469e-01  1.4461628e-01 -3.8142513e-02]
  [-1.2534498e-01 -2.9450971e-01  3.6501482e-02]
  [ 1.1733637e-01 -2.8642014e-01  1.8620577e-03]
  [ 3.7147939e-02  1.1639659e-01 -1.1864114e-01]
  [ 6.0414594e-02  5.1091969e-01  7.1229994e-02]
  [-2.8544611e-01 -4.9519446e-01 -1.5020558e-01]
  [-3.0204815e-01 -5.5657589e-01  9.3482234e-02]
  [-1.4804864e-01 -7.5976741e-01 -2.3823032e-02]
  [ 1.6101637e-01 -7.4198955e-01 -5.7234280e-02]
  [ 2.8780788e-01 -4.9205562e-01 -4.5280151e-02]
  [ 2.0013778e-01 -5.7887971e-01 -2.6147658e-01]
  [ 7.8559536e-03 -8.1677967e-01 -7.4583650e-02]
  [ 5.7316187e-04 -1.0345550e+00 -1.3671246e-01]
  [-4.3919971e-03 -9.2313790e-01 -2.4873962e-01]
  [ 3.0423343e-02 -9.6928245e-01 -2.1989951e-01]
  [-3.6494181e-02 -9.6670753e-01 -2.1298933e-01]
  [ 8.1559964e-02 -9.6363318e-01 -1.2868175e-01]
  [-7.0881546e-02 -9.5958656e-01 -1.1183667e-01]]]