[[[-0.2909538   0.5226677   0.22669739]
  [-0.2062659   0.16992296  0.01240825]
  [-0.11393389 -0.21230465 -0.0095385 ]
  [ 0.11133635 -0.22722346  0.02260773]
  [ 0.22307716  0.15166533  0.06846604]
  [ 0.35665733  0.45830292  0.33695337]
  [-0.4864391  -0.27659142  0.00848081]
  [-0.2948208  -0.41559067  0.04484995]
  [-0.14098725 -0.5909618  -0.05900806]
  [ 0.11227486 -0.5895927  -0.06812416]
  [ 0.20743065 -0.35899824 -0.00571282]
  [ 0.27512532 -0.16923386 -0.12508862]
  [-0.02091681 -0.6424296  -0.08605523]
  [-0.04860445 -0.81299627 -0.05837145]
  [-0.1092639  -0.7565397  -0.18319125]
  [-0.07247347 -0.7977586  -0.16410771]
  [-0.11960118 -0.7736922  -0.12785691]
  [ 0.01336622 -0.77654356 -0.12410332]
  [-0.08706222 -0.7310513  -0.05047139]]]