[[[-0.21563125  0.5211088   0.10996141]
  [-0.01235905  0.17330231 -0.02803129]
  [-0.06534664 -0.24195231 -0.08684699]
  [ 0.06325552 -0.2741125   0.10784569]
  [ 0.1788581   0.11885948  0.09645253]
  [ 0.21990469  0.49266675  0.30575594]
  [ 0.32032675 -0.5349403  -0.22681694]
  [ 0.0799247  -0.5348647  -0.30077857]
  [-0.08587445 -0.6776901  -0.16299751]
  [ 0.03837758 -0.7317017   0.06686736]
  [ 0.2700233  -0.6219444   0.1139776 ]
  [ 0.34053245 -0.5500993  -0.10903856]
  [-0.03554811 -0.7507879  -0.0559387 ]
  [-0.05658839 -0.9501091  -0.09296139]
  [ 0.04100522 -0.8655964  -0.17568094]
  [ 0.03568098 -0.91085106 -0.13428417]
  [-0.01467084 -0.892839   -0.17253204]
  [ 0.01244952 -0.9004617  -0.03534889]
  [-0.09785928 -0.86234236 -0.12199245]]]