[[[-0.09479269  0.5916312   0.22762577]
  [-0.00603345  0.226176    0.02558875]
  [-0.03617477 -0.16414689 -0.08902529]
  [ 0.0506744  -0.25303054  0.10178746]
  [ 0.10111002  0.11347086  0.27591187]
  [ 0.05378263  0.44059232  0.55535245]
  [-0.1387068  -0.16391568 -0.3762651 ]
  [-0.26089397 -0.29506266 -0.22953482]
  [-0.1314459  -0.5158515  -0.20584406]
  [-0.02914324 -0.5893786   0.01336792]
  [-0.0681517  -0.41286737  0.19758044]
  [ 0.13834666 -0.32863614  0.17206532]
  [-0.07557614 -0.6092226  -0.11664103]
  [-0.15282708 -0.76513594 -0.12841241]
  [-0.02568411 -0.7558289  -0.20519356]
  [-0.05104765 -0.7834644  -0.15992057]
  [-0.08395821 -0.7601761  -0.20960511]
  [-0.07528824 -0.7382234  -0.08146747]
  [-0.1441612  -0.6936671  -0.18198068]]]