[[[-0.30809093  0.36545017  0.5705805 ]
  [-0.15498687  0.16455579  0.20228921]
  [-0.08813404 -0.1492214  -0.04647098]
  [ 0.09275036 -0.25527784  0.04030411]
  [ 0.17830287  0.05046439  0.31779107]
  [ 0.2019652   0.2332938   0.7301163 ]
  [-0.22236887 -0.18208785 -0.2556769 ]
  [-0.33685243 -0.27911302 -0.06816719]
  [-0.20331812 -0.46898198 -0.19639646]
  [ 0.0338384  -0.5583977  -0.11636857]
  [ 0.14276773 -0.41371816  0.08370773]
  [ 0.07565227 -0.31224272 -0.11174748]
  [-0.09514594 -0.563533   -0.19221371]
  [-0.13701661 -0.7281089  -0.20798206]
  [-0.1490244  -0.6519576  -0.3340008 ]
  [-0.12173471 -0.69837385 -0.3096388 ]
  [-0.17885527 -0.6764831  -0.28931075]
  [-0.0560454  -0.6861927  -0.24286053]
  [-0.17319857 -0.64825195 -0.20140338]]]