[[[-0.06121042  0.38622236  0.62388045]
  [-0.08900325  0.13898237  0.2618327 ]
  [-0.11496367 -0.1770688  -0.01071283]
  [ 0.11470593 -0.22254436  0.00811659]
  [ 0.13825229  0.13112365  0.24096875]
  [ 0.19005571  0.38572255  0.5993603 ]
  [-0.5305468  -0.3506081  -0.09052739]
  [-0.3456984  -0.40015802  0.05008482]
  [-0.19019783 -0.5632558  -0.07869359]
  [ 0.05602391 -0.5901477  -0.12756573]
  [ 0.23149376 -0.39741868 -0.16529477]
  [ 0.2122386  -0.33558986 -0.38927594]
  [-0.07972486 -0.62084275 -0.12293046]
  [-0.11641372 -0.7932329  -0.14203092]
  [-0.16253695 -0.69981635 -0.24882045]
  [-0.12791455 -0.7459332  -0.23971821]
  [-0.17983389 -0.7330097  -0.20405778]
  [-0.04917646 -0.74039584 -0.18564549]
  [-0.15625905 -0.71734846 -0.11449441]]]