[[[ 0.07876016  0.5941113   0.18768132]
  [-0.04165752  0.20148847  0.07030555]
  [-0.11301465 -0.20711026  0.0595403 ]
  [ 0.09839225 -0.23346968 -0.03900016]
  [ 0.02646165  0.15442492 -0.16064683]
  [ 0.13866274  0.57126755 -0.17484514]
  [-0.5584666  -0.39493576  0.07448862]
  [-0.33770382 -0.35369703  0.13721839]
  [-0.20664218 -0.56716585  0.0657244 ]
  [ 0.02543334 -0.61854416 -0.03026181]
  [ 0.14324257 -0.39088106 -0.05011844]
  [ 0.13851945 -0.37183112 -0.27649084]
  [-0.1135916  -0.6454686   0.00961763]
  [-0.15701705 -0.82207406  0.03731982]
  [-0.25928706 -0.73542213 -0.03239511]
  [-0.22644672 -0.7834377  -0.03996002]
  [-0.24420784 -0.76095814  0.0180273 ]
  [-0.12804373 -0.78211117 -0.04730853]
  [-0.16879044 -0.7384035   0.07272542]]]