[[[ 0.04203586  0.47862604  0.0406746 ]
  [-0.06333452  0.10660365 -0.13462183]
  [-0.12700054 -0.29371434  0.01498597]
  [ 0.11303727 -0.29371732  0.02697947]
  [ 0.07880402  0.10302493 -0.12749815]
  [ 0.06853951  0.44032294  0.1359628 ]
  [-0.48367122 -0.56173426 -0.05556865]
  [-0.3729053  -0.68319726  0.13413626]
  [-0.12534115 -0.7975187   0.0495897 ]
  [ 0.18501846 -0.7649861   0.03074269]
  [ 0.38643312 -0.5748811  -0.00791922]
  [ 0.19081335 -0.5690701  -0.15888675]
  [ 0.03961704 -0.83519495  0.01770921]
  [ 0.09800857 -1.049403   -0.01971729]
  [ 0.07551432 -0.95268434 -0.14319518]
  [ 0.11724214 -0.9847801  -0.10607944]
  [ 0.05228445 -1.000746   -0.10569115]
  [ 0.1526776  -0.9574331  -0.01143453]
  [ 0.00473008 -0.9972879  -0.00851276]]]