[[[ 0.01716506  0.4690789   0.04630468]
  [-0.00933882  0.09958778 -0.1853057 ]
  [-0.13137107 -0.28090823  0.0038079 ]
  [ 0.11419677 -0.30098307  0.05183633]
  [ 0.13284674  0.07328027 -0.17554009]
  [ 0.05308289  0.39870813  0.1051259 ]
  [-0.19898687 -0.60321665 -0.16538858]
  [-0.40931824 -0.59565914 -0.02147776]
  [-0.1840609  -0.77092344 -0.00130493]
  [ 0.1329525  -0.7810665   0.03139858]
  [ 0.36863807 -0.61790264  0.04281966]
  [ 0.18086793 -0.5833475  -0.12406231]
  [-0.01662282 -0.8295513  -0.00280633]
  [ 0.03599244 -1.0445336  -0.03463961]
  [ 0.09770139 -0.9325602  -0.12747826]
  [ 0.10577819 -0.971741   -0.07660849]
  [ 0.05710377 -0.98265636 -0.12188392]
  [ 0.07032013 -0.95973086  0.01975239]
  [-0.04481082 -0.9860927  -0.08069779]]]