[[[-9.00866557e-03  6.05857372e-01 -3.78916264e-02]
  [-2.78841965e-02  1.60152957e-01 -1.71756133e-01]
  [-1.33112088e-01 -2.35562190e-01  7.31212366e-03]
  [ 1.11437954e-01 -2.83472300e-01  7.94964954e-02]
  [ 1.44530147e-01 -4.03742075e-01 -2.76531458e-01]
  [ 1.91223294e-01  4.79298737e-03 -1.52508497e-01]
  [-2.16671184e-01 -5.65093815e-01 -1.44960642e-01]
  [-4.28803563e-01 -5.66345036e-01  1.19952792e-02]
  [-1.84476823e-01 -7.09181786e-01  6.83687106e-02]
  [ 1.10426091e-01 -6.92017138e-01  1.41258672e-01]
  [ 3.61220300e-01 -5.54807603e-01  1.09647661e-01]
  [ 1.96877390e-01 -6.02656305e-01 -8.96226689e-02]
  [-2.35954598e-02 -7.45647967e-01  9.71555412e-02]
  [ 5.38116992e-02 -9.40145731e-01  6.89409524e-02]
  [ 1.13171749e-01 -8.14566672e-01  3.22885811e-04]
  [ 1.19910695e-01 -8.55316222e-01  4.68817279e-02]
  [ 8.11136141e-02 -8.67519140e-01 -7.05128908e-03]
  [ 6.69826195e-02 -8.61591578e-01  1.32306725e-01]
  [-2.25166157e-02 -8.88082206e-01  1.35253891e-02]]]