[[[-0.2348505   0.45054007  0.20569631]
  [-0.16461514  0.13899754 -0.10490472]
  [-0.12945351 -0.26929256  0.01202914]
  [ 0.11260605 -0.30511108  0.03493962]
  [ 0.23830783  0.0852592  -0.08371036]
  [ 0.39719492  0.47920495  0.07854468]
  [ 0.0578154  -0.5600753  -0.3436416 ]
  [-0.19700816 -0.5697799  -0.2600855 ]
  [-0.20522524 -0.74064326 -0.04196548]
  [ 0.0816696  -0.7595203   0.0494762 ]
  [ 0.19873834 -0.51745784 -0.01898829]
  [-0.00262233 -0.4841288  -0.17971307]
  [-0.06072289 -0.810747    0.00270773]
  [ 0.0068023  -1.0223209  -0.02670646]
  [ 0.07338703 -0.8949767  -0.08912548]
  [ 0.0737109  -0.93862295 -0.0425317 ]
  [ 0.03982867 -0.9488668  -0.09946182]
  [ 0.01365951 -0.94256735  0.04098919]
  [-0.06779884 -0.96751213 -0.08681037]]]