[[[-0.2726184   0.41796923  0.2206961 ]
  [-0.15925306  0.13795698 -0.09693804]
  [-0.12717673 -0.27819115 -0.00688718]
  [ 0.11145783 -0.29460543  0.05196461]
  [ 0.22512151  0.08550952 -0.08066804]
  [ 0.36150676  0.46469694  0.11344236]
  [ 0.1948367  -0.48034662 -0.39526448]
  [-0.05926801 -0.49611196 -0.32050437]
  [-0.12759265 -0.70328873 -0.1451939 ]
  [ 0.11788897 -0.7802258   0.00505488]
  [ 0.38965726 -0.81654716 -0.01857204]
  [ 0.2585355  -0.7845135  -0.23758282]
  [-0.00757048 -0.79448307 -0.07752512]
  [ 0.01478553 -1.0121188  -0.1281695 ]
  [ 0.08981889 -0.90227354 -0.21020764]
  [ 0.09407973 -0.94874775 -0.16633265]
  [ 0.04112397 -0.9444955  -0.20749219]
  [ 0.06712469 -0.94453657 -0.06545565]
  [-0.05522479 -0.9361247  -0.15852098]]]