[[[-0.43391594  0.4246772   0.32952765]
  [-0.15982965  0.16288775  0.16422732]
  [ 0.05175239 -0.09692283 -0.05319387]
  [-0.00434611 -0.26362652  0.086422  ]
  [-0.2504551   0.00907923  0.26291627]
  [-0.5696628   0.19213924  0.46463963]
  [ 0.38189313  0.02696181 -0.20266064]
  [ 0.27907753 -0.18285504 -0.22625414]
  [ 0.22981803 -0.4236656  -0.22833838]
  [ 0.15526214 -0.50992835 -0.04697658]
  [ 0.11205507 -0.30337465  0.0850566 ]
  [ 0.21701673 -0.12677635  0.17958209]
  [ 0.20737368 -0.5142597  -0.15209055]
  [ 0.24042912 -0.66825527 -0.23264147]
  [ 0.27748054 -0.64625335 -0.09040463]
  [ 0.24122156 -0.6762867  -0.12289622]
  [ 0.30049676 -0.66137767 -0.13985169]
  [ 0.18488686 -0.6323298  -0.17872897]
  [ 0.29427403 -0.6043993  -0.21155174]]]