[[[-0.34881926  0.38440937  0.5332713 ]
  [-0.1669402   0.17443702  0.17671803]
  [-0.0866351  -0.15480927 -0.05136025]
  [ 0.0922121  -0.2544957   0.04692573]
  [ 0.16410622  0.0786122   0.30338907]
  [ 0.1751441   0.30501726  0.7000475 ]
  [-0.19783957 -0.24666929 -0.33302328]
  [-0.32365096 -0.24841937 -0.12584662]
  [-0.19488078 -0.47818264 -0.19004706]
  [ 0.03094827 -0.57535124 -0.07827614]
  [ 0.12932977 -0.4438792   0.13963224]
  [ 0.13844262 -0.33557174 -0.06494167]
  [-0.09153414 -0.58037025 -0.16764839]
  [-0.14034116 -0.7447809  -0.16895323]
  [-0.1330502  -0.6878419  -0.30520365]
  [-0.1109171  -0.7309181  -0.2704434 ]
  [-0.16939513 -0.70483696 -0.26122957]
  [-0.05357959 -0.71037066 -0.19831195]
  [-0.17411092 -0.6633376  -0.17802793]]]