[[[-0.5352006  -0.17293884  0.6626753 ]
  [-0.2907407  -0.06152067  0.30216008]
  [-0.09483773 -0.15065399 -0.04228052]
  [ 0.11645508 -0.20560338  0.03226917]
  [-0.01302766 -0.03256672  0.405222  ]
  [-0.16796997 -0.05597298  0.8270506 ]
  [-0.27545294 -0.17073563 -0.23040856]
  [-0.2446424  -0.34394062 -0.0689304 ]
  [-0.09789115 -0.45755732 -0.25695494]
  [ 0.15662968 -0.45629543 -0.21806452]
  [ 0.19526173 -0.29630774 -0.00617075]
  [ 0.08986059 -0.13810398 -0.13744523]
  [ 0.03383471 -0.5012753  -0.28076893]
  [ 0.04022948 -0.6634527  -0.32297578]
  [ 0.02525488 -0.5719634  -0.43872833]
  [ 0.06170128 -0.61211795 -0.41605932]
  [-0.00220545 -0.6126309  -0.40706283]
  [ 0.1055221  -0.5943843  -0.3352384 ]
  [-0.02048723 -0.6011675  -0.31793025]]]