[[[-3.15844357e-01  4.24227029e-01  1.02634296e-01]
  [-2.11212099e-01  7.82190785e-02 -1.30749077e-01]
  [-1.25632182e-01 -2.93034494e-01  2.54222043e-02]
  [ 1.14021555e-01 -2.89495349e-01  1.60055626e-02]
  [ 2.04359740e-01  1.09856680e-01 -7.44115748e-03]
  [ 3.31842899e-01  4.62480664e-01  2.25553259e-01]
  [ 2.60648411e-02 -7.66687930e-01 -2.95864880e-01]
  [-1.74358219e-01 -6.14768863e-01 -2.47143224e-01]
  [-1.53054774e-01 -7.59218335e-01 -3.64722945e-02]
  [ 1.40946567e-01 -7.59470224e-01 -4.46529463e-02]
  [ 2.11544648e-01 -5.38003325e-01 -1.74526036e-01]
  [ 1.66341625e-02 -6.52149081e-01 -2.81917423e-01]
  [-9.68231354e-03 -8.18279386e-01 -4.00693156e-02]
  [-2.13329829e-02 -1.03781426e+00 -7.52989277e-02]
  [-3.66874151e-02 -9.36243773e-01 -1.92594126e-01]
  [-5.04404306e-05 -9.79915321e-01 -1.64323255e-01]
  [-6.53816387e-02 -9.75901127e-01 -1.50392175e-01]
  [ 6.11525215e-02 -9.67680812e-01 -7.90154189e-02]
  [-8.96659940e-02 -9.60279107e-01 -4.78830710e-02]]]