[[[-0.32449985  0.41615418  0.10959267]
  [-0.21764782  0.07275124 -0.1240641 ]
  [-0.12449585 -0.29653433  0.02857703]
  [ 0.11297908 -0.2937504   0.01309207]
  [ 0.19797835  0.1064102  -0.01702795]
  [ 0.32092047  0.46532103  0.20394492]
  [-0.09691801 -0.84584033 -0.22817345]
  [-0.23597804 -0.6384144  -0.20516786]
  [-0.1576116  -0.7772806  -0.00797831]
  [ 0.13447526 -0.77371234 -0.03129632]
  [ 0.20499551 -0.5358323  -0.11477862]
  [ 0.04372761 -0.63567346 -0.27306268]
  [-0.01591329 -0.832288   -0.02622666]
  [-0.02913309 -1.0500848  -0.06622786]
  [-0.06149437 -0.9470895  -0.17974749]
  [-0.02063461 -0.99043274 -0.15686572]
  [-0.08380233 -0.9878143  -0.13429466]
  [ 0.05167148 -0.9782642  -0.07965104]
  [-0.09474108 -0.9736297  -0.0289522 ]]]