[[[-0.3455292   0.40649906  0.06988317]
  [-0.2342714   0.05383566 -0.15933172]
  [-0.12511937 -0.2908615   0.03544349]
  [ 0.11592417 -0.28723866  0.0123247 ]
  [ 0.20126037  0.11610013 -0.03787043]
  [ 0.33004573  0.4536255   0.22525361]
  [-0.06266809 -0.8211137  -0.23731484]
  [-0.24275894 -0.6396164  -0.23644617]
  [-0.16201273 -0.75820553 -0.02019017]
  [ 0.1349046  -0.7525849  -0.02505752]
  [ 0.23906815 -0.5093373  -0.07457927]
  [ 0.10185289 -0.64111483 -0.23476315]
  [-0.01731    -0.81253374 -0.03300481]
  [-0.02431665 -1.0263451  -0.09361071]
  [-0.0404552  -0.9122031  -0.1983943 ]
  [-0.00279675 -0.9572177  -0.17410627]
  [-0.06869489 -0.95792913 -0.16244844]
  [ 0.05431568 -0.95321023 -0.08608884]
  [-0.0971617  -0.955581   -0.0600214 ]]]