[[[-0.09383361  0.4392736   0.2931946 ]
  [-0.01793374  0.12979318  0.06442373]
  [-0.04888581 -0.24020535 -0.09179237]
  [ 0.05986071 -0.28341562  0.09619133]
  [ 0.04538472  0.10857058  0.10875384]
  [-0.00527291  0.48275408  0.23017897]
  [ 0.04884316 -0.603262   -0.39970547]
  [-0.16735034 -0.55198145 -0.3784443 ]
  [-0.09283441 -0.6944427  -0.18795562]
  [ 0.03905611 -0.73662907  0.04399205]
  [ 0.15595949 -0.5599228   0.17975783]
  [ 0.18614407 -0.55032146 -0.03648623]
  [-0.02625285 -0.7677537  -0.08783031]
  [-0.07667015 -0.9664445  -0.12281445]
  [ 0.02844882 -0.897948   -0.2142542 ]
  [ 0.01900654 -0.9422348  -0.172281  ]
  [-0.03002355 -0.91622853 -0.20744483]
  [ 0.00414672 -0.927988   -0.07201517]
  [-0.10358246 -0.8759801  -0.14989145]]]