[[[-0.08841852  0.42789048  0.47208452]
  [-0.13383685  0.11734822  0.19875312]
  [-0.08028999 -0.2678008   0.09490447]
  [ 0.06004801 -0.2203844  -0.08620344]
  [ 0.04144164  0.17824528 -0.0229572 ]
  [ 0.13389847  0.5647324   0.10926557]
  [-0.40221673 -0.6447599   0.21341476]
  [-0.17368175 -0.6139428   0.28739083]
  [-0.05902708 -0.6800834   0.06001154]
  [-0.02424327 -0.6380521  -0.20221841]
  [-0.21297407 -0.4689688  -0.27805808]
  [-0.4523255  -0.5014627  -0.26434848]
  [-0.04267181 -0.711324   -0.0749841 ]
  [-0.06283987 -0.9181491  -0.06664199]
  [-0.18476489 -0.8277916  -0.09279671]
  [-0.14961118 -0.86895484 -0.11732531]
  [-0.15767261 -0.8628145  -0.05290213]
  [-0.05321269 -0.8528451  -0.1430617 ]
  [-0.06958568 -0.8443157  -0.00531272]]]