[[[-0.23982696  0.42472762  0.1282691 ]
  [-0.22263776  0.08402059 -0.12964642]
  [-0.12376436 -0.2860079   0.03824595]
  [ 0.11091613 -0.2854685   0.01088602]
  [ 0.21251751  0.09656348 -0.09663615]
  [ 0.3823702   0.42703342  0.13777475]
  [-0.14754327 -0.4759747  -0.3225651 ]
  [-0.23030618 -0.5388942  -0.08325793]
  [-0.11751446 -0.75167376  0.03847236]
  [ 0.1650249  -0.7277421  -0.04407737]
  [ 0.08933873 -0.58841187 -0.26184648]
  [-0.11933297 -0.68596274 -0.38032103]
  [ 0.03634773 -0.80147094  0.00497951]
  [ 0.05135018 -1.0212357  -0.03085627]
  [ 0.01692766 -0.91851175 -0.14186165]
  [ 0.05925917 -0.95817024 -0.11857226]
  [-0.00443446 -0.96229744 -0.10055344]
  [ 0.1225732  -0.9416922  -0.03705562]
  [-0.02305345 -0.95467496  0.00411102]]]