[[[-0.22268608  0.43765938  0.09706976]
  [-0.20175649  0.07688248 -0.12576103]
  [-0.12469858 -0.2938629   0.03949925]
  [ 0.10894708 -0.301729    0.00787419]
  [ 0.2030839   0.08450964 -0.08946878]
  [ 0.3858053   0.41737384  0.12089489]
  [-0.22976552 -0.37199867 -0.10138229]
  [-0.2554573  -0.51597905  0.10707535]
  [-0.16644835 -0.7599761   0.01915538]
  [ 0.13944559 -0.78443456 -0.01780996]
  [ 0.39721316 -0.67761326 -0.05504562]
  [ 0.54277104 -0.8409565  -0.17491199]
  [-0.01386418 -0.831619   -0.02954517]
  [ 0.00395683 -1.0489727  -0.08453843]
  [ 0.01455297 -0.9417164  -0.20139572]
  [ 0.04474334 -0.983135   -0.16357443]
  [-0.02153117 -0.986573   -0.17143856]
  [ 0.07379898 -0.9699419  -0.06369604]
  [-0.08055037 -0.98028666 -0.07893085]]]