[[[-0.17581438  0.46308216  0.13520592]
  [-0.18396251  0.10838801 -0.09009981]
  [-0.11587437 -0.2700371   0.05812643]
  [ 0.10145452 -0.28434452 -0.02494468]
  [ 0.16939886  0.12260674 -0.06007898]
  [ 0.3796988   0.4240253   0.16251181]
  [-0.41256928 -0.4208267   0.03427586]
  [-0.2561875  -0.49598235  0.21016642]
  [-0.14923912 -0.71871966  0.09763877]
  [ 0.0655973  -0.7247809  -0.10980543]
  [-0.00998204 -0.5401554  -0.29062572]
  [-0.23556475 -0.5735506  -0.38790023]
  [-0.04395648 -0.7860413  -0.01267579]
  [-0.06369872 -1.0040385  -0.03574446]
  [-0.14599332 -0.9063506  -0.12313619]
  [-0.10009424 -0.947694   -0.12162438]
  [-0.14604685 -0.945585   -0.07432048]
  [-0.00472571 -0.9315931  -0.08472119]
  [-0.10756101 -0.93093854  0.02184545]]]