[[[-0.02198258  0.54420966  0.09545833]
  [-0.13449751  0.17083168  0.03301434]
  [-0.0910933  -0.2217578   0.07522896]
  [ 0.06795667 -0.19914728 -0.07310593]
  [-0.10112084  0.16358614 -0.06951271]
  [-0.03943779  0.5394981   0.04785318]
  [-0.19265683 -0.66369265 -0.07268932]
  [-0.18772265 -0.47709337  0.04252938]
  [-0.01780091 -0.5775929   0.14592746]
  [ 0.11861673 -0.6369964   0.01590776]
  [ 0.11316451 -0.74428165 -0.19227228]
  [-0.05276879 -0.87283885 -0.15324213]
  [ 0.04703739 -0.63485247  0.09185524]
  [ 0.01607095 -0.8058952   0.13787812]
  [-0.09204253 -0.7109201   0.10272268]
  [-0.0706482  -0.7613642   0.08672721]
  [-0.06608447 -0.7373746   0.14562115]
  [ 0.01932665 -0.7705234   0.05021048]
  [ 0.02257061 -0.72489417  0.1702041 ]]]