[[[-0.40701377 -0.03320335  0.5647168 ]
  [-0.22496064 -0.2940961   0.31671742]
  [ 0.08608843 -0.2292074   0.0810022 ]
  [-0.06840681 -0.1689415  -0.07788199]
  [-0.36116576 -0.21945758  0.18499333]
  [-0.4838735   0.10063317  0.40741712]
  [ 0.14314431 -0.5454975   0.04237401]
  [ 0.3101585  -0.403221    0.09013077]
  [ 0.27110174 -0.4319937  -0.15302911]
  [ 0.13590458 -0.34823743 -0.33854336]
  [ 0.02998716 -0.12498619 -0.38355502]
  [-0.11873039 -0.27690482 -0.3546943 ]
  [ 0.205321   -0.43434015 -0.26268947]
  [ 0.21378617 -0.61729926 -0.32824245]
  [ 0.16252173 -0.56970316 -0.19924256]
  [ 0.14608705 -0.5954055  -0.24667619]
  [ 0.20518863 -0.5968322  -0.22512163]
  [ 0.14638644 -0.5541393  -0.33149913]
  [ 0.2675147  -0.559152   -0.28535098]]]