[[[ 0.04803266  0.5347636   0.16992314]
  [ 0.16471349  0.13667184  0.12483762]
  [ 0.07727051 -0.2216826  -0.06891471]
  [-0.07546718 -0.24803205  0.09867366]
  [ 0.05697311  0.12989117  0.20892987]
  [-0.0752553   0.53237915  0.20580566]
  [ 0.24990344 -0.28541666  0.0808475 ]
  [ 0.16435713 -0.37923592 -0.12064727]
  [ 0.06880288 -0.62032574 -0.11237523]
  [-0.11552612 -0.6048659   0.08316025]
  [-0.1346994  -0.35208368  0.15482633]
  [ 0.01731496 -0.21481784  0.2673403 ]
  [-0.02702497 -0.68013656 -0.01334195]
  [-0.08391117 -0.8698669  -0.00294177]
  [ 0.0604945  -0.8373575  -0.01967267]
  [ 0.02134182 -0.86234146  0.01705953]
  [ 0.01144344 -0.85650873 -0.04627139]
  [-0.04670869 -0.8119497   0.06794327]
  [-0.06584855 -0.8049648  -0.0660807 ]]]