[[[-0.06682282  0.1862405   0.67375135]
  [ 0.09830464 -0.0660219   0.3867283 ]
  [ 0.0782901  -0.10331431  0.01465161]
  [-0.06508171 -0.2890216  -0.00313311]
  [ 0.03101373 -0.19390333  0.36576945]
  [-0.0822589  -0.03215986  0.73757666]
  [ 0.410544   -0.5246818   0.02117635]
  [ 0.32122362 -0.3345111   0.10963126]
  [ 0.36343962 -0.23695849 -0.09305665]
  [ 0.3156543  -0.3556615  -0.21694008]
  [ 0.1623404  -0.5155933  -0.29580498]
  [ 0.36470887 -0.55246335 -0.25568926]
  [ 0.3636806  -0.30324274 -0.14394394]
  [ 0.5105051  -0.35787398 -0.06272075]
  [ 0.3701311  -0.39343578 -0.02127398]
  [ 0.41737813 -0.41870582 -0.03963901]
  [ 0.41639522 -0.3648243  -0.00537363]
  [ 0.455706   -0.39659664 -0.12324931]
  [ 0.45359442 -0.29255238 -0.05259935]]]