[[[ 0.1636058   0.24303043 -0.17807956]
  [-0.10092147  0.00213429 -0.32748044]
  [-0.11963235 -0.15094493  0.00385445]
  [ 0.10279305 -0.23024939  0.06099571]
  [ 0.19565557 -0.15064797 -0.29355088]
  [ 0.3099967   0.18446416 -0.11925713]
  [-0.12722516 -0.37229913 -0.32734177]
  [-0.31909454 -0.28754842 -0.23401791]
  [-0.21165556 -0.4539388  -0.07337908]
  [ 0.01842253 -0.5385864   0.01154694]
  [ 0.22351857 -0.4428333   0.14035287]
  [ 0.2827656  -0.45481527 -0.06588949]
  [-0.11407762 -0.5403486  -0.04531889]
  [-0.18551126 -0.7107855  -0.05873163]
  [-0.17999136 -0.6227692  -0.17338015]
  [-0.1619777  -0.6737216  -0.1563693 ]
  [-0.21462354 -0.6453595  -0.13623354]
  [-0.10201229 -0.6813213  -0.08573541]
  [-0.21125837 -0.6301326  -0.04544678]]]