[[[-0.1174551   0.33542085  0.5705407 ]
  [ 0.05387916  0.04161578  0.33867037]
  [ 0.08415419 -0.10862589 -0.00687655]
  [-0.06758683 -0.27798337  0.03101997]
  [-0.036766   -0.0488956   0.34672686]
  [-0.11309399  0.20084481  0.67123514]
  [ 0.40342316 -0.5963352   0.1171582 ]
  [ 0.3531635  -0.37673077  0.11794536]
  [ 0.34829652 -0.33112532 -0.10128861]
  [ 0.26434284 -0.4678853  -0.14990948]
  [ 0.11207008 -0.63734907 -0.11555231]
  [ 0.31641942 -0.66390616 -0.09235005]
  [ 0.32852456 -0.4061973  -0.1165672 ]
  [ 0.46830878 -0.47431412 -0.03542475]
  [ 0.33588457 -0.4464048   0.02634836]
  [ 0.36964017 -0.49015853  0.01518016]
  [ 0.3899815  -0.4311235   0.0276722 ]
  [ 0.3962117  -0.50924313 -0.07243013]
  [ 0.43504015 -0.39510134 -0.04520521]]]