[[[ 0.11916184  0.20892116 -0.2836668 ]
  [ 0.01464033 -0.15223992 -0.36591804]
  [-0.12302247 -0.22446084  0.00495149]
  [ 0.10558193 -0.21556976  0.06653786]
  [ 0.16469985 -0.19022973 -0.31727964]
  [ 0.24311572  0.19949938 -0.364763  ]
  [-0.52515125 -0.387401    0.09482064]
  [-0.3322897  -0.5015151   0.15201664]
  [-0.10367805 -0.61448884  0.13954104]
  [ 0.15753457 -0.5702841   0.16855052]
  [ 0.3592847  -0.41363698  0.15290985]
  [ 0.48759404 -0.344648   -0.0267519 ]
  [ 0.03615624 -0.6364208   0.14929454]
  [ 0.0825866  -0.8161065   0.17869785]
  [ 0.09670441 -0.7573002   0.04064132]
  [ 0.12722111 -0.7767101   0.08688356]
  [ 0.0664354  -0.79431736  0.07378362]
  [ 0.13198897 -0.73598754  0.1736269 ]
  [ 0.00201317 -0.77187324  0.14630842]]]