[[[ 0.30997333  0.2891576   0.38249445]
  [ 0.34293616  0.02465829  0.07378612]
  [ 0.02646533 -0.12590848 -0.08926828]
  [-0.04847896 -0.24772263  0.09241047]
  [ 0.31164035 -0.17740808  0.2003511 ]
  [ 0.27716008  0.05635762  0.538175  ]
  [ 0.37255475 -0.43853813 -0.13703942]
  [ 0.25594226 -0.30328047 -0.27847806]
  [ 0.04819412 -0.43730003 -0.25035456]
  [-0.02831944 -0.5358951  -0.04575716]
  [-0.01502025 -0.4515909   0.1937313 ]
  [ 0.19849579 -0.44862685  0.15904602]
  [ 0.01124517 -0.5229288  -0.17215362]
  [-0.00095535 -0.66981095 -0.2642977 ]
  [ 0.12627035 -0.6082923  -0.23766701]
  [ 0.09880063 -0.656804   -0.22865993]
  [ 0.0892619  -0.61834496 -0.2774491 ]
  [ 0.02226459 -0.65842015 -0.17731911]
  [ 0.00565102 -0.5869031  -0.27781945]]]