[[[ 8.6276695e-02  5.6126010e-01 -1.0014360e-02]
  [ 9.6070349e-02  1.5062957e-01  6.6441216e-02]
  [ 1.1007586e-01 -2.6482269e-01  2.6144590e-03]
  [-1.1292922e-01 -2.5717992e-01  3.8206462e-02]
  [-7.8983210e-02  1.3853292e-01  1.3805763e-01]
  [-9.2026897e-02  5.5864805e-01  1.2194857e-01]
  [ 1.8935710e-01 -4.1572490e-01  2.0293583e-01]
  [ 2.8053179e-01 -5.4105651e-01  1.3416275e-02]
  [ 7.5400308e-02 -7.1279329e-01 -2.4645234e-02]
  [-1.9703633e-01 -6.3319159e-01  6.7612501e-03]
  [-2.3150042e-01 -3.7110785e-01  7.1806118e-02]
  [-1.8552855e-01 -4.0434840e-01  2.9994196e-01]
  [-8.1193246e-02 -7.3918533e-01 -4.1782507e-03]
  [-1.6292313e-01 -9.4296497e-01 -3.1503919e-04]
  [-6.1109759e-02 -8.9360338e-01  1.0253030e-01]
  [-1.1918934e-01 -9.1113335e-01  9.3134336e-02]
  [-7.0844032e-02 -9.2821169e-01  5.2678805e-02]
  [-1.8953614e-01 -8.5670650e-01  4.5622371e-02]
  [-8.6829923e-02 -8.9771819e-01 -4.1913256e-02]]]