[[[-0.3508009   0.41737872  0.18342368]
  [-0.10743581  0.15346307 -0.07547369]
  [-0.09806268 -0.28624827 -0.06533664]
  [ 0.09689713 -0.29227033  0.09123478]
  [ 0.12099806  0.13998358  0.073671  ]
  [ 0.0166606   0.48811653  0.33008286]
  [ 0.01848248 -0.48571765 -0.24351738]
  [-0.21293439 -0.5733015  -0.18501048]
  [-0.04001142 -0.7819082  -0.11495508]
  [ 0.16146395 -0.72738254  0.11069718]
  [ 0.15614596 -0.465347    0.22172573]
  [ 0.26665077 -0.46609682 -0.00178101]
  [ 0.1016722  -0.8154525  -0.01424215]
  [ 0.25817677 -0.9906078  -0.01665339]
  [ 0.2871768  -0.8363897  -0.03645111]
  [ 0.28627455 -0.88588387  0.00375517]
  [ 0.2871435  -0.8937789  -0.06305295]
  [ 0.20411314 -0.92999053  0.04890636]
  [ 0.20129067 -0.95096993 -0.10104313]]]