[[[-1.08564213e-01  4.92321223e-01  3.20786983e-01]
  [-1.12857871e-01  1.81013703e-01  4.54336479e-02]
  [-1.14564948e-01 -2.28416011e-01 -5.49627794e-03]
  [ 1.10984810e-01 -2.30645522e-01  1.97606802e-04]
  [ 5.44923842e-02  1.79031342e-01  5.26604541e-02]
  [ 6.60056025e-02  4.84289736e-01  3.39180619e-01]
  [-7.00635761e-02 -2.38435924e-01 -2.52372295e-01]
  [-1.84585482e-01 -3.68684471e-01 -8.97119492e-02]
  [-1.23514339e-01 -6.18662894e-01 -7.30088353e-02]
  [ 1.29647478e-01 -6.09198391e-01 -1.13731466e-01]
  [ 1.57475263e-01 -3.72315288e-01 -2.18003541e-01]
  [-1.29039455e-02 -3.29048872e-01 -3.67958695e-01]
  [ 1.40552875e-03 -6.76554441e-01 -1.02710061e-01]
  [-1.01174256e-02 -8.73159051e-01 -1.56619072e-01]
  [-1.11295298e-01 -7.68042445e-01 -1.86383009e-01]
  [-7.39959627e-02 -8.06136489e-01 -2.11808085e-01]
  [-9.82457548e-02 -8.14723432e-01 -1.52759954e-01]
  [ 2.43219696e-02 -7.95573890e-01 -2.07145751e-01]
  [-2.97373384e-02 -8.18101645e-01 -8.82744491e-02]]]