[[[ 3.52327302e-02  4.73986655e-01  2.13402942e-01]
  [-1.64565057e-01  1.28409445e-01  1.15688704e-01]
  [-4.20200303e-02 -2.70446479e-01  1.22218639e-01]
  [ 2.68196389e-02 -2.33844578e-01 -9.71738100e-02]
  [-5.52956015e-02  1.67556778e-01 -2.57673189e-02]
  [ 1.54591352e-01  5.00104785e-01  1.17071956e-01]
  [-2.76570380e-01 -3.96771461e-01  2.65227169e-01]
  [-5.36098927e-02 -4.86621469e-01  2.82301247e-01]
  [ 5.15627861e-02 -6.70955122e-01  1.42970771e-01]
  [ 5.40853068e-02 -7.02157676e-01 -1.24455303e-01]
  [-9.46304053e-02 -5.57673693e-01 -2.82301098e-01]
  [-3.12041461e-01 -4.57347363e-01 -2.84383386e-01]
  [ 5.69410957e-02 -7.38807440e-01  1.59794558e-02]
  [ 9.93151516e-02 -9.28024113e-01  5.13907485e-02]
  [-4.87227887e-02 -8.92700553e-01  2.82213129e-02]
  [-6.95616007e-04 -9.20884430e-01  4.60352004e-03]
  [-6.59961998e-03 -9.09005642e-01  6.87163621e-02]
  [ 8.11327919e-02 -8.75939250e-01 -3.30377147e-02]
  [ 6.76749498e-02 -8.51006806e-01  1.05651736e-01]]]