[[[-0.08936337  0.4248685   0.49737832]
  [-0.04554413  0.16889343  0.16190937]
  [-0.07166566 -0.17820074 -0.07612044]
  [ 0.08333015 -0.26191247  0.06931486]
  [ 0.08828755  0.11370952  0.24699071]
  [ 0.01577111  0.3453175   0.6014353 ]
  [ 0.10176096 -0.12420999 -0.1973314 ]
  [-0.08729907 -0.27133995 -0.22545257]
  [-0.03307927 -0.52487195 -0.27113205]
  [ 0.1320245  -0.587791   -0.0737528 ]
  [ 0.12238636 -0.38949043  0.10418804]
  [ 0.19719663 -0.17553967  0.04665404]
  [ 0.06519809 -0.6100277  -0.20962776]
  [ 0.09950396 -0.77524805 -0.32346913]
  [ 0.05589884 -0.64200234 -0.37353528]
  [ 0.09916572 -0.6822883  -0.3775075 ]
  [ 0.03901642 -0.69692177 -0.3595815 ]
  [ 0.16265221 -0.70119727 -0.30407408]
  [ 0.03704184 -0.73421097 -0.27305588]]]