[[[ 4.18544672e-02  5.75307369e-01  1.18502505e-01]
  [ 7.15359226e-02  1.88483804e-01 -6.24083914e-05]
  [ 2.12496184e-02 -1.99049354e-01 -9.54893231e-02]
  [-4.31328639e-03 -2.34186277e-01  1.27037436e-01]
  [ 4.38768789e-02  1.64702833e-01  1.34266153e-01]
  [ 5.51771047e-03  5.70368052e-01  1.71206251e-01]
  [ 3.28900486e-01 -8.97943854e-01 -8.41311440e-02]
  [ 2.23564625e-01 -7.28923976e-01 -2.02024028e-01]
  [ 2.04524714e-02 -6.51694834e-01 -1.07665688e-01]
  [-4.90772054e-02 -6.42234683e-01  7.37999156e-02]
  [-2.02467620e-01 -5.47934413e-01  2.33033106e-01]
  [-1.03667989e-01 -5.69805324e-01  4.24807429e-01]
  [-1.48871774e-03 -6.77379727e-01 -1.85108986e-02]
  [-4.76558506e-02 -8.34136963e-01  2.37435475e-03]
  [ 8.55872482e-02 -8.15380931e-01 -6.79015368e-02]
  [ 6.11056834e-02 -8.40444744e-01 -2.08529197e-02]
  [ 2.90165544e-02 -8.27478409e-01 -7.51323178e-02]
  [ 2.15213075e-02 -7.89298058e-01  5.41005284e-02]
  [-4.32358421e-02 -7.68724084e-01 -5.93425259e-02]]]