[[[-0.23836629  0.48521987  0.29949468]
  [-0.0954983   0.16061671  0.11009967]
  [ 0.02904066 -0.1640115  -0.09487011]
  [ 0.0044993  -0.2518588   0.11315531]
  [-0.01036036  0.12740436  0.22112791]
  [-0.11415817  0.49012288  0.37530756]
  [ 0.15711637 -0.12630151 -0.13138945]
  [ 0.05415186 -0.3007961  -0.23236486]
  [ 0.08367277 -0.53877723 -0.22296272]
  [ 0.10284445 -0.59386194  0.00556087]
  [ 0.08774571 -0.3651057   0.11100375]
  [ 0.17737441 -0.17578432  0.18288179]
  [ 0.10699189 -0.61830735 -0.12890707]
  [ 0.12748085 -0.7792986  -0.22339997]
  [ 0.24650219 -0.6966757  -0.18329383]
  [ 0.2227911  -0.7482011  -0.17361373]
  [ 0.21724181 -0.71453935 -0.22796445]
  [ 0.13631159 -0.7574069  -0.13374217]
  [ 0.12702723 -0.6928978  -0.2414013 ]]]