[[[-2.53391385e-01  2.82917857e-01 -2.57286280e-01]
  [-2.19271749e-01 -1.28064007e-01 -3.16719145e-01]
  [-1.20477222e-01 -2.52950191e-01  5.66145219e-02]
  [ 1.23432651e-01 -2.25432470e-01  3.24502811e-02]
  [ 9.56137925e-02 -9.03855860e-02 -3.47227037e-01]
  [ 8.69691595e-02  3.40787917e-01 -3.61252248e-01]
  [-4.40040857e-01 -5.39011836e-01 -1.28309116e-01]
  [-3.47472727e-01 -5.20586014e-01  1.00257546e-01]
  [-1.05851144e-01 -6.45083249e-01  5.06949350e-02]
  [ 1.80521190e-01 -6.10746861e-01 -1.86805613e-04]
  [ 3.29601765e-01 -3.79228652e-01 -3.11441123e-02]
  [ 2.94565350e-01 -3.11814070e-01 -2.63902634e-01]
  [ 3.88038866e-02 -6.84511662e-01  1.06355948e-02]
  [ 4.39726971e-02 -8.82355332e-01  1.91632565e-02]
  [ 7.57974386e-03 -8.20282519e-01 -1.15090989e-01]
  [ 4.97212932e-02 -8.51372898e-01 -8.54193121e-02]
  [-1.27707198e-02 -8.48589540e-01 -6.56574368e-02]
  [ 1.12276584e-01 -8.16036642e-01 -1.58850383e-02]
  [-2.55676061e-02 -8.12088609e-01  2.73523163e-02]]]