[[[-9.45347846e-02  4.70160097e-01  2.43279681e-01]
  [-1.47535846e-01  1.50660872e-01 -2.45427266e-02]
  [-1.20320879e-01 -2.69424021e-01  1.29429335e-02]
  [ 1.16088048e-01 -2.51766443e-01  1.39878532e-02]
  [ 7.09446892e-02  1.26578689e-01 -1.39255032e-01]
  [ 1.84327234e-02  5.08412421e-01  3.83222513e-02]
  [-1.13589853e-01 -4.86104488e-01 -2.53206104e-01]
  [-2.52329886e-01 -4.47943300e-01 -6.24373630e-02]
  [-1.29163906e-01 -6.77866638e-01 -2.08998118e-02]
  [ 1.57576218e-01 -6.88376486e-01 -2.09234543e-02]
  [ 2.97182441e-01 -4.74571019e-01 -1.07449837e-01]
  [ 2.04227805e-01 -5.18643260e-01 -3.19431543e-01]
  [ 1.29191177e-02 -7.49763012e-01 -2.66752355e-02]
  [-6.18957332e-04 -9.63880062e-01 -2.37958059e-02]
  [ 3.00145168e-02 -8.91444147e-01 -1.55630410e-01]
  [ 5.33889905e-02 -9.27326083e-01 -1.11223787e-01]
  [-1.13757160e-02 -9.23081398e-01 -1.23266757e-01]
  [ 7.60684013e-02 -8.97727430e-01 -1.82216316e-02]
  [-6.50938898e-02 -8.89574945e-01 -4.27134708e-02]]]