[[[-0.04049645  0.14918485  0.7447325 ]
  [ 0.04940891  0.02122572  0.35869473]
  [ 0.05847954 -0.08302546 -0.02408905]
  [-0.03296007 -0.2875094   0.02931117]
  [ 0.03405586 -0.21510942  0.40241504]
  [ 0.00085215 -0.1878121   0.82177794]
  [ 0.44351476 -0.18292423 -0.22596054]
  [ 0.2602286  -0.06826189 -0.2787499 ]
  [ 0.13310122 -0.26415673 -0.3538909 ]
  [ 0.00931233 -0.4303877  -0.25211844]
  [-0.16521773 -0.35800442 -0.09227842]
  [-0.0708081  -0.43098304  0.08019112]
  [ 0.08944185 -0.38141882 -0.3336977 ]
  [ 0.13374805 -0.5035626  -0.45864478]
  [ 0.19675799 -0.49822113 -0.32678184]
  [ 0.16278115 -0.53147227 -0.35749668]
  [ 0.20841625 -0.49456444 -0.38106892]
  [ 0.08269677 -0.50047916 -0.38775367]
  [ 0.17129807 -0.42942703 -0.43363735]]]