[[[-2.06108123e-01  4.31802988e-01  3.11539680e-01]
  [-2.31133401e-01  1.01266906e-01  5.93643710e-02]
  [-9.08213556e-02 -2.73249835e-01  8.51152688e-02]
  [ 8.42201039e-02 -2.24265337e-01 -6.75169155e-02]
  [ 2.68672593e-02  1.75287977e-01  3.92904622e-04]
  [ 1.18768238e-01  5.34096599e-01  2.05978572e-01]
  [-4.03358281e-01 -6.75550401e-01 -1.28608793e-01]
  [-3.86285603e-01 -4.94898617e-01  2.65666656e-02]
  [-1.76538497e-01 -6.34256840e-01 -1.14266956e-02]
  [-4.01102826e-02 -6.47329092e-01 -2.32983127e-01]
  [-1.25397459e-01 -5.13624728e-01 -4.33809698e-01]
  [-2.52662838e-01 -7.00527966e-01 -3.80098969e-01]
  [-1.21392578e-01 -6.84506893e-01 -1.22104980e-01]
  [-1.85206920e-01 -8.72698843e-01 -1.13661081e-01]
  [-2.87519783e-01 -7.59078324e-01 -1.16151407e-01]
  [-2.68455774e-01 -8.08270991e-01 -1.46088034e-01]
  [-2.57086217e-01 -7.98736870e-01 -8.21120292e-02]
  [-1.80031955e-01 -8.14779878e-01 -1.98588818e-01]
  [-1.60194248e-01 -7.97307193e-01 -5.93898147e-02]]]