[[[-0.25793654  0.3029549  -0.35911977]
  [-0.23400632 -0.12249809 -0.31926417]
  [-0.12190185 -0.24877056  0.05110675]
  [ 0.12213482 -0.22619022  0.04254328]
  [ 0.1672716  -0.10478844 -0.34181923]
  [ 0.14904086  0.33155188 -0.39425838]
  [-0.6124143  -0.5705677   0.04784862]
  [-0.37895578 -0.54922885  0.15091859]
  [-0.11646645 -0.6398413   0.11085557]
  [ 0.17296258 -0.6139931   0.07566094]
  [ 0.33592916 -0.3884071   0.04723065]
  [ 0.31185383 -0.27411285 -0.17483817]
  [ 0.02864202 -0.68329525  0.08088388]
  [ 0.0267699  -0.8883457   0.07321965]
  [ 0.00687452 -0.806198   -0.05275755]
  [ 0.04444129 -0.84295136 -0.02350809]
  [-0.01953076 -0.8406766  -0.01005613]
  [ 0.09929223 -0.8209029   0.05613854]
  [-0.04146586 -0.8171872   0.08605498]]]