[[[ 0.17406248  0.54642814  0.02880784]
  [ 0.12368165  0.14191198 -0.06773209]
  [-0.03485112 -0.23172718 -0.10631075]
  [ 0.03525917 -0.25017273  0.1179394 ]
  [ 0.1976788   0.11295894  0.05095636]
  [ 0.17167549  0.48529375  0.25249785]
  [ 0.41830766 -0.2918554  -0.20689401]
  [ 0.21220088 -0.42121312 -0.2617882 ]
  [ 0.14418168 -0.62826425 -0.11921038]
  [ 0.17251737 -0.5736841   0.14202343]
  [ 0.09520383 -0.33828038  0.25035647]
  [ 0.17198919 -0.1140864   0.2985559 ]
  [ 0.18685079 -0.65320665  0.01948174]
  [ 0.2783875  -0.83735     0.06710218]
  [ 0.3567233  -0.70885324  0.05021373]
  [ 0.3357944  -0.7480879   0.09051944]
  [ 0.3473745  -0.76290536  0.02786201]
  [ 0.24097204 -0.7597192   0.11262271]
  [ 0.2647082  -0.79396176 -0.01897086]]]