[[[-0.49407536 -0.20459786  0.59225625]
  [-0.2644028  -0.13235286  0.27359152]
  [-0.0090486  -0.06808322 -0.03643243]
  [ 0.04935376 -0.25868186  0.05772919]
  [-0.09928471 -0.13093314  0.38680413]
  [-0.30048922 -0.14649017  0.7431302 ]
  [ 0.23402573 -0.07114962 -0.19796033]
  [ 0.1011997  -0.15673241 -0.33988518]
  [ 0.18165165 -0.35905433 -0.31085503]
  [ 0.25481582 -0.4073527  -0.16762279]
  [ 0.27424878 -0.29480094  0.0415161 ]
  [ 0.42186794 -0.1917642  -0.04501456]
  [ 0.24281724 -0.40410802 -0.2590925 ]
  [ 0.37059447 -0.47605255 -0.3513384 ]
  [ 0.3896781  -0.3827849  -0.2379109 ]
  [ 0.40095767 -0.43605897 -0.2518095 ]
  [ 0.40327737 -0.38658893 -0.29117334]
  [ 0.33338687 -0.48793814 -0.28019467]
  [ 0.33487642 -0.4005882  -0.35009027]]]