[[[ 8.58036336e-03  5.06793320e-01  2.41872638e-01]
  [ 1.20284416e-01  1.49605364e-01  4.69822921e-02]
  [-1.68415494e-02 -2.19287992e-01 -1.08487755e-01]
  [ 3.09863016e-02 -2.51820982e-01  1.11686558e-01]
  [ 1.17777497e-01  1.47480905e-01  2.51394417e-02]
  [ 2.18877085e-02  5.58385372e-01  6.98101521e-02]
  [ 2.40749538e-01 -2.33448416e-01  9.02629793e-02]
  [ 1.44557297e-01 -3.84162575e-01 -8.36177170e-02]
  [ 1.03836685e-01 -6.23019040e-01 -1.43963233e-01]
  [ 1.70128703e-01 -6.12908304e-01  6.67158142e-02]
  [ 1.79759353e-01 -3.45414817e-01  5.42649254e-02]
  [ 2.23997518e-01 -1.31041914e-01 -5.24925888e-02]
  [ 1.51069671e-01 -6.74114645e-01 -4.47948836e-02]
  [ 2.93039471e-01 -8.28741252e-01 -6.14214167e-02]
  [ 3.09576035e-01 -6.83213532e-01 -2.11913176e-02]
  [ 3.08001935e-01 -7.38898993e-01  1.13539398e-04]
  [ 3.24041516e-01 -7.22596765e-01 -6.12802207e-02]
  [ 2.27677226e-01 -7.96240747e-01  6.90899789e-04]
  [ 2.60478109e-01 -7.65749156e-01 -1.24796323e-01]]]