[[[-0.35698286  0.23907524  0.61130434]
  [-0.11012407  0.13669826  0.26828727]
  [-0.02420281 -0.09938969 -0.0670491 ]
  [ 0.05313306 -0.26446483  0.07024299]
  [ 0.06355616  0.04401366  0.34535784]
  [-0.08491904  0.18670776  0.73245186]
  [ 0.1749307  -0.08408559 -0.38554376]
  [-0.05021414 -0.12037663 -0.38757274]
  [ 0.00892191 -0.36173493 -0.34668088]
  [ 0.10305184 -0.50141215 -0.16874892]
  [ 0.11517151 -0.4467512   0.08420022]
  [ 0.25205383 -0.27797747  0.05171251]
  [ 0.06983884 -0.4609589  -0.29249638]
  [ 0.10385227 -0.5782769  -0.41762513]
  [ 0.19045287 -0.4646972  -0.39455795]
  [ 0.19078693 -0.5216152  -0.39296982]
  [ 0.15421942 -0.48741925 -0.43140298]
  [ 0.1369996  -0.566912   -0.3341112 ]
  [ 0.06738238 -0.5009846  -0.41283262]]]