[[[-0.04336267  0.51641846  0.2466797 ]
  [ 0.03025049  0.16739187  0.04323217]
  [-0.03452512 -0.21172285 -0.10108435]
  [ 0.05370136 -0.25542244  0.10199179]
  [ 0.0200533   0.15400745  0.11688176]
  [-0.13684842  0.50647986  0.26859677]
  [ 0.17474917 -0.17058453 -0.11458465]
  [ 0.04581951 -0.35680008 -0.19523773]
  [ 0.04855361 -0.6062052  -0.20821203]
  [ 0.17224956 -0.6249713   0.01429184]
  [ 0.20447625 -0.37278613  0.07620744]
  [ 0.30968183 -0.16694199  0.04436408]
  [ 0.12321898 -0.6772052  -0.11482091]
  [ 0.18293983 -0.8658471  -0.19182631]
  [ 0.22430077 -0.7301493  -0.2427297 ]
  [ 0.24440789 -0.7790808  -0.21551129]
  [ 0.19260584 -0.7777877  -0.254351  ]
  [ 0.21875155 -0.80551195 -0.12326318]
  [ 0.11422163 -0.80603194 -0.20595533]]]