[[[ 0.78668845 -0.09960606 -0.10942734]
  [ 0.36853626 -0.05268415  0.00659792]
  [-0.01565599 -0.20015864  0.13271819]
  [-0.01774804 -0.20442267 -0.10960899]
  [ 0.3055332   0.06126123 -0.07499039]
  [ 0.744646    0.06091826 -0.09737743]
  [-0.25498816  0.14086105  0.38641545]
  [-0.2931137  -0.0864971   0.25931752]
  [-0.40131703 -0.28797328  0.1445567 ]
  [-0.45010993 -0.15404022 -0.02279077]
  [-0.43391857  0.01110596  0.1742641 ]
  [-0.41044563  0.18579301  0.36377352]
  [-0.47129616 -0.24536636  0.04768719]
  [-0.6466115  -0.33529168  0.02456746]
  [-0.64652634 -0.19033153  0.07769969]
  [-0.66194797 -0.22475627  0.03093006]
  [-0.6585991  -0.24557346  0.09291743]
  [-0.5961938  -0.27009767 -0.02706622]
  [-0.58918506 -0.32050133  0.09540499]]]