[[[-0.29985484  0.36882773  0.5025838 ]
  [-0.04240974  0.13307919  0.26372862]
  [ 0.05346507 -0.09797152 -0.0433378 ]
  [-0.02675522 -0.288264    0.05973202]
  [-0.04881237 -0.00282528  0.33523056]
  [-0.23763847  0.27106652  0.60571903]
  [ 0.4835977  -0.21446694  0.20835292]
  [ 0.40874687 -0.13510361  0.00505806]
  [ 0.36547127 -0.32089743 -0.1372453 ]
  [ 0.288427   -0.47895026 -0.05373361]
  [ 0.1202919  -0.5385738   0.11657118]
  [ 0.22581577 -0.55546695  0.30265757]
  [ 0.3585164  -0.4090336  -0.09467845]
  [ 0.5292604  -0.44022405 -0.0615047 ]
  [ 0.43178794 -0.38618195  0.03519385]
  [ 0.46501437 -0.43176255  0.02756686]
  [ 0.4786225  -0.37282422  0.00705554]
  [ 0.45485565 -0.48622546 -0.04753064]
  [ 0.4817335  -0.37208337 -0.08399551]]]