[[[-0.05280155  0.44527298  0.33002305]
  [-0.16298607  0.129788    0.1086613 ]
  [-0.08027028 -0.2476635   0.08891314]
  [ 0.05835811 -0.22973901 -0.08774507]
  [ 0.07270439  0.16357642  0.01697759]
  [ 0.2548798   0.43432638  0.25552213]
  [-0.25543106 -0.29289734  0.04438   ]
  [-0.13020664 -0.41881633  0.19126081]
  [-0.13956848 -0.63038665  0.05024187]
  [-0.09830726 -0.6329291  -0.20901448]
  [-0.17636299 -0.4978918  -0.41158384]
  [-0.38064373 -0.53497225 -0.33490813]
  [-0.13787311 -0.6836223  -0.08598024]
  [-0.20406365 -0.87437564 -0.12824087]
  [-0.29644927 -0.7667475  -0.07828809]
  [-0.28461874 -0.8013936  -0.12491629]
  [-0.27020657 -0.8173299  -0.06411386]
  [-0.20343663 -0.7908707  -0.17949875]
  [-0.17526741 -0.8280932  -0.05445165]]]