[[[-2.8853931e-02  4.5420823e-01  3.4485483e-01]
  [-9.0395428e-02  1.4994220e-01  4.1626576e-02]
  [-1.2631252e-01 -2.8743088e-01  2.5210518e-02]
  [ 1.1691533e-01 -2.7212846e-01 -2.0822481e-04]
  [ 2.3014596e-02  1.4315312e-01 -1.9315526e-02]
  [-1.0307561e-02  5.3903371e-01  1.6227676e-01]
  [-1.3354206e-02 -6.9057918e-01 -2.6661709e-01]
  [-1.7199454e-01 -5.1026243e-01 -2.0608136e-01]
  [-1.3598156e-01 -7.3248070e-01 -6.9935054e-02]
  [ 1.6334809e-01 -7.3441517e-01 -7.3656581e-02]
  [ 2.5320846e-01 -5.0689983e-01 -1.9456822e-01]
  [ 6.9363132e-02 -6.2887424e-01 -3.0033839e-01]
  [ 1.2615231e-02 -8.0303550e-01 -7.3010281e-02]
  [ 4.4499170e-03 -1.0290891e+00 -9.8987743e-02]
  [-7.5413194e-03 -9.3197119e-01 -2.1914643e-01]
  [ 2.8896857e-02 -9.7466594e-01 -1.8914330e-01]
  [-3.7059955e-02 -9.7065353e-01 -1.7869866e-01]
  [ 8.5792765e-02 -9.5929646e-01 -1.0243347e-01]
  [-6.2945768e-02 -9.5273960e-01 -7.8585714e-02]]]