[[[ 0.21859555 -0.02817579  0.7328171 ]
  [ 0.24004048 -0.12738001  0.32459897]
  [ 0.060225   -0.07415877 -0.0110549 ]
  [-0.0454748  -0.27248156 -0.00376119]
  [ 0.23487586 -0.22585021  0.27122748]
  [ 0.16972783 -0.2389693   0.68904865]
  [ 0.33849952 -0.50989616 -0.14645359]
  [ 0.3627054  -0.28386033 -0.09970993]
  [ 0.2411523  -0.17164159 -0.27410343]
  [ 0.14402556 -0.3091326  -0.3277427 ]
  [ 0.01191666 -0.47531843 -0.21380702]
  [ 0.21554105 -0.50437754 -0.17004634]
  [ 0.215801   -0.24215612 -0.307936  ]
  [ 0.37448877 -0.30353287 -0.30210915]
  [ 0.2663514  -0.31355408 -0.2047018 ]
  [ 0.2979265  -0.3475414  -0.23639333]
  [ 0.31735066 -0.2935647  -0.21083768]
  [ 0.29888803 -0.33423817 -0.32612407]
  [ 0.33705443 -0.23586649 -0.2773555 ]]]