[[[-0.15111277  0.44454348  0.14471796]
  [-0.2036445   0.12465845 -0.13876657]
  [-0.11423941 -0.26136845  0.05073278]
  [ 0.1208034  -0.21343228 -0.00686894]
  [-0.07206637  0.07561836 -0.26297268]
  [-0.11091605  0.4434446  -0.03089389]
  [-0.305926   -0.19153221 -0.1007347 ]
  [-0.20007807 -0.38255677  0.03184874]
  [-0.08401268 -0.6275155   0.05867729]
  [ 0.18684581 -0.6148334  -0.01918058]
  [ 0.22075906 -0.3467976  -0.06332593]
  [ 0.16656312 -0.13650241 -0.19105633]
  [ 0.05428005 -0.6932363   0.01589478]
  [ 0.05835997 -0.9028785   0.03434254]
  [ 0.04499763 -0.83680654 -0.10050829]
  [ 0.08297927 -0.8680131  -0.06461835]
  [ 0.01774967 -0.87001294 -0.0583831 ]
  [ 0.12458024 -0.83277804  0.016191  ]
  [-0.01328568 -0.8371237   0.03012554]]]