[[[-0.01421381  0.5285732   0.10477077]
  [-0.050374    0.12178112  0.17723122]
  [ 0.07461354 -0.26976997  0.08975498]
  [-0.09076314 -0.24124114 -0.0566587 ]
  [-0.06073071  0.16667326  0.00129667]
  [-0.00278723  0.5808079  -0.03949147]
  [-0.02862962 -0.22416748  0.2437011 ]
  [ 0.05463543 -0.45513508  0.19874087]
  [-0.00673658 -0.6896549   0.1022968 ]
  [-0.1193637  -0.64878976 -0.13908994]
  [-0.03978661 -0.40855378 -0.2096174 ]
  [-0.06778909 -0.1724687  -0.16111201]
  [-0.08721472 -0.73351383 -0.01582564]
  [-0.13883312 -0.94177324 -0.01574057]
  [-0.13155413 -0.85497415  0.10802679]
  [-0.16855669 -0.8885792   0.07213344]
  [-0.10359713 -0.89662814  0.0727111 ]
  [-0.20097867 -0.8625194  -0.02061479]
  [-0.06317374 -0.8826812  -0.01545429]]]