[[[-1.6266197e-01  4.4949141e-01  2.7683538e-01]
  [-1.4027281e-01  1.5897588e-01 -4.4817839e-02]
  [-1.1885972e-01 -2.7424425e-01 -2.4933065e-04]
  [ 1.1289954e-01 -2.6573041e-01  1.9104911e-02]
  [ 8.9681812e-02  1.6492997e-01  2.7588377e-02]
  [ 5.9952937e-02  5.1980615e-01  2.8697544e-01]
  [-1.7803541e-01 -2.5675377e-01 -2.2199026e-01]
  [-2.3547862e-01 -4.5074257e-01 -6.0829647e-02]
  [-1.0766191e-01 -7.0283520e-01 -7.4657395e-02]
  [ 1.8787575e-01 -6.6958708e-01 -5.2686580e-02]
  [ 2.7528644e-01 -4.0151310e-01 -2.8886911e-02]
  [ 2.9153317e-01 -2.6023039e-01 -2.3774245e-01]
  [ 4.4109143e-02 -7.5836527e-01 -8.7217584e-02]
  [ 4.7820579e-02 -9.7534668e-01 -1.2012271e-01]
  [-7.5334162e-02 -8.8548309e-01 -1.2618506e-01]
  [-4.0036105e-02 -9.2596424e-01 -1.5747871e-01]
  [-3.8146220e-02 -9.2278379e-01 -9.1426820e-02]
  [ 5.3599689e-02 -9.0386856e-01 -2.0057848e-01]
  [ 5.2618399e-02 -9.0260363e-01 -5.3997345e-02]]]