[[[-0.0328181   0.5361838   0.21986374]
  [ 0.05746096  0.1812968  -0.00279681]
  [-0.05963251 -0.22283015 -0.08891894]
  [ 0.06045096 -0.2684908   0.10556004]
  [ 0.15416822  0.1447424   0.10162862]
  [ 0.03372008  0.4882421   0.33649695]
  [ 0.19887517 -0.29593003 -0.3318428 ]
  [-0.01135189 -0.429541   -0.3088454 ]
  [-0.06018028 -0.65313447 -0.16784342]
  [ 0.05377476 -0.6594827   0.08752558]
  [ 0.11352783 -0.4269911   0.21545628]
  [ 0.30141002 -0.274649    0.23183765]
  [ 0.00464424 -0.7183057  -0.05307559]
  [ 0.0083732  -0.92293817 -0.08505802]
  [ 0.02162104 -0.8225695  -0.1978956 ]
  [ 0.04918698 -0.8676231  -0.16939437]
  [-0.01527474 -0.8596606  -0.16709092]
  [ 0.08999534 -0.86040765 -0.07635199]
  [-0.04966221 -0.8482953  -0.07606594]]]