[[[ 0.03113123  0.49700972  0.24354899]
  [-0.11744633  0.12981872  0.10985915]
  [-0.06142809 -0.28690243  0.11328363]
  [ 0.04348711 -0.2579315  -0.09178108]
  [-0.01802942  0.14938366 -0.04039617]
  [ 0.08609402  0.5429835   0.06972486]
  [-0.15931496 -0.34551856  0.164537  ]
  [-0.00860367 -0.5172016   0.25360757]
  [-0.06702446 -0.72504234  0.10167592]
  [ 0.02236512 -0.716527   -0.16018896]
  [ 0.17640328 -0.5003666  -0.199474  ]
  [ 0.10078119 -0.28440458 -0.2714159 ]
  [-0.06070248 -0.7777465  -0.04249022]
  [-0.14496544 -0.9787121  -0.05474547]
  [-0.2297717  -0.8587196  -0.00682547]
  [-0.22251266 -0.90142095 -0.05093434]
  [-0.19570395 -0.90830415  0.00884344]
  [-0.15125717 -0.90082    -0.12590575]
  [-0.09497545 -0.9184828   0.00728064]]]