[[[-0.19842348 -0.33630982  0.7662267 ]
  [-0.12038308 -0.17070119  0.38975143]
  [-0.02742288 -0.04592623  0.01203432]
  [ 0.07050356 -0.2512636   0.00575663]
  [ 0.00925464 -0.27179343  0.39654136]
  [-0.01403689 -0.33587527  0.81321937]
  [ 0.153483    0.08511141 -0.12473594]
  [-0.00581547  0.02933265 -0.26606673]
  [ 0.05776681 -0.16527501 -0.38217968]
  [ 0.15282556 -0.29053333 -0.28679794]
  [ 0.05445047 -0.3239721  -0.0639959 ]
  [ 0.10874856 -0.16401884  0.05625648]
  [ 0.12578869 -0.24209549 -0.36880437]
  [ 0.21586059 -0.29086852 -0.5074981 ]
  [ 0.26601198 -0.27446485 -0.37072617]
  [ 0.25866616 -0.31515405 -0.40903744]
  [ 0.2787411  -0.25664404 -0.42126936]
  [ 0.17836674 -0.32324204 -0.44349134]
  [ 0.2107303  -0.22039594 -0.46654668]]]