[[[ 0.26545313  0.43879205  0.3488754 ]
  [ 0.04306016  0.16842313  0.15059698]
  [-0.0911784  -0.20307815  0.07184702]
  [ 0.05250734 -0.21029118 -0.08797246]
  [ 0.10986488  0.15904453  0.07701807]
  [ 0.27277452  0.43383494  0.32365683]
  [-0.31315142 -0.29381657 -0.15468827]
  [-0.22762062 -0.3816994   0.03854681]
  [-0.14601573 -0.6059187   0.03295109]
  [-0.07842814 -0.56916916 -0.17564757]
  [-0.10153693 -0.32065064 -0.16497242]
  [-0.2622644  -0.17916796 -0.11711297]
  [-0.12226214 -0.64426416 -0.07546222]
  [-0.18508975 -0.8294251  -0.10043918]
  [-0.23820557 -0.7298915  -0.00701196]
  [-0.25357687 -0.761396   -0.05283866]
  [-0.2102738  -0.7793095  -0.01001804]
  [-0.21069443 -0.74711835 -0.13758725]
  [-0.1308767  -0.7860636  -0.0521173 ]]]