[[[-0.05616988  0.4495926   0.2750902 ]
  [-0.12934734  0.14562568 -0.02879457]
  [-0.12618443 -0.294458    0.02078364]
  [ 0.12034695 -0.27568904  0.01233516]
  [ 0.03892862  0.1449464  -0.05279242]
  [-0.03526433  0.5173403   0.17186631]
  [-0.04118863 -0.4532153  -0.27515486]
  [-0.21918681 -0.479915   -0.0942795 ]
  [-0.12865323 -0.7395748  -0.05648419]
  [ 0.18123777 -0.7292703  -0.03684707]
  [ 0.26843196 -0.46202558 -0.04020314]
  [ 0.13807866 -0.482787   -0.25253135]
  [ 0.0321639  -0.80836546 -0.06330431]
  [ 0.04756996 -1.0343621  -0.1039203 ]
  [ 0.05637395 -0.92966735 -0.22028711]
  [ 0.08820482 -0.9711105  -0.18324369]
  [ 0.02137232 -0.9737588  -0.1898513 ]
  [ 0.11949389 -0.9569155  -0.08445402]
  [-0.03191669 -0.96488136 -0.09820621]]]