[[[-0.26511875  0.35519138 -0.2906671 ]
  [-0.20377412 -0.06378149 -0.31662598]
  [-0.12194676 -0.249654    0.03152687]
  [ 0.11654747 -0.22649917  0.05085761]
  [ 0.18301237 -0.05859373 -0.3095204 ]
  [ 0.20793462  0.37373525 -0.34914774]
  [-0.09468591 -0.22589198 -0.12421605]
  [-0.2327137  -0.39848316 -0.00716796]
  [-0.11091776 -0.63345534  0.04004262]
  [ 0.16704854 -0.6253644   0.05257048]
  [ 0.24403735 -0.53297895 -0.1807245 ]
  [ 0.06431552 -0.6964687  -0.22527409]
  [ 0.04130989 -0.6808797   0.05313095]
  [ 0.11863581 -0.8647516   0.06012808]
  [ 0.14542896 -0.7693192  -0.0538416 ]
  [ 0.16817838 -0.79421645 -0.00420338]
  [ 0.11841121 -0.8208822  -0.03717496]
  [ 0.14308563 -0.7745869   0.08700481]
  [ 0.03249827 -0.8324184   0.01734056]]]