[[[-0.04047948  0.56002927  0.2806867 ]
  [-0.06949931  0.19637573 -0.01807507]
  [-0.12747842 -0.26299056 -0.0071096 ]
  [ 0.12106273 -0.26737645  0.03566529]
  [ 0.10080034  0.19334261  0.0296315 ]
  [ 0.01458171  0.52032995  0.36507064]
  [-0.2043626  -0.16354986 -0.1738606 ]
  [-0.2385713  -0.41537368 -0.06356748]
  [-0.14549954 -0.69662786 -0.07050095]
  [ 0.15159231 -0.6973566   0.00367664]
  [ 0.2177846  -0.42400026  0.09482603]
  [ 0.27515954 -0.17698002 -0.00198254]
  [ 0.00834329 -0.77223706 -0.05929833]
  [-0.00354036 -0.9943501  -0.1018041 ]
  [-0.05894376 -0.8867879  -0.19914417]
  [-0.0160768  -0.9329774  -0.19030398]
  [-0.07124332 -0.92926675 -0.15240987]
  [ 0.07218862 -0.9253247  -0.13422465]
  [-0.05160767 -0.9201666  -0.0515426 ]]]