[[[-0.13040175  0.49245724  0.27727956]
  [-0.16811833  0.13395265  0.05547764]
  [-0.10700048 -0.27144042  0.06913059]
  [ 0.09118951 -0.25872806 -0.05709864]
  [ 0.09666312  0.15611131 -0.01899324]
  [ 0.2290684   0.517646    0.17037238]
  [-0.4953645  -0.501751   -0.0502907 ]
  [-0.3542985  -0.52247417  0.1522744 ]
  [-0.15964112 -0.68964714  0.04823454]
  [ 0.05378292 -0.707978   -0.15112893]
  [ 0.13034111 -0.52772176 -0.34687436]
  [-0.09819455 -0.55259556 -0.4111128 ]
  [-0.06507003 -0.75803185 -0.05841514]
  [-0.10244412 -0.9742148  -0.06130604]
  [-0.19800153 -0.8780146  -0.13667433]
  [-0.15615268 -0.92350495 -0.14254051]
  [-0.18881665 -0.91335464 -0.08614984]
  [-0.05455377 -0.9116678  -0.13026765]
  [-0.12684333 -0.8955452  -0.00623652]]]