[[[-0.59539217 -0.1657413   0.609505  ]
  [-0.31157205 -0.09284575  0.28158236]
  [-0.06055172 -0.09441538 -0.04992274]
  [ 0.09189846 -0.22456026  0.05624245]
  [-0.10756075 -0.17069975  0.4157362 ]
  [-0.30301958 -0.2358385   0.8067091 ]
  [ 0.03847526 -0.0966308  -0.36663577]
  [-0.12660971 -0.24323626 -0.30318832]
  [ 0.10356694 -0.33752334 -0.33620352]
  [ 0.25437352 -0.3780784  -0.15789607]
  [ 0.25714213 -0.35781342  0.10096106]
  [ 0.29803458 -0.15583819  0.02258548]
  [ 0.20859796 -0.38170922 -0.2761376 ]
  [ 0.26163104 -0.49810952 -0.37199527]
  [ 0.34572402 -0.37968203 -0.3632858 ]
  [ 0.34686798 -0.43594623 -0.35234687]
  [ 0.31430954 -0.4092154  -0.39986923]
  [ 0.28880635 -0.46987572 -0.29268345]
  [ 0.22734994 -0.42186627 -0.38334373]]]