[[[-0.16919139  0.24483454 -0.3668636 ]
  [-0.15657368 -0.17043461 -0.3568494 ]
  [-0.12583682 -0.24992236  0.04003654]
  [ 0.11888511 -0.2246003   0.05282098]
  [ 0.17509386 -0.10850746 -0.33106506]
  [ 0.15984277  0.32219416 -0.35020062]
  [-0.4291025  -0.5639941  -0.0325993 ]
  [-0.33653265 -0.5119494   0.18722785]
  [-0.10766479 -0.64714575  0.11654046]
  [ 0.18012743 -0.61537915  0.07106825]
  [ 0.3260288  -0.38470915  0.02355599]
  [ 0.27174488 -0.32654887 -0.20820464]
  [ 0.03896204 -0.68716264  0.08289973]
  [ 0.04662348 -0.88295394  0.10499123]
  [ 0.03388821 -0.8293717  -0.03742039]
  [ 0.07074969 -0.85652024  0.00160603]
  [ 0.00556176 -0.8562436   0.00885321]
  [ 0.11702926 -0.81521916  0.07926196]
  [-0.02693974 -0.8155438   0.09595794]]]