[[[-0.19304806  0.50750667  0.2183863 ]
  [-0.15139061  0.16109098 -0.05518287]
  [-0.12213142 -0.26844406  0.02783586]
  [ 0.11898513 -0.23905037 -0.01045391]
  [-0.01423293  0.16110717 -0.12800565]
  [-0.03987224  0.5364145   0.10771172]
  [-0.13588475 -0.20058425 -0.16546811]
  [-0.16398634 -0.41904435 -0.02877194]
  [-0.11190682 -0.680443    0.01104215]
  [ 0.15876794 -0.6774398  -0.05773891]
  [ 0.18736956 -0.40207243 -0.08594753]
  [ 0.0851808  -0.18452422 -0.16827658]
  [ 0.02323209 -0.75134057 -0.02941101]
  [ 0.02620015 -0.9730768  -0.0486518 ]
  [ 0.0604353  -0.87405276 -0.1616528 ]
  [ 0.08400026 -0.91355723 -0.12006852]
  [ 0.02154732 -0.9170114  -0.14286152]
  [ 0.08624901 -0.89845884 -0.02121457]
  [-0.04663054 -0.90654695 -0.06652832]]]