[[[-0.04740295  0.5535715   0.31529704]
  [-0.0749034   0.19975694  0.07010465]
  [-0.10955074 -0.20836753 -0.03263381]
  [ 0.1126535  -0.21321154  0.028021  ]
  [ 0.07881375  0.2045985   0.04118012]
  [ 0.08689361  0.5909383   0.24376626]
  [-0.23831217 -0.133936   -0.15504892]
  [-0.20241304 -0.3247506  -0.0140026 ]
  [-0.13583435 -0.57131916 -0.04934033]
  [ 0.11438639 -0.58618575 -0.06929399]
  [ 0.13977973 -0.32131863 -0.07708844]
  [ 0.05650815 -0.14141348 -0.20725697]
  [-0.01759331 -0.64021873 -0.0764244 ]
  [-0.07278599 -0.8195559  -0.1448741 ]
  [-0.007133   -0.7149561  -0.22798643]
  [ 0.00195354 -0.7680986  -0.20480247]
  [-0.055801   -0.7443425  -0.22039625]
  [ 0.00615645 -0.78277856 -0.11128908]
  [-0.1091305  -0.7371118  -0.14212662]]]