[[[-0.28887153  0.42367324  0.2638912 ]
  [-0.23463722  0.10532665 -0.02873613]
  [-0.12214434 -0.29749882  0.03624243]
  [ 0.11923909 -0.27559027 -0.00585448]
  [ 0.10640831  0.14837782 -0.0630101 ]
  [ 0.1639704   0.44613168  0.25176284]
  [-0.10797257 -0.69343555 -0.23753302]
  [-0.24077603 -0.5086499  -0.13143846]
  [-0.13525815 -0.73724526 -0.03409127]
  [ 0.1619503  -0.7333181  -0.08022813]
  [ 0.2336391  -0.49117267 -0.18810058]
  [ 0.08932774 -0.68378896 -0.24202964]
  [ 0.00882115 -0.8025136  -0.06978422]
  [-0.03997497 -1.0141933  -0.15096061]
  [-0.0639062  -0.88050133 -0.22824252]
  [-0.02995562 -0.93369806 -0.22479272]
  [-0.08890349 -0.92792064 -0.19357008]
  [ 0.04946747 -0.95402944 -0.15787022]
  [-0.08389574 -0.9433433  -0.08924332]]]