[[[-1.19596645e-01  5.44787526e-01  2.85743803e-01]
  [ 4.40900847e-02  2.11553246e-01  5.87482378e-02]
  [-1.77280027e-02 -1.82065934e-01 -9.88855213e-02]
  [ 3.49707901e-02 -2.49938414e-01  1.16289839e-01]
  [ 3.92509550e-02  1.67492673e-01  1.93005189e-01]
  [-1.30831957e-01  5.18834472e-01  3.97871792e-01]
  [ 1.65865645e-01 -1.27188846e-01 -2.24816695e-01]
  [-6.21356675e-03 -2.98725218e-01 -2.43446603e-01]
  [-5.47838956e-03 -5.58089018e-01 -2.11276382e-01]
  [ 3.56063992e-02 -6.15438819e-01  4.16044854e-02]
  [ 1.23260729e-02 -4.00068462e-01  1.93745345e-01]
  [ 1.31347477e-01 -2.08742365e-01  2.71734476e-01]
  [ 3.03003471e-02 -6.43170118e-01 -1.02703840e-01]
  [ 4.82788011e-02 -8.27549636e-01 -1.45594537e-01]
  [ 1.21471211e-01 -7.23944008e-01 -2.21705362e-01]
  [ 1.29250318e-01 -7.70920217e-01 -1.87007487e-01]
  [ 7.62751997e-02 -7.61270344e-01 -2.22058862e-01]
  [ 1.07279569e-01 -7.71622837e-01 -9.25974399e-02]
  [ 3.68151814e-04 -7.54675686e-01 -1.68865442e-01]]]