[[[-0.67577165  0.06831016  0.34584528]
  [-0.29418647 -0.02986154  0.24283569]
  [ 0.04010178 -0.06869508  0.02697336]
  [-0.0060349  -0.283922    0.02180692]
  [-0.23166558 -0.13033438  0.30447644]
  [-0.54772645  0.00182714  0.5367594 ]
  [ 0.33285806 -0.34306166  0.08863737]
  [ 0.33960527 -0.1329983   0.03293179]
  [ 0.36376587 -0.21538463 -0.16040672]
  [ 0.3448691  -0.33002    -0.12506144]
  [ 0.21860781 -0.42047843  0.04288824]
  [ 0.4043588  -0.35168245  0.05348545]
  [ 0.3829877  -0.2759146  -0.1416334 ]
  [ 0.54572237 -0.29021618 -0.08906684]
  [ 0.42609587 -0.33447224 -0.01426756]
  [ 0.47106558 -0.35714242 -0.03859662]
  [ 0.4702274  -0.302397   -0.00653101]
  [ 0.48831123 -0.33442593 -0.12343442]
  [ 0.48605376 -0.23758666 -0.06938143]]]