[[[-0.18387762 -0.43823823  0.7420894 ]
  [-0.07660961 -0.23060578  0.39226887]
  [ 0.02920224 -0.04876781  0.04799093]
  [ 0.01898319 -0.26621842 -0.02683125]
  [ 0.0055588  -0.32982627  0.36448342]
  [ 0.0019981  -0.45647153  0.7678506 ]
  [ 0.40343568  0.02719881 -0.1059484 ]
  [ 0.20131333  0.09880207 -0.16556862]
  [ 0.08998264 -0.01203221 -0.34101915]
  [ 0.06828381 -0.19099404 -0.3543738 ]
  [-0.05006512 -0.3321576  -0.1974557 ]
  [ 0.08267956 -0.43213993 -0.07292494]
  [ 0.09773438 -0.10375337 -0.3779274 ]
  [ 0.19484253 -0.11322559 -0.51769817]
  [ 0.22492474 -0.1669531  -0.38512242]
  [ 0.21694663 -0.18541363 -0.4375171 ]
  [ 0.24575758 -0.1318675  -0.42175063]
  [ 0.14134909 -0.16265434 -0.47828963]
  [ 0.19384205 -0.06562031 -0.45078433]]]