[[[-0.08965023  0.4645975   0.24521841]
  [-0.12973669  0.13375887  0.00576191]
  [-0.08893181 -0.27685347  0.07651548]
  [ 0.065151   -0.24288967 -0.08409858]
  [-0.13763334  0.1183998  -0.02087392]
  [-0.05941317  0.46023852  0.19286762]
  [-0.06247015 -0.28262317 -0.20770901]
  [-0.0921153  -0.47112802 -0.05316716]
  [-0.08505435 -0.6888126   0.06026761]
  [ 0.04618331 -0.7029489  -0.13491993]
  [-0.01711733 -0.445776   -0.16587082]
  [-0.15074229 -0.2472762  -0.15128978]
  [-0.01894831 -0.76698935 -0.02564512]
  [-0.04320499 -0.99149835 -0.048137  ]
  [-0.01979025 -0.8809327  -0.15209308]
  [ 0.00729001 -0.92566836 -0.12006327]
  [-0.05735879 -0.92332613 -0.1346378 ]
  [ 0.0209581  -0.9248291  -0.02125157]
  [-0.11253117 -0.92038953 -0.04713858]]]