[[[-0.13224122  0.46643987  0.24565865]
  [-0.19987845  0.14437746  0.00666904]
  [-0.10750669 -0.23805466  0.05038543]
  [ 0.09873832 -0.22792614 -0.04541585]
  [ 0.00602234  0.17461024  0.00107034]
  [ 0.05975405  0.48021424  0.2707086 ]
  [-0.303753   -0.5084719  -0.25078726]
  [-0.2775313  -0.40765452 -0.04342995]
  [-0.16422926 -0.6173359   0.01613573]
  [ 0.01229156 -0.6820548  -0.12790334]
  [ 0.02083607 -0.66030145 -0.37318313]
  [-0.19230667 -0.72600514 -0.3652486 ]
  [-0.09194452 -0.6868162  -0.05405236]
  [-0.17801768 -0.861445   -0.08079381]
  [-0.23905975 -0.7398087  -0.01745395]
  [-0.24694064 -0.7781661  -0.06118315]
  [-0.21318269 -0.79157495 -0.00759064]
  [-0.1855151  -0.78259164 -0.14213395]
  [-0.12322436 -0.8139834  -0.02748701]]]