[[[-0.3233542  -0.05332734 -0.3115345 ]
  [-0.3178323  -0.4072738  -0.14421451]
  [-0.099738   -0.23370463  0.09676857]
  [ 0.12101814 -0.17804116  0.00256216]
  [ 0.12165263 -0.31893837 -0.33896816]
  [-0.14337325 -0.0249745  -0.41502827]
  [-0.48505545 -0.5154604  -0.03774406]
  [-0.29641825 -0.57439476  0.11065419]
  [-0.03054719 -0.58586293  0.14938536]
  [ 0.2272211  -0.54103774  0.06640186]
  [ 0.34337366 -0.38649994 -0.1218091 ]
  [ 0.2721143  -0.2531524  -0.31702724]
  [ 0.10095304 -0.60583705  0.11137078]
  [ 0.11670762 -0.79932004  0.0859893 ]
  [ 0.0574411  -0.7054655  -0.01623609]
  [ 0.10343887 -0.7390224  -0.00603683]
  [ 0.04562021 -0.74692935  0.02300236]
  [ 0.1738205  -0.7241657   0.06260917]
  [ 0.04849997 -0.7403926   0.12454069]]]