[[[-0.4381081   0.12894942  0.5833055 ]
  [-0.2203478   0.08649531  0.22234882]
  [-0.07239385 -0.17112008 -0.07577659]
  [ 0.09676925 -0.20642544  0.06392034]
  [-0.08375768  0.10012901  0.2830163 ]
  [-0.31400985  0.21872783  0.62196934]
  [ 0.15767276 -0.14230706 -0.37161475]
  [-0.02289406 -0.25319004 -0.27403575]
  [ 0.0364314  -0.49345618 -0.26129723]
  [ 0.24117078 -0.4835879  -0.13677742]
  [ 0.2673467  -0.2562089  -0.01865029]
  [ 0.29853377 -0.08775375 -0.16420339]
  [ 0.1502665  -0.5353203  -0.22680667]
  [ 0.18655013 -0.6975914  -0.2978174 ]
  [ 0.12032259 -0.59061575 -0.37510124]
  [ 0.16696773 -0.6258927  -0.3765729 ]
  [ 0.11218531 -0.64060473 -0.34678358]
  [ 0.23702398 -0.61777085 -0.3109471 ]
  [ 0.12665541 -0.65125734 -0.25815547]]]