[[[-0.07303113  0.5512397   0.3285256 ]
  [ 0.04962249  0.20551726  0.09673231]
  [ 0.00114328 -0.16897    -0.09592418]
  [ 0.01120561 -0.2661749   0.11359825]
  [ 0.09462035  0.11524281  0.26388797]
  [-0.01642798  0.46350545  0.50769216]
  [ 0.26073757 -0.2055839  -0.2770705 ]
  [ 0.03544002 -0.28615445 -0.2831487 ]
  [-0.01431363 -0.53923434 -0.24145922]
  [-0.03255196 -0.60774165  0.01244475]
  [-0.08802663 -0.40941724  0.17662281]
  [ 0.07099282 -0.27916992  0.28875893]
  [-0.01640694 -0.6319788  -0.13053124]
  [-0.05183517 -0.81239057 -0.14469717]
  [ 0.05370641 -0.7552818  -0.23172641]
  [ 0.04447546 -0.79482394 -0.18919745]
  [-0.00171823 -0.7746111  -0.22913939]
  [ 0.02244065 -0.7709188  -0.09753887]
  [-0.07218254 -0.7329364  -0.18403228]]]