[[[ 0.01107533  0.41352135  0.3951954 ]
  [-0.16427445  0.10824075  0.19000469]
  [-0.06291517 -0.27675825  0.10466124]
  [ 0.06313965 -0.21856716 -0.08383197]
  [-0.21518606  0.04064258 -0.14363232]
  [-0.20984378  0.43284422 -0.0312808 ]
  [-0.2932165  -0.6041516  -0.02862379]
  [-0.2607972  -0.6113063   0.20131105]
  [-0.07990421 -0.66543496  0.0248662 ]
  [ 0.07973316 -0.5996911  -0.19499311]
  [ 0.12608695 -0.35104525 -0.27867973]
  [-0.06539509 -0.41744515 -0.37094834]
  [-0.01273374 -0.6889598  -0.10079159]
  [-0.05766557 -0.8904056  -0.12372329]
  [-0.15413551 -0.7833408  -0.17219165]
  [-0.1180954  -0.82703674 -0.19058967]
  [-0.14268911 -0.8246393  -0.1304125 ]
  [-0.01901931 -0.8240704  -0.1875949 ]
  [-0.07265946 -0.82120275 -0.05855544]]]