[[[-0.21944907  0.41942152  0.18648095]
  [-0.29238957  0.08941192 -0.08537393]
  [-0.109326   -0.27843046  0.05409034]
  [ 0.12177573 -0.21626198 -0.00344385]
  [-0.02677751  0.07781448 -0.27061626]
  [-0.13723673  0.47201234 -0.10342538]
  [-0.25207287 -0.18333972 -0.05741612]
  [-0.17803812 -0.39771885  0.06697559]
  [-0.06383888 -0.6479432   0.04953995]
  [ 0.2140242  -0.6212012  -0.01579688]
  [ 0.24949615 -0.34897268 -0.04596882]
  [ 0.18922625 -0.1449661  -0.18737915]
  [ 0.08130335 -0.70792466  0.00842719]
  [ 0.08853584 -0.91709256  0.03422922]
  [ 0.08167286 -0.8598217  -0.10673681]
  [ 0.11778769 -0.8887238  -0.06604759]
  [ 0.05200781 -0.8900623  -0.06216654]
  [ 0.15750514 -0.84713507  0.0140773 ]
  [ 0.01588449 -0.85063404  0.02338156]]]