[[[-0.16798945  0.34092274  0.5242323 ]
  [-0.03186179  0.14863516  0.21997727]
  [-0.00233085 -0.0871089  -0.07879384]
  [ 0.04779202 -0.2122648   0.07761187]
  [ 0.04781917  0.10729416  0.26998356]
  [ 0.00483085  0.37371814  0.5534032 ]
  [ 0.10726728 -0.25261563 -0.11162235]
  [-0.05817728 -0.22065373 -0.20897414]
  [-0.00200853 -0.41545263 -0.2356852 ]
  [ 0.11540509 -0.44710785 -0.12721075]
  [ 0.16177148 -0.23102516 -0.09498493]
  [ 0.2022588  -0.31421775 -0.25435385]
  [ 0.05841717 -0.4613945  -0.20049025]
  [ 0.09085841 -0.5587381  -0.31922054]
  [ 0.15881887 -0.4395533  -0.28366852]
  [ 0.17061844 -0.491804   -0.28856608]
  [ 0.13347092 -0.4593178  -0.32502002]
  [ 0.11865254 -0.5475504  -0.2468406 ]
  [ 0.05398248 -0.49051002 -0.31074724]]]