[[[ 0.15414008  0.5019092   0.3456318 ]
  [ 0.17513078  0.15249571  0.12283754]
  [ 0.02865078 -0.15929776 -0.0874299 ]
  [-0.01810741 -0.25984278  0.1064554 ]
  [ 0.14787003  0.08088712  0.25032035]
  [ 0.08610959  0.42134017  0.4894066 ]
  [ 0.30333295 -0.6140833  -0.2782838 ]
  [ 0.17667127 -0.4260287  -0.31672537]
  [-0.04116413 -0.5142492  -0.27010992]
  [-0.09875254 -0.6128657  -0.06627013]
  [-0.01914125 -0.6973494   0.14925918]
  [ 0.0811263  -0.8712827   0.06124639]
  [-0.07638234 -0.5967171  -0.1826433 ]
  [-0.13718183 -0.75092787 -0.23799406]
  [ 0.00574334 -0.7394196  -0.20764637]
  [-0.04269255 -0.7651796  -0.19047193]
  [-0.03248744 -0.74644053 -0.24984674]
  [-0.11396028 -0.7174924  -0.1542079 ]
  [-0.09387551 -0.6828982  -0.27769005]]]