[[[-6.6494897e-02  4.3425417e-01  3.2262719e-01]
  [-1.9479206e-01  1.2538223e-01  5.6019187e-02]
  [-9.4088227e-02 -2.9172421e-01  8.5803002e-02]
  [ 8.4029429e-02 -2.4858776e-01 -6.6045158e-02]
  [-1.2635043e-03  1.6294055e-01 -8.9313397e-03]
  [ 4.6402626e-02  5.4895890e-01  1.8267500e-01]
  [-1.8891582e-01 -4.0083849e-01  3.8009260e-02]
  [-4.8317529e-02 -4.7658613e-01  2.2554249e-01]
  [-5.2274078e-02 -7.0856440e-01  8.4444813e-02]
  [ 1.3719308e-01 -6.9936645e-01 -1.2605366e-01]
  [ 2.6945406e-01 -4.5629901e-01 -9.4591066e-02]
  [ 2.3367342e-01 -2.2025727e-01 -1.5600453e-01]
  [ 1.6895073e-02 -7.7279472e-01 -4.5049228e-02]
  [-5.8222227e-02 -9.8424530e-01 -6.5931082e-02]
  [-1.4027438e-01 -8.6297089e-01 -1.1448039e-01]
  [-1.0892257e-01 -9.1393507e-01 -1.3203266e-01]
  [-1.3147572e-01 -9.0612692e-01 -7.0279956e-02]
  [-6.8779448e-03 -9.2412335e-01 -1.3538754e-01]
  [-5.7935022e-02 -9.0946472e-01  5.8763102e-04]]]