[[[ 0.07949289  0.52410144  0.16450873]
  [ 0.05453664  0.15855584  0.00618876]
  [-0.03993519 -0.21782418 -0.0929658 ]
  [ 0.04721664 -0.26596367  0.10750479]
  [ 0.11266074  0.12463948  0.10514405]
  [ 0.10801174  0.5152374   0.20392844]
  [ 0.1859963  -0.5848262  -0.17313425]
  [ 0.02925085 -0.4735887  -0.29566774]
  [-0.06801799 -0.65353733 -0.17286247]
  [ 0.00304901 -0.6959214   0.06251343]
  [ 0.09052676 -0.5698464   0.26093814]
  [ 0.22380635 -0.6873653   0.14315496]
  [-0.02960045 -0.7220933  -0.06863724]
  [-0.05504245 -0.9146117  -0.08971947]
  [ 0.00579437 -0.8318487  -0.20177151]
  [ 0.01602111 -0.87764347 -0.16498286]
  [-0.04343088 -0.8578519  -0.18068877]
  [ 0.03134444 -0.86758685 -0.06630806]
  [-0.09515387 -0.8326869  -0.10357467]]]