[[[-0.02411392  0.36318487  0.32412532]
  [-0.1605409   0.1362397   0.00561704]
  [-0.11231896 -0.28503883  0.05437604]
  [ 0.1005412  -0.2744132  -0.03742059]
  [ 0.02288873  0.13670972 -0.07084891]
  [ 0.11005539  0.5001178   0.12666163]
  [-0.17546083 -0.5070029  -0.2543809 ]
  [-0.30380747 -0.5297277  -0.04366203]
  [-0.12441646 -0.7387531  -0.00472435]
  [ 0.1613904  -0.6897071  -0.07950299]
  [ 0.21314728 -0.41724423 -0.09521358]
  [ 0.03795642 -0.46088314 -0.25023332]
  [ 0.02166267 -0.78778434 -0.05760729]
  [ 0.00137816 -1.0134674  -0.10449621]
  [-0.10598233 -0.905544   -0.12707964]
  [-0.06771447 -0.94710153 -0.15404256]
  [-0.08354174 -0.95172364 -0.09003752]
  [ 0.03539151 -0.93440723 -0.1683034 ]
  [-0.0026372  -0.9501876  -0.02758281]]]