[[[-0.12633833  0.06981692  0.7465045 ]
  [ 0.06497492 -0.10059831  0.40768796]
  [ 0.08832818 -0.10508181  0.01630928]
  [-0.07163268 -0.27145883 -0.00758757]
  [ 0.00778363 -0.2111854   0.38158977]
  [-0.13714693 -0.10097351  0.77141404]
  [ 0.4963782  -0.60329676 -0.14165303]
  [ 0.43109623 -0.39791217 -0.04692572]
  [ 0.3196677  -0.25853533 -0.20667821]
  [ 0.1912684  -0.39203104 -0.28872904]
  [ 0.04531845 -0.5767381  -0.22700691]
  [ 0.17934088 -0.70923644 -0.11599717]
  [ 0.28155822 -0.33282468 -0.25509948]
  [ 0.43340412 -0.41479766 -0.29188356]
  [ 0.37003702 -0.4079006  -0.16085976]
  [ 0.3854163  -0.44623768 -0.19986403]
  [ 0.41443706 -0.39070612 -0.19052938]
  [ 0.34879747 -0.44459003 -0.2855214 ]
  [ 0.4087868  -0.33796144 -0.26360604]]]