[[[-0.26957598  0.2468956  -0.19591889]
  [-0.26194903 -0.14608942 -0.29541138]
  [-0.11892301 -0.24941114  0.05666053]
  [ 0.12174907 -0.22398826  0.02993811]
  [ 0.13723455 -0.13659266 -0.34756437]
  [ 0.08851995  0.2791273  -0.339677  ]
  [-0.27898583 -0.8469993   0.00692154]
  [-0.35945955 -0.6562346   0.12396903]
  [-0.0926409  -0.6521398   0.13240787]
  [ 0.17509538 -0.63889444  0.10386543]
  [ 0.4271888  -0.5886147   0.03165925]
  [ 0.33612913 -0.790238   -0.04319597]
  [ 0.04029598 -0.6861389   0.10849973]
  [ 0.04134935 -0.88517535  0.10490327]
  [ 0.04670759 -0.8089797  -0.02729768]
  [ 0.07824145 -0.84264594  0.01038229]
  [ 0.01291536 -0.8430682   0.00927012]
  [ 0.11166745 -0.81602734  0.09955527]
  [-0.03147975 -0.816927    0.09824724]]]