[[[-0.04214643  0.38558576  0.38866875]
  [-0.10329436  0.15400922  0.03041034]
  [-0.12644736 -0.2855121   0.02016991]
  [ 0.11952293 -0.26868016  0.00645527]
  [ 0.02761832  0.14666165 -0.0343449 ]
  [-0.03568892  0.4854926   0.22969958]
  [-0.63230276 -0.5652884  -0.16726293]
  [-0.3891415  -0.61376417 -0.09228374]
  [-0.12491444 -0.7186909  -0.09654432]
  [ 0.18050653 -0.70344067 -0.1018479 ]
  [ 0.43030557 -0.5788726  -0.07906052]
  [ 0.66684216 -0.531547   -0.17075841]
  [ 0.03156339 -0.77237874 -0.12164728]
  [ 0.04067185 -0.99484134 -0.13980712]
  [ 0.02352526 -0.9135213  -0.2715432 ]
  [ 0.06265267 -0.9491021  -0.23623727]
  [-0.00377779 -0.9505594  -0.22787711]
  [ 0.1137566  -0.91985327 -0.1498926 ]
  [-0.03496574 -0.9242866  -0.129745  ]]]