[[[ 1.63499489e-01  5.10045707e-01  2.83777982e-01]
  [ 2.07623124e-01  1.40799552e-01  7.74081722e-02]
  [ 3.29545327e-02 -1.97435647e-01 -9.58026499e-02]
  [-3.79404537e-02 -2.61150688e-01  1.14950277e-01]
  [ 1.65654376e-01  7.83787742e-02  2.40258530e-01]
  [ 1.20892510e-01  4.75841582e-01  4.02522981e-01]
  [ 3.59550714e-01 -2.51967430e-01 -8.13110024e-02]
  [ 1.71710208e-01 -3.50803554e-01 -1.99774697e-01]
  [ 5.98099381e-02 -5.88095605e-01 -1.70155153e-01]
  [-4.91376631e-02 -6.14122629e-01  7.28452876e-02]
  [-6.17857054e-02 -4.00228143e-01  2.31389657e-01]
  [ 9.08061266e-02 -2.86380917e-01  3.73015314e-01]
  [ 1.32986913e-02 -6.61351860e-01 -5.43400124e-02]
  [ 1.81371942e-02 -8.57590199e-01 -5.39034866e-02]
  [ 1.36940479e-01 -7.78139651e-01 -9.51913968e-02]
  [ 1.17438294e-01 -8.15714896e-01 -5.43109477e-02]
  [ 9.24798846e-02 -8.11442852e-01 -1.13465086e-01]
  [ 4.96082827e-02 -7.93572724e-01  1.35006197e-02]
  [ 4.38436866e-04 -7.88777590e-01 -1.12129070e-01]]]