[[[-0.16698118  0.5713775   0.11748337]
  [-0.12714976  0.17742658  0.01709342]
  [-0.11410546 -0.2172566  -0.01635427]
  [ 0.10785973 -0.23632367  0.01483193]
  [ 0.16672987  0.15420353  0.01886797]
  [ 0.24522     0.55318743  0.06442475]
  [-0.38607773 -0.32195005 -0.12155223]
  [-0.35741735 -0.49500147  0.0319795 ]
  [-0.15130554 -0.6398424   0.0132603 ]
  [ 0.07545128 -0.6742623  -0.01201892]
  [ 0.325275   -0.7220987  -0.00281173]
  [ 0.40869534 -0.90350074 -0.10594855]
  [-0.03586666 -0.69168335 -0.01988451]
  [-0.00906427 -0.8739179  -0.07284266]
  [ 0.05216371 -0.7583443  -0.15029937]
  [ 0.06407797 -0.800708   -0.11267196]
  [ 0.0171905  -0.80397993 -0.15624763]
  [ 0.0292413  -0.803881   -0.02494494]
  [-0.07102185 -0.8124044  -0.11031979]]]