[[[-0.03249919  0.5083068   0.1539228 ]
  [-0.18856372  0.1356548   0.11068065]
  [-0.00905347 -0.20755407  0.12426071]
  [ 0.01064104 -0.21196067 -0.10537471]
  [-0.18243201  0.13296808 -0.07921179]
  [-0.01735977  0.5108928  -0.02104863]
  [-0.21067415  0.10136859  0.32057187]
  [-0.23092683 -0.13051295  0.24522209]
  [-0.27032986 -0.36601293  0.17460762]
  [-0.34629127 -0.31656563 -0.00244159]
  [-0.33050108 -0.06477936  0.00824934]
  [-0.37183538  0.171443    0.00851237]
  [-0.33742666 -0.36705542  0.09658876]
  [-0.48068556 -0.4541278   0.1184885 ]
  [-0.4586057  -0.33901435  0.20988217]
  [-0.49377924 -0.35660625  0.16909786]
  [-0.46065754 -0.39480093  0.20776898]
  [-0.46509278 -0.37252185  0.07708313]
  [-0.402371   -0.44869447  0.1573477 ]]]