[[[-0.22746056  0.39057705  0.29246038]
  [-0.2765124   0.05571941  0.05558116]
  [-0.08058587 -0.2908892   0.09092329]
  [ 0.07469238 -0.22608739 -0.07324214]
  [ 0.08123396  0.1560465   0.08707147]
  [ 0.20205343  0.44713885  0.3691458 ]
  [-0.24330759 -0.56470627  0.48037794]
  [-0.0709421  -0.6188303   0.3114322 ]
  [-0.02063869 -0.6964494   0.06019545]
  [ 0.03317451 -0.6997761  -0.21083233]
  [-0.06232534 -0.6918938  -0.45689815]
  [-0.25906566 -0.75050795 -0.5938096 ]
  [ 0.0028667  -0.7442465  -0.07928453]
  [ 0.04469735 -0.9377697  -0.06513706]
  [-0.09607027 -0.9079936  -0.12087199]
  [-0.04012505 -0.9290074  -0.13426438]
  [-0.06372565 -0.92843163 -0.07289778]
  [ 0.04368105 -0.87234074 -0.14388648]
  [-0.00599689 -0.8729118  -0.00845922]]]