[[[ 0.14839724  0.56405246  0.2327119 ]
  [ 0.14140296  0.16705658  0.09626869]
  [ 0.05027992 -0.1863641  -0.08604642]
  [-0.03560682 -0.26603708  0.10626569]
  [ 0.08908191  0.12132306  0.2027532 ]
  [ 0.10168993  0.51867807  0.34653986]
  [ 0.4127315  -0.18260726 -0.2482737 ]
  [ 0.2208401  -0.33326775 -0.24568893]
  [ 0.06933604 -0.5406416  -0.26495788]
  [-0.06019202 -0.64339685 -0.086323  ]
  [-0.06467009 -0.60339594  0.16161412]
  [ 0.01125155 -0.70366436  0.3604736 ]
  [ 0.0124459  -0.63524544 -0.1970987 ]
  [-0.00548429 -0.80308956 -0.27556068]
  [ 0.1290788  -0.7350238  -0.2773963 ]
  [ 0.10101314 -0.78375626 -0.25864202]
  [ 0.08147118 -0.748762   -0.30900192]
  [ 0.03204428 -0.78252524 -0.18869206]
  [-0.00516718 -0.7148543  -0.2953107 ]]]