[[[ 0.39840025 -0.20164564 -0.20248476]
  [ 0.08884567 -0.36955985 -0.31658578]
  [-0.04363519 -0.11884973 -0.07385574]
  [ 0.01052849 -0.2506245   0.12340528]
  [ 0.15032867 -0.5271416  -0.09254423]
  [ 0.4668056  -0.3467444   0.01316367]
  [-0.23856287 -0.2658285  -0.34782323]
  [-0.29755422 -0.08041455 -0.22185922]
  [-0.39308423 -0.08361613  0.0149866 ]
  [-0.3533004  -0.24347842  0.2227973 ]
  [-0.11907757 -0.34195384  0.24134484]
  [-0.03359836 -0.41096982  0.04436464]
  [-0.42365646 -0.16170265  0.12888338]
  [-0.6095535  -0.14942542  0.20096608]
  [-0.57319784 -0.22145891  0.07563657]
  [-0.59393287 -0.22961329  0.12859303]
  [-0.600625   -0.17527471  0.09573924]
  [-0.54324096 -0.21404158  0.20629342]
  [-0.5575868  -0.10007145  0.14277199]]]