[[[ 0.28651673  0.4169456  -0.05711591]
  [ 0.05605713  0.14316748  0.192836  ]
  [ 0.09628543 -0.28587955  0.08685064]
  [-0.10864092 -0.26948896 -0.05228919]
  [-0.12563127  0.1593688   0.02374687]
  [ 0.04082321  0.562648   -0.05196759]
  [ 0.16136302 -0.25132293  0.29820913]
  [ 0.24165496 -0.4570049   0.15463401]
  [ 0.13824207 -0.7129313   0.09285656]
  [-0.08658026 -0.7620064  -0.09066804]
  [-0.21603692 -0.56843376 -0.25468946]
  [-0.34678975 -0.34644863 -0.21896645]
  [ 0.0204335  -0.80071336  0.02445762]
  [ 0.00982085 -1.0225044   0.08711623]
  [-0.03129502 -0.90483266  0.1855307 ]
  [-0.05206242 -0.953146    0.15019152]
  [ 0.01231433 -0.94847894  0.17006686]
  [-0.06056126 -0.9564289   0.04464288]
  [ 0.08107615 -0.9467243   0.08850501]]]