[[[ 0.01911382  0.47316894  0.1195517 ]
  [ 0.18306011  0.10772212  0.12097214]
  [ 0.08443582 -0.24252373 -0.05967645]
  [-0.08682937 -0.25733653  0.08322652]
  [ 0.02574028  0.10908871  0.21312639]
  [-0.1093888   0.48927438  0.15197468]
  [ 0.3150043  -0.3281085   0.03068848]
  [ 0.1943867  -0.4455083  -0.13431764]
  [ 0.07175782 -0.6650045  -0.06915072]
  [-0.14720953 -0.61781585  0.09065726]
  [-0.21498202 -0.3644653   0.10872751]
  [-0.16565809 -0.22046663  0.28072244]
  [-0.04023431 -0.7101388   0.02586977]
  [-0.07882106 -0.91599274  0.05032444]
  [ 0.05375148 -0.85950285  0.00937879]
  [ 0.02576103 -0.8915849   0.0509643 ]
  [ 0.00275339 -0.88521826 -0.00889205]
  [-0.03890557 -0.8536122   0.11828521]
  [-0.08547511 -0.84581006 -0.01157384]]]