[[[-0.26142487  0.2818159  -0.27654505]
  [-0.24880844 -0.13893475 -0.30653358]
  [-0.12091829 -0.24265495  0.05847049]
  [ 0.12399337 -0.231034    0.03382948]
  [ 0.13749193 -0.12139634 -0.350615  ]
  [ 0.10808014  0.31091473 -0.38726693]
  [-0.6162068  -0.79069656  0.0392625 ]
  [-0.3767408  -0.71552986  0.09420177]
  [-0.11041311 -0.665782    0.06639533]
  [ 0.16615918 -0.6075219   0.02852943]
  [ 0.33695805 -0.3923645  -0.00693509]
  [ 0.3487553  -0.28526917 -0.2332894 ]
  [ 0.02908845 -0.6846631   0.0306824 ]
  [ 0.04883035 -0.8833479   0.0015777 ]
  [ 0.01860464 -0.7913898  -0.11547394]
  [ 0.06062873 -0.82561684 -0.08951122]
  [-0.00320128 -0.8336653  -0.07755072]
  [ 0.1105765  -0.80580705 -0.00659211]
  [-0.02921753 -0.82406884  0.02036732]]]