[[[ 0.00666241  0.44801483  0.36917102]
  [-0.04013297  0.17738149  0.05279303]
  [-0.12347485 -0.23434713  0.01757097]
  [ 0.11176115 -0.24429904  0.00628606]
  [ 0.0795839   0.1067315  -0.17830433]
  [ 0.08935051  0.45330235  0.05371124]
  [-0.0960077  -1.1536534  -0.08054503]
  [-0.18201847 -0.9203202  -0.05536225]
  [-0.08787288 -0.6953291  -0.00686261]
  [ 0.12612545 -0.6811628  -0.06239178]
  [ 0.18309191 -0.8912118  -0.17643306]
  [ 0.12844427 -1.1346265  -0.1563539 ]
  [ 0.02210065 -0.7100707  -0.03633155]
  [ 0.04827049 -0.8948762  -0.01022312]
  [ 0.01277197 -0.85578835 -0.15327764]
  [ 0.05624098 -0.87739044 -0.11755399]
  [-0.00692731 -0.8816806  -0.10196895]
  [ 0.10663708 -0.82476157 -0.04898521]
  [-0.02991649 -0.8354864  -0.01306086]]]