[[[ 0.48532057  0.07117342 -0.29498985]
  [ 0.22767869 -0.21429406 -0.30853546]
  [-0.07840935 -0.1891894  -0.06655663]
  [ 0.05877507 -0.19627254  0.10328122]
  [ 0.35869288 -0.21427973 -0.14134783]
  [ 0.53618634  0.08887297 -0.315261  ]
  [-0.5381109  -0.5369744  -0.15014744]
  [-0.46017882 -0.3879689  -0.01268128]
  [-0.3472817  -0.35200694  0.1797705 ]
  [-0.2053994  -0.40274245  0.29827857]
  [ 0.0055673  -0.47526827  0.24504274]
  [ 0.05229072 -0.6303702   0.10858797]
  [-0.29979384 -0.39282894  0.2446509 ]
  [-0.42231667 -0.47915712  0.31304145]
  [-0.37042877 -0.5170448   0.18060288]
  [-0.37654147 -0.5369923   0.23247151]
  [-0.41403395 -0.49362248  0.20718786]
  [-0.33400103 -0.49833667  0.30704573]
  [-0.41124588 -0.41437832  0.2550834 ]]]