[[[-0.06206965  0.52251136  0.3270015 ]
  [-0.11470563  0.20376521 -0.02222069]
  [-0.1305995  -0.26112583  0.02792892]
  [ 0.1259908  -0.24774866  0.00902114]
  [ 0.05248258  0.20109072 -0.05905624]
  [ 0.02830735  0.6086825   0.1979464 ]
  [-0.26831838 -0.14527974 -0.06849337]
  [-0.23266783 -0.4025334   0.02805728]
  [-0.13953213 -0.6764683  -0.02476449]
  [ 0.16317481 -0.67223847 -0.0327614 ]
  [ 0.2408873  -0.3946671   0.02403817]
  [ 0.24868308 -0.16186841 -0.11686753]
  [ 0.01446476 -0.7477498  -0.05367718]
  [ 0.01401669 -0.965961   -0.07112569]
  [-0.00829238 -0.87928355 -0.1980028 ]
  [ 0.03114965 -0.9187394  -0.1674654 ]
  [-0.03433046 -0.9166764  -0.15338153]
  [ 0.08926383 -0.8949296  -0.08661559]
  [-0.0548723  -0.89220583 -0.05526775]]]