[[[-0.02894156  0.4973519   0.28789687]
  [-0.11833972  0.14248009  0.10237762]
  [-0.10754562 -0.26337355  0.05609311]
  [ 0.09209783 -0.23455411 -0.04989073]
  [ 0.01564437  0.16069074 -0.02157322]
  [ 0.05198465  0.5451267   0.1292596 ]
  [-0.24611127 -0.3191846  -0.02239358]
  [-0.16986006 -0.43119448  0.16526823]
  [-0.10592191 -0.6536749   0.04908507]
  [ 0.11664279 -0.6658843  -0.11300746]
  [ 0.2350379  -0.43780118 -0.17195001]
  [ 0.0526818  -0.3120864  -0.22922449]
  [-0.00530309 -0.72566307 -0.04472174]
  [-0.01350145 -0.9356269  -0.04599843]
  [-0.07605295 -0.8574501  -0.16027555]
  [-0.03018188 -0.89420855 -0.14492704]
  [-0.08635987 -0.89186907 -0.11183913]
  [ 0.04592958 -0.8680991  -0.08823986]
  [-0.07301915 -0.8652882  -0.01686627]]]