[[[ 0.26168764  0.42499107  0.38304362]
  [ 0.28868428  0.09973354  0.10587392]
  [ 0.01670004 -0.14237815 -0.09287255]
  [-0.02614041 -0.25945666  0.10032605]
  [ 0.3140702  -0.07761215  0.2302964 ]
  [ 0.30527163  0.20458794  0.5571668 ]
  [ 0.2944987  -0.3954992  -0.3282382 ]
  [ 0.09383895 -0.28209886 -0.36207202]
  [-0.09508218 -0.43840298 -0.28328165]
  [-0.13483645 -0.5503655  -0.05946971]
  [-0.07712711 -0.45161062  0.1750692 ]
  [ 0.14586155 -0.42834577  0.19253044]
  [-0.127511   -0.536586   -0.19878913]
  [-0.21155313 -0.67433083 -0.27914166]
  [-0.07230655 -0.64803874 -0.31132936]
  [-0.10689902 -0.6889511  -0.28925174]
  [-0.12602401 -0.64489245 -0.3307984 ]
  [-0.1518169  -0.6763211  -0.20802236]
  [-0.19018327 -0.591722   -0.2954416 ]]]