[[[-0.18636388  0.46185678  0.2460933 ]
  [-0.08278616  0.16103451 -0.06439917]
  [-0.12230796 -0.2740801  -0.02135466]
  [ 0.11609369 -0.29463434  0.0515938 ]
  [ 0.10609309  0.14927423  0.04323139]
  [-0.00158964  0.4574636   0.3484233 ]
  [-0.12270074 -0.36310214 -0.2602362 ]
  [-0.30260655 -0.41708922 -0.08619496]
  [-0.20774938 -0.68826735 -0.11204002]
  [ 0.07626539 -0.78097034 -0.02340507]
  [ 0.2497095  -0.63288057  0.15094326]
  [ 0.2509534  -0.52024525 -0.07157171]
  [-0.07248657 -0.7979271  -0.10734264]
  [-0.11085223 -1.0033321  -0.21250603]
  [-0.07761477 -0.8739606  -0.29453275]
  [-0.05694215 -0.9308598  -0.27418923]
  [-0.12227204 -0.9156702  -0.27510858]
  [-0.02067371 -0.95378953 -0.17805637]
  [-0.16889149 -0.9227723  -0.18046671]]]