[[[ 0.15846436  0.51382273  0.03523994]
  [ 0.1559104   0.12798151 -0.02848564]
  [ 0.0285917  -0.2413055  -0.09382175]
  [-0.01676978 -0.22289135  0.118513  ]
  [ 0.07609391  0.14793478  0.01793348]
  [ 0.08559921  0.5406044  -0.02183694]
  [ 0.3387998  -0.37630823 -0.07658884]
  [ 0.18520188 -0.538438   -0.1338653 ]
  [ 0.09059891 -0.6788358   0.01328538]
  [ 0.03938341 -0.63124096  0.19836652]
  [ 0.05078657 -0.4144554   0.27967528]
  [ 0.19911261 -0.2692408   0.35840198]
  [ 0.08270189 -0.68753296  0.10918626]
  [ 0.12978834 -0.85575646  0.13965064]
  [ 0.2373317  -0.7578274   0.09069151]
  [ 0.22219215 -0.7921792   0.13611838]
  [ 0.20232557 -0.8019986   0.07544963]
  [ 0.14373656 -0.7768337   0.19559056]
  [ 0.10615963 -0.79948527  0.069702  ]]]