[[[ 0.29429856  0.514164    0.11092538]
  [ 0.10941719  0.13166624  0.16851646]
  [ 0.10161883 -0.2772124   0.06206161]
  [-0.1148107  -0.2538168  -0.02898194]
  [-0.14934546  0.14606668  0.08211498]
  [-0.1551321   0.57642     0.07640306]
  [ 0.18382142 -0.3455758   0.36553723]
  [ 0.21360564 -0.45384082  0.1395194 ]
  [ 0.11931656 -0.69044065  0.04563121]
  [-0.13567376 -0.69444644 -0.07384741]
  [-0.22886814 -0.44101584 -0.11232485]
  [-0.30376995 -0.24449018  0.02138157]
  [-0.00971597 -0.7593733  -0.00319954]
  [-0.02888401 -0.97863835  0.0257877 ]
  [ 0.01253196 -0.88268965  0.14063787]
  [-0.03203379 -0.91940564  0.11993655]
  [ 0.03132116 -0.9248626   0.10031515]
  [-0.09489244 -0.9009724   0.03864238]
  [ 0.0420962  -0.9140023  -0.00127198]]]