[[[-0.5128979   0.14015357  0.4227236 ]
  [-0.16387296  0.06214534  0.27651468]
  [ 0.04000293 -0.06888247 -0.00634463]
  [-0.0105934  -0.278776    0.03694262]
  [-0.1238066  -0.12644412  0.3575084 ]
  [-0.47339505  0.02390094  0.45023358]
  [ 0.18235895 -0.04646515  0.06576953]
  [ 0.1688256  -0.05909555 -0.13431697]
  [ 0.32607794 -0.2046144  -0.17752728]
  [ 0.2961755  -0.371869   -0.08144327]
  [ 0.15249665 -0.35359168  0.09722838]
  [ 0.32101858 -0.35362962  0.1828902 ]
  [ 0.34776482 -0.29602244 -0.14302456]
  [ 0.50478387 -0.28647125 -0.18446364]
  [ 0.45026284 -0.28136933 -0.05080783]
  [ 0.48457998 -0.31247765 -0.07817074]
  [ 0.4784347  -0.25121078 -0.0844922 ]
  [ 0.45686933 -0.34773707 -0.15489832]
  [ 0.44562852 -0.23431998 -0.16488041]]]