[[[ 0.10615196  0.4697841   0.2350981 ]
  [-0.00758309  0.16651048 -0.0105215 ]
  [-0.11709651 -0.2279887  -0.01229193]
  [ 0.10511057 -0.26431778  0.02657397]
  [ 0.11711743  0.13784301 -0.01038496]
  [ 0.17012084  0.45013964  0.25022534]
  [-0.13644712 -0.91903734 -0.44872463]
  [-0.23946491 -0.77187926 -0.299819  ]
  [-0.08420572 -0.7125258  -0.11243723]
  [ 0.14492974 -0.64358217 -0.03035717]
  [ 0.26739842 -0.43141484  0.0474781 ]
  [ 0.39183    -0.45165753 -0.13068697]
  [ 0.0365326  -0.72388256 -0.08624472]
  [ 0.09781073 -0.8953835  -0.04229793]
  [-0.02764376 -0.8832192  -0.1285004 ]
  [ 0.02638164 -0.90813994 -0.1255549 ]
  [-0.0056231  -0.889319   -0.07258397]
  [ 0.11310631 -0.85449725 -0.13511735]
  [ 0.04294291 -0.8227405  -0.02000538]]]