[[[-0.21391614 -0.22633848  0.7822995 ]
  [-0.05650852 -0.16189766  0.4049766 ]
  [ 0.06441459 -0.07473055  0.0445449 ]
  [-0.02420397 -0.27396044 -0.02811412]
  [-0.03654575 -0.31541806  0.35915035]
  [-0.10632171 -0.39969286  0.76049006]
  [ 0.38555187 -0.24169482  0.02124048]
  [ 0.30435526 -0.05043694 -0.0516029 ]
  [ 0.24285106 -0.06470203 -0.27915588]
  [ 0.12969364 -0.19222298 -0.35385045]
  [-0.08815312 -0.15051995 -0.26938325]
  [-0.11306052 -0.3480135  -0.24286243]
  [ 0.21421394 -0.14191476 -0.3438766 ]
  [ 0.34352654 -0.1881255  -0.45521843]
  [ 0.27993846 -0.2719926  -0.35288236]
  [ 0.28482598 -0.26943898 -0.4090171 ]
  [ 0.32977012 -0.2535721  -0.3677943 ]
  [ 0.25990778 -0.19493869 -0.4504254 ]
  [ 0.34336227 -0.1647021  -0.3754059 ]]]