[[[ 0.6869602   0.0936965  -0.26833984]
  [ 0.32150465 -0.09552508 -0.18636769]
  [-0.05153393 -0.21564946 -0.08835449]
  [ 0.02356329 -0.20210421  0.1287284 ]
  [ 0.3741094  -0.08496758 -0.02798198]
  [ 0.74265516  0.11204068 -0.0909964 ]
  [ 0.13004698 -0.46892315 -0.31623083]
  [-0.06032576 -0.4925423  -0.16628823]
  [-0.25126722 -0.52510923 -0.00957557]
  [-0.18898904 -0.5130206   0.22850035]
  [ 0.02885692 -0.40998906  0.28993416]
  [ 0.26347333 -0.4098763   0.2579928 ]
  [-0.24349593 -0.5567454   0.1151587 ]
  [-0.34013525 -0.70694894  0.1529838 ]
  [-0.21737285 -0.7137902   0.07091469]
  [-0.24085572 -0.730891    0.12213545]
  [-0.27551678 -0.7153916   0.07065158]
  [-0.2621145  -0.67210156  0.19526865]
  [-0.33426353 -0.64380264  0.08700024]]]