[[[-0.05896094  0.49836728  0.30030525]
  [-0.12968221  0.17385411 -0.01352853]
  [-0.1284423  -0.27793142  0.02618508]
  [ 0.12294112 -0.2640994   0.00933746]
  [ 0.06176691  0.17201197 -0.05893479]
  [ 0.0170428   0.5529039   0.19810638]
  [-0.25384134 -0.24575168 -0.16531181]
  [-0.2659884  -0.45117617  0.00352556]
  [-0.14224058 -0.7089068  -0.04620506]
  [ 0.16478197 -0.7071061  -0.04432621]
  [ 0.27975938 -0.449866    0.01969283]
  [ 0.24630134 -0.3074476  -0.1956166 ]
  [ 0.0144673  -0.7783867  -0.07173184]
  [ 0.01796884 -0.9991392  -0.10724536]
  [ 0.00233732 -0.90069526 -0.22748986]
  [ 0.04041467 -0.9421267  -0.19750875]
  [-0.02596406 -0.94212735 -0.18766777]
  [ 0.09399642 -0.9250997  -0.11043116]
  [-0.0545355  -0.92697936 -0.0880035 ]]]