[[[ 5.47478981e-02  5.31775355e-01  1.92631066e-01]
  [-6.59522861e-02  1.55916736e-01  7.22144544e-02]
  [-1.04986802e-01 -2.54966497e-01  7.05841333e-02]
  [ 8.28369707e-02 -2.42194444e-01 -6.30775169e-02]
  [ 2.27706786e-02  1.59224361e-01 -1.33031746e-04]
  [ 9.90624875e-02  5.22252142e-01  1.89002857e-01]
  [-1.65171430e-01 -4.23190922e-01 -7.71226585e-02]
  [-2.00517178e-01 -4.31791306e-01  1.55079693e-01]
  [-1.22254357e-01 -6.64740205e-01  7.15748519e-02]
  [ 9.24808308e-02 -6.73995554e-01 -9.98268276e-02]
  [ 2.30461106e-01 -4.47951794e-01 -9.31696594e-02]
  [ 2.29743626e-02 -4.00434285e-01 -1.68151811e-01]
  [-2.89416686e-02 -7.34407544e-01 -2.48664767e-02]
  [-3.43693234e-02 -9.40773070e-01 -6.94182236e-05]
  [-1.61349341e-01 -8.67159724e-01 -4.48553637e-02]
  [-1.20316714e-01 -9.09519970e-01 -6.10693023e-02]
  [-1.31341770e-01 -8.93162370e-01  1.20930187e-03]
  [-2.53520254e-02 -8.88756633e-01 -8.82739872e-02]
  [-5.01040071e-02 -8.59706223e-01  4.55326773e-02]]]