[[[-0.21564375  0.49469     0.20476578]
  [-0.24873856  0.12639742  0.07192995]
  [-0.08152008 -0.21829388  0.07401759]
  [ 0.06447567 -0.17288207 -0.07814278]
  [-0.15275043  0.14390732 -0.14707828]
  [-0.08213094  0.52843016 -0.07741086]
  [-0.10160147 -0.31974313 -0.0387111 ]
  [-0.02148893 -0.31107837  0.14495246]
  [ 0.05600397 -0.51662606  0.14902292]
  [ 0.16690423 -0.5326805  -0.02435789]
  [ 0.09844415 -0.3263653  -0.11890283]
  [-0.0844676  -0.33371443 -0.03262493]
  [ 0.11758775 -0.57092786  0.07505661]
  [ 0.09653855 -0.74750304  0.10356797]
  [ 0.05123393 -0.67060345 -0.01032453]
  [ 0.08770007 -0.7108562   0.00083044]
  [ 0.03218742 -0.7021975   0.02885801]
  [ 0.15057585 -0.6963571   0.06416734]
  [ 0.04820244 -0.6798602   0.11534014]]]