[[[-0.16280095  0.24230014 -0.37197408]
  [-0.15522674 -0.17298105 -0.35960263]
  [-0.12628531 -0.24839501  0.03883722]
  [ 0.11839061 -0.22517715  0.05452807]
  [ 0.18500236 -0.11427552 -0.32992333]
  [ 0.16735639  0.31638372 -0.34769845]
  [-0.44458798 -0.5591754  -0.02396271]
  [-0.34610224 -0.5138911   0.19602679]
  [-0.11238188 -0.64515436  0.13168204]
  [ 0.17619608 -0.6158258   0.08804911]
  [ 0.32673794 -0.3887313   0.03470889]
  [ 0.27466038 -0.32516524 -0.19703023]
  [ 0.03382661 -0.6860903   0.1003706 ]
  [ 0.03785179 -0.8828517   0.12347834]
  [ 0.02255711 -0.82836896 -0.01822314]
  [ 0.05964056 -0.8567036   0.01956632]
  [-0.00517523 -0.8545315   0.02884649]
  [ 0.10946937 -0.8170534   0.09589065]
  [-0.03380434 -0.81326586  0.11697906]]]