[[[-0.5032513  -0.336632    0.6382966 ]
  [-0.2564475  -0.11844388  0.34471995]
  [-0.07014797 -0.08804312 -0.03684672]
  [ 0.09768075 -0.22030982  0.04227597]
  [-0.06778272 -0.09569992  0.407344  ]
  [-0.24407014 -0.17463109  0.80514234]
  [-0.05400285  0.04017051 -0.43245307]
  [-0.15423122 -0.14979792 -0.35514137]
  [ 0.06317617 -0.27558932 -0.3695248 ]
  [ 0.25189003 -0.3109418  -0.24403583]
  [ 0.3415683  -0.22287427 -0.01446864]
  [ 0.26996994 -0.02562488 -0.0844887 ]
  [ 0.1798955  -0.30801338 -0.34074533]
  [ 0.24846978 -0.37263328 -0.48163128]
  [ 0.29190794 -0.24410188 -0.42882133]
  [ 0.31209463 -0.2964102  -0.4404039 ]
  [ 0.26665705 -0.26751605 -0.47358513]
  [ 0.27522483 -0.367064   -0.39806134]
  [ 0.19133052 -0.31436503 -0.4640811 ]]]