[[[-0.15295108  0.4752661   0.230351  ]
  [-0.16333288  0.16136199 -0.0721655 ]
  [-0.12157872 -0.26269135  0.02068764]
  [ 0.12108017 -0.23469111  0.01499552]
  [ 0.05612986  0.14707416 -0.164561  ]
  [ 0.01316386  0.5341666   0.0472854 ]
  [-0.2326683  -0.19298145 -0.15449737]
  [-0.22175972 -0.39437896  0.00316809]
  [-0.11427054 -0.64766896 -0.00654129]
  [ 0.17195155 -0.64004904 -0.0238881 ]
  [ 0.23825216 -0.3707947  -0.02477   ]
  [ 0.20300744 -0.15950306 -0.15934934]
  [ 0.03138218 -0.7169649  -0.0273069 ]
  [ 0.02356509 -0.92944604 -0.01932099]
  [ 0.04229821 -0.85994434 -0.15308805]
  [ 0.06981887 -0.8943583  -0.11007614]
  [ 0.00443407 -0.892224   -0.11716199]
  [ 0.0974481  -0.8618787  -0.02104984]
  [-0.04315583 -0.8583452  -0.0352219 ]]]