[[[-2.67642140e-01  5.05046725e-01  2.47208804e-01]
  [-1.74031124e-01  1.65845290e-01 -3.65944803e-02]
  [-1.22313835e-01 -2.69394815e-01  1.66587681e-02]
  [ 1.23652525e-01 -2.28009000e-01  5.97136980e-03]
  [-5.75160899e-04  1.90717131e-01 -5.34974970e-02]
  [-6.94467798e-02  5.81371129e-01  1.68113112e-01]
  [-1.71348214e-01 -2.01106876e-01 -1.85620591e-01]
  [-1.84136108e-01 -4.02782559e-01 -2.01688912e-02]
  [-1.00880571e-01 -6.66167736e-01 -3.85982543e-03]
  [ 1.85427040e-01 -6.59290493e-01 -2.94910111e-02]
  [ 2.43626103e-01 -3.84448290e-01 -2.21407413e-02]
  [ 1.78671822e-01 -1.69051066e-01 -1.44981861e-01]
  [ 4.40854840e-02 -7.35111833e-01 -3.06266360e-02]
  [ 4.35776301e-02 -9.52847958e-01 -4.40548919e-02]
  [ 6.24239892e-02 -8.65033925e-01 -1.68761626e-01]
  [ 9.07689035e-02 -9.02942955e-01 -1.28808141e-01]
  [ 2.52636280e-02 -9.04075682e-01 -1.39211178e-01]
  [ 1.12771265e-01 -8.80105078e-01 -3.38277966e-02]
  [-2.75421180e-02 -8.83789599e-01 -5.47015741e-02]]]