[[[-3.2974470e-01  3.1841558e-01  3.6907062e-01]
  [-2.9348712e-03  1.6472226e-01  2.1588641e-01]
  [ 4.7981277e-02 -9.7999014e-02 -6.5048859e-02]
  [-1.1924732e-02 -2.4009278e-01  8.4147990e-02]
  [-3.4678202e-02  9.7261451e-02  2.7468723e-01]
  [-3.1918466e-01  3.2448667e-01  4.5000413e-01]
  [ 3.0955887e-01 -1.6751014e-01  6.6203348e-02]
  [ 2.7977592e-01 -2.0978247e-01 -1.3731331e-01]
  [ 2.3247737e-01 -4.2050755e-01 -1.6370344e-01]
  [ 2.2484824e-01 -4.5878613e-01 -1.9499831e-02]
  [ 2.8923833e-01 -2.5903434e-01  8.1493735e-02]
  [ 4.3432179e-01 -2.5219095e-01 -5.1609363e-02]
  [ 2.4445400e-01 -4.6087784e-01 -9.5156409e-02]
  [ 4.0279251e-01 -5.0866431e-01 -9.0568267e-02]
  [ 3.3394900e-01 -4.1629934e-01 -3.3755302e-03]
  [ 3.5950476e-01 -4.6421257e-01  1.9547343e-04]
  [ 3.7523997e-01 -4.1712412e-01 -3.7312705e-02]
  [ 3.3389765e-01 -5.2977192e-01 -5.4187216e-02]
  [ 3.6201981e-01 -4.4482568e-01 -1.2223315e-01]]]