[[[-0.06694507  0.0965893  -0.4674778 ]
  [-0.09264629 -0.2915694  -0.37292883]
  [-0.12297377 -0.25102264  0.00895864]
  [ 0.09912476 -0.19824734  0.08401771]
  [ 0.3192334  -0.15854037 -0.22571768]
  [ 0.31783143  0.25664183 -0.287861  ]
  [-0.5050937  -0.5017859   0.16633691]
  [-0.27082515 -0.5303402   0.21578544]
  [-0.04509055 -0.64242107  0.15600684]
  [ 0.21082187 -0.5439894   0.15762046]
  [ 0.2845435  -0.3150523   0.05458443]
  [ 0.27040055 -0.33434108 -0.18439208]
  [ 0.10108165 -0.6399156   0.15279588]
  [ 0.16720356 -0.8052316   0.20368096]
  [ 0.19229895 -0.7630308   0.05867481]
  [ 0.21792132 -0.77146137  0.11121651]
  [ 0.16143328 -0.79934216  0.09424223]
  [ 0.20725714 -0.7171935   0.19158755]
  [ 0.08352267 -0.77679086  0.15549527]]]