[[[-0.30798462  0.22940151  0.56446284]
  [-0.14394264  0.09549296  0.2319431 ]
  [-0.02510025 -0.11047752 -0.08594948]
  [ 0.06532753 -0.20563462  0.07986482]
  [-0.01912975  0.12881722  0.25746608]
  [-0.21229151  0.34925508  0.53310424]
  [ 0.0461367  -0.11663711 -0.22641456]
  [-0.06430815 -0.2813935  -0.1957852 ]
  [ 0.04072258 -0.4699893  -0.21829557]
  [ 0.18751481 -0.45737347 -0.10834807]
  [ 0.19619723 -0.23305553 -0.04868334]
  [ 0.30386144 -0.19688731 -0.20486757]
  [ 0.12441352 -0.49762267 -0.18456918]
  [ 0.16026713 -0.61889094 -0.28814915]
  [ 0.18971889 -0.4789701  -0.31031853]
  [ 0.21698026 -0.5266742  -0.3070055 ]
  [ 0.16015701 -0.51888204 -0.33140284]
  [ 0.20523739 -0.57669365 -0.23313802]
  [ 0.10428436 -0.5621881  -0.2794153 ]]]