[[[-0.19832061  0.2658636  -0.34750056]
  [-0.17923295 -0.1524353  -0.3432142 ]
  [-0.12468149 -0.24271443  0.04274112]
  [ 0.12031258 -0.22740565  0.04930314]
  [ 0.16347912 -0.12550144 -0.3349668 ]
  [ 0.15392497  0.3019736  -0.39243314]
  [-0.60225505 -0.56316054 -0.05236655]
  [-0.3912276  -0.60355866  0.08129764]
  [-0.1197767  -0.6510864   0.0722295 ]
  [ 0.1664054  -0.61080784  0.06258299]
  [ 0.34784114 -0.40786183  0.02324919]
  [ 0.34446993 -0.32580823 -0.21027453]
  [ 0.02847383 -0.6817297   0.05547149]
  [ 0.05254192 -0.87990946  0.05215091]
  [ 0.05756643 -0.8015022  -0.07762204]
  [ 0.09030396 -0.831669   -0.03723468]
  [ 0.02573856 -0.8401281  -0.04341128]
  [ 0.11410977 -0.80206764  0.05309149]
  [-0.02749277 -0.8212866   0.04073102]]]