[[[-0.60804796  0.12106818  0.37851316]
  [-0.28545588  0.03972526  0.1553028 ]
  [ 0.00791848 -0.09691967 -0.08060876]
  [ 0.03893439 -0.20710237  0.10119899]
  [-0.22505118  0.05760246  0.23633404]
  [-0.5633732   0.22226763  0.39489245]
  [ 0.29581505 -0.15313348 -0.14750898]
  [ 0.11612726 -0.21971184 -0.22803308]
  [ 0.14647874 -0.43435648 -0.2223311 ]
  [ 0.22989634 -0.45324498 -0.07162032]
  [ 0.24851722 -0.23846304  0.02136897]
  [ 0.4037443  -0.22070327 -0.10549342]
  [ 0.20163597 -0.47471297 -0.16688249]
  [ 0.26115063 -0.5883885  -0.2631742 ]
  [ 0.3170481  -0.45340398 -0.2551634 ]
  [ 0.33396336 -0.5059067  -0.24674839]
  [ 0.2935736  -0.48699266 -0.2911258 ]
  [ 0.2850728  -0.55766386 -0.18975687]
  [ 0.21592256 -0.52264065 -0.2702412 ]]]