[[[-1.89800501e-01  2.83235013e-01  6.29702568e-01]
  [-8.46295208e-02  1.20560676e-01  2.65040725e-01]
  [-5.67291006e-02 -1.20076455e-01 -5.98228872e-02]
  [ 8.93971622e-02 -2.43694782e-01  4.24033888e-02]
  [-2.91127320e-02 -1.28236599e-04  3.55308354e-01]
  [-1.95857301e-01  9.37720314e-02  7.25296378e-01]
  [ 8.63084942e-02 -1.47412166e-01 -3.70112181e-01]
  [-1.14222094e-01 -1.89468816e-01 -2.74283767e-01]
  [-1.33761674e-01 -4.24790353e-01 -3.07847738e-01]
  [ 2.20544916e-02 -5.43485820e-01 -2.20732555e-01]
  [ 2.25221872e-01 -4.96556342e-01 -9.22458172e-02]
  [ 3.08600605e-01 -5.27428031e-01 -2.84153312e-01]
  [-6.49395660e-02 -5.08480787e-01 -2.99976528e-01]
  [-1.02272727e-01 -6.24504983e-01 -4.30186301e-01]
  [-1.21492974e-01 -4.76866245e-01 -4.39127833e-01]
  [-9.55539867e-02 -5.20471036e-01 -4.66994345e-01]
  [-1.49208680e-01 -5.26541293e-01 -4.33018267e-01]
  [-2.66136676e-02 -5.70392251e-01 -4.23776656e-01]
  [-1.33184150e-01 -5.83057582e-01 -3.64815235e-01]]]