[[[-3.5193840e-01  8.3104305e-02  9.8217009e-03]
  [-3.3742991e-01 -2.6279950e-01 -2.0428996e-01]
  [-9.5366798e-02 -2.7231184e-01  9.1185048e-02]
  [ 1.2874708e-01 -1.8316694e-01  1.0698533e-03]
  [ 5.0821510e-04 -1.7851979e-01 -3.5614535e-01]
  [-2.2158033e-01  1.7889655e-01 -3.0142844e-01]
  [-4.4214597e-01 -1.2247339e-01 -6.4736694e-02]
  [-3.0497974e-01 -3.4018511e-01 -1.8783936e-02]
  [-1.2982443e-01 -5.4599607e-01 -9.6470475e-02]
  [ 1.3289967e-01 -5.1035833e-01 -2.0375064e-01]
  [ 2.0784859e-01 -2.4387234e-01 -1.8803903e-01]
  [ 1.2817992e-01 -5.2205031e-03 -2.4147429e-01]
  [-4.8112990e-03 -5.8388692e-01 -1.7983218e-01]
  [-1.2056507e-02 -7.6840800e-01 -2.6381373e-01]
  [-6.9964796e-02 -6.5011597e-01 -3.4050396e-01]
  [-2.4625890e-02 -6.8912423e-01 -3.3933151e-01]
  [-8.2829393e-02 -6.9963610e-01 -3.0988425e-01]
  [ 5.0715588e-02 -6.9119608e-01 -2.7311108e-01]
  [-7.5636692e-02 -7.1524954e-01 -2.1035630e-01]]]