[[[-0.5857858   0.20315368  0.35865298]
  [-0.22207974  0.06074349  0.24644853]
  [ 0.05088244 -0.07327255 -0.00092823]
  [-0.01857904 -0.28134128  0.04660931]
  [-0.20544556 -0.02673773  0.28034377]
  [-0.4981807   0.178683    0.48845226]
  [ 0.39273632 -0.39448985  0.17110182]
  [ 0.364663   -0.19914524  0.08801668]
  [ 0.36852822 -0.26503885 -0.12023774]
  [ 0.30777502 -0.40896857 -0.08963779]
  [ 0.15226552 -0.47603598  0.06726887]
  [ 0.3395731  -0.45144835  0.12681775]
  [ 0.36634517 -0.34023607 -0.10518542]
  [ 0.524527   -0.37302163 -0.05066357]
  [ 0.410043   -0.3321914   0.03144345]
  [ 0.44378638 -0.37575015  0.02664709]
  [ 0.4599861  -0.31514803  0.01760311]
  [ 0.4529138  -0.4156202  -0.0561444 ]
  [ 0.48153552 -0.30383092 -0.06976534]]]