[[[-0.14043128  0.550793    0.15450314]
  [ 0.01758045  0.18974796  0.05876536]
  [ 0.07043839 -0.18562189 -0.07220495]
  [-0.04917507 -0.26457947  0.10612332]
  [-0.02575722  0.10614903  0.24289078]
  [-0.18650568  0.47117335  0.33301625]
  [ 0.37104744 -0.6181032  -0.17114839]
  [ 0.24852291 -0.474953   -0.28732538]
  [ 0.08730873 -0.616344   -0.18014725]
  [-0.06078032 -0.64895517 -0.01810747]
  [-0.2684095  -0.5752263   0.10130325]
  [-0.218278   -0.7747759   0.14709409]
  [ 0.03061613 -0.67416763 -0.09154876]
  [ 0.04287571 -0.86513996 -0.08364869]
  [ 0.16735572 -0.77955204 -0.06322365]
  [ 0.13327475 -0.8181107  -0.03637923]
  [ 0.14000744 -0.81533325 -0.10038608]
  [ 0.0393152  -0.80074525 -0.01392949]
  [ 0.05575738 -0.79805577 -0.14524215]]]