[[[-0.28749746  0.43274006  0.23287198]
  [-0.24734382  0.09409549 -0.01998326]
  [-0.11082931 -0.29417765  0.04399508]
  [ 0.11150649 -0.24202542 -0.02275605]
  [ 0.0145593   0.16728619  0.01063902]
  [-0.0091526   0.5213203   0.2527313 ]
  [-0.52852345 -0.70287436  0.06161546]
  [-0.3076474  -0.61527896  0.13107045]
  [-0.09500386 -0.7170981  -0.00889709]
  [ 0.16597961 -0.7034064  -0.112882  ]
  [ 0.3885259  -0.5423538  -0.0895779 ]
  [ 0.59560126 -0.47813913 -0.2058982 ]
  [ 0.02352199 -0.7616875  -0.09534026]
  [-0.00429656 -0.96798384 -0.14419715]
  [-0.04878694 -0.8657307  -0.25308913]
  [-0.00705185 -0.9088945  -0.23780902]
  [-0.06656516 -0.90589404 -0.20885575]
  [ 0.06961191 -0.8985786  -0.16962272]
  [-0.06281837 -0.89401966 -0.10530841]]]