[[[ 0.19593754  0.544035   -0.02154094]
  [ 0.03723665  0.18411797 -0.09018626]
  [-0.10893495 -0.18068181 -0.02269309]
  [ 0.1029629  -0.20841117  0.00538642]
  [ 0.05083376  0.14440328 -0.16627687]
  [ 0.11623862  0.5439871  -0.15000851]
  [-0.11424947 -0.24164845 -0.24599761]
  [-0.14261273 -0.3132931  -0.04502382]
  [-0.15363245 -0.53211486  0.02130767]
  [ 0.026017   -0.56153136 -0.03705979]
  [-0.06349379 -0.34236214 -0.0840589 ]
  [-0.24605523 -0.25620976 -0.1582689 ]
  [-0.06951405 -0.5975283  -0.00134839]
  [-0.12181455 -0.76940304 -0.04462638]
  [-0.06262423 -0.66834587 -0.13148826]
  [-0.04978738 -0.7182169  -0.1087853 ]
  [-0.10736647 -0.69829065 -0.1261741 ]
  [-0.05055258 -0.729149   -0.01706577]
  [-0.15789509 -0.69327724 -0.04987418]]]