[[[-0.28506052  0.37668842  0.5317178 ]
  [-0.12301099  0.15575427  0.194549  ]
  [-0.07020485 -0.1679675  -0.07407644]
  [ 0.09347498 -0.23933767  0.06442729]
  [-0.03207201  0.09577367  0.29538572]
  [-0.19461228  0.27531594  0.6612814 ]
  [ 0.21883377 -0.2397441  -0.21402544]
  [-0.02317364 -0.25180057 -0.2223837 ]
  [-0.03878105 -0.502013   -0.27643475]
  [ 0.13878235 -0.5632523  -0.11324908]
  [ 0.130348   -0.34746373  0.0343654 ]
  [ 0.13522626 -0.18296278 -0.13254319]
  [ 0.05315875 -0.58314735 -0.23042461]
  [ 0.06366506 -0.74210846 -0.340266  ]
  [ 0.00507761 -0.61286426 -0.38311946]
  [ 0.04726547 -0.65216047 -0.39692923]
  [-0.00623129 -0.6674497  -0.3640237 ]
  [ 0.1260744  -0.66622776 -0.34039062]
  [ 0.01531872 -0.6995721  -0.28042653]]]