[[[ 0.18758333  0.03805126 -0.27303234]
  [ 0.0358838  -0.2983666  -0.35445684]
  [-0.12596561 -0.20944266 -0.00298024]
  [ 0.10102417 -0.21039738  0.08081428]
  [ 0.22696128 -0.26841673 -0.2851382 ]
  [ 0.31881285  0.1161557  -0.3599133 ]
  [-0.54860586 -0.38511023  0.10294539]
  [-0.36079788 -0.48413354  0.1985674 ]
  [-0.12724668 -0.5886226   0.17221725]
  [ 0.13411547 -0.5487641   0.19399615]
  [ 0.3508138  -0.40821904  0.20004022]
  [ 0.4943125  -0.34251177  0.02729111]
  [ 0.01051618 -0.6109754   0.178635  ]
  [ 0.04887103 -0.7876753   0.21913429]
  [ 0.05463958 -0.7437897   0.07460742]
  [ 0.087826   -0.7608207   0.11963341]
  [ 0.02491008 -0.7748111   0.11345551]
  [ 0.1033577  -0.7124598   0.20151404]
  [-0.03063726 -0.74078816  0.18886626]]]