[[[-3.42070013e-01  4.87508267e-01  3.46272618e-01]
  [-1.04423575e-01  2.04863086e-01  1.03705570e-01]
  [-2.73454767e-02 -1.66342169e-01 -9.17305797e-02]
  [ 5.01822829e-02 -2.54452199e-01  1.05307437e-01]
  [-1.61172487e-02  1.30333140e-01  2.72821069e-01]
  [-2.17389241e-01  4.25750971e-01  5.39303839e-01]
  [ 1.96254268e-01 -2.91762471e-01 -3.46276075e-01]
  [-3.09566446e-02 -2.67455012e-01 -2.78749168e-01]
  [-2.08082646e-02 -5.26507914e-01 -2.40189403e-01]
  [ 6.41533062e-02 -6.03674531e-01  2.73011625e-04]
  [ 6.29895180e-02 -4.35681224e-01  2.08285019e-01]
  [ 2.74280578e-01 -3.45134765e-01  1.68015763e-01]
  [ 2.74662599e-02 -6.21101558e-01 -1.41255677e-01]
  [-4.72506927e-03 -7.94722319e-01 -1.44601122e-01]
  [ 7.01194108e-02 -7.41598785e-01 -2.61244535e-01]
  [ 7.39368945e-02 -7.80347824e-01 -2.16611505e-01]
  [ 1.76102556e-02 -7.60132730e-01 -2.41271615e-01]
  [ 8.17018896e-02 -7.53401637e-01 -1.23786584e-01]
  [-3.49938646e-02 -7.16201782e-01 -1.77840874e-01]]]