[[[-0.02541037  0.41094828  0.37175092]
  [-0.08603237  0.15260196  0.03539694]
  [-0.12589818 -0.28247404  0.01826278]
  [ 0.11847446 -0.26737878  0.00629822]
  [ 0.01915012  0.14278097 -0.03434842]
  [-0.05211489  0.50134     0.19412193]
  [-0.6252887  -0.54948175 -0.13306266]
  [-0.38348058 -0.60529274 -0.07044505]
  [-0.1259941  -0.7189917  -0.08186239]
  [ 0.17767814 -0.7025177  -0.08857094]
  [ 0.41811797 -0.5624222  -0.07141914]
  [ 0.6511634  -0.51558125 -0.16281569]
  [ 0.02958073 -0.7735427  -0.10644716]
  [ 0.03865878 -0.99653494 -0.12205951]
  [ 0.02607641 -0.9153667  -0.25402308]
  [ 0.06385326 -0.9506353  -0.21766327]
  [-0.00260996 -0.9523373  -0.21191177]
  [ 0.11131196 -0.9215068  -0.12977678]
  [-0.03721497 -0.9265788  -0.11519908]]]