[[[-0.05058648  0.45239908  0.33273378]
  [-0.08047953  0.17428821  0.02186884]
  [-0.12347999 -0.24277274  0.0163049 ]
  [ 0.11182253 -0.24157341  0.00827825]
  [ 0.10606773  0.133556   -0.12783483]
  [ 0.12146802  0.4867928   0.10056458]
  [-0.12933664 -1.1503702  -0.11285343]
  [-0.19273627 -0.9114649  -0.06938565]
  [-0.07945137 -0.69595337 -0.01123653]
  [ 0.1354712  -0.6875231  -0.06256194]
  [ 0.20175932 -0.90149796 -0.16693303]
  [ 0.15083282 -1.1475594  -0.18095027]
  [ 0.03091306 -0.71257585 -0.0416634 ]
  [ 0.05094085 -0.899813   -0.02480564]
  [ 0.01480148 -0.8529629  -0.1656428 ]
  [ 0.05782462 -0.8779183  -0.13166162]
  [-0.00518348 -0.87982136 -0.11483811]
  [ 0.11259536 -0.83065486 -0.06174988]
  [-0.02455557 -0.8362321  -0.02333891]]]