[[[ 0.02720755  0.5256258   0.16156223]
  [ 0.14272097  0.13352202  0.12657213]
  [ 0.08613216 -0.22889477 -0.05935286]
  [-0.08267821 -0.25561148  0.08723932]
  [ 0.0073318   0.12755282  0.19955525]
  [-0.08296101  0.5338898   0.19494312]
  [ 0.28598738 -0.32861075  0.13282779]
  [ 0.19822174 -0.40839973 -0.07372837]
  [ 0.08973172 -0.6410286  -0.0935836 ]
  [-0.11666027 -0.6206251   0.07734689]
  [-0.14528324 -0.36788255  0.14360416]
  [-0.05824778 -0.22351448  0.30389026]
  [-0.01865418 -0.7001435  -0.00683456]
  [-0.07597698 -0.89778185 -0.0049447 ]
  [ 0.0688107  -0.86018854 -0.01508423]
  [ 0.02880073 -0.8878016   0.01926915]
  [ 0.02127487 -0.8797164  -0.04436715]
  [-0.0434913  -0.8410555   0.06994349]
  [-0.05773542 -0.82941985 -0.06494518]]]