[[[-0.19827373  0.42267713  0.15860145]
  [-0.29147118  0.08533762 -0.09546968]
  [-0.10673168 -0.2778275   0.06024022]
  [ 0.11983646 -0.21325102 -0.01073774]
  [-0.06579456  0.07002103 -0.27259248]
  [-0.17661934  0.4522798  -0.08359369]
  [-0.24921316 -0.18420988 -0.02598889]
  [-0.1661902  -0.3938545   0.09728018]
  [-0.05858056 -0.6445253   0.06737204]
  [ 0.2122375  -0.62426674 -0.02159556]
  [ 0.25270075 -0.35433406 -0.06033714]
  [ 0.18463288 -0.15764274 -0.20561194]
  [ 0.07981698 -0.7066399   0.01386853]
  [ 0.07741516 -0.9170104   0.03053781]
  [ 0.06178805 -0.8515146  -0.10583215]
  [ 0.09944486 -0.8845841  -0.07050669]
  [ 0.03441138 -0.8823243  -0.06067905]
  [ 0.14851072 -0.8503027   0.00770092]
  [ 0.00888354 -0.8459996   0.02948341]]]