[[[ 2.22558230e-01  5.68748236e-01  7.86023960e-02]
  [ 1.58564210e-01  1.68260545e-01 -1.41665265e-02]
  [ 9.53017548e-03 -1.97797716e-01 -9.88723114e-02]
  [ 6.34111930e-05 -2.36368746e-01  1.27201185e-01]
  [ 1.25226200e-01  1.52704522e-01  1.40929416e-01]
  [ 1.49331227e-01  5.66895366e-01  2.07320318e-01]
  [ 2.15167224e-01 -9.06601071e-01 -3.25583905e-01]
  [ 9.59268436e-02 -6.97851539e-01 -3.01794589e-01]
  [-8.07407424e-02 -6.13349199e-01 -1.58413514e-01]
  [-1.24270037e-01 -6.53493464e-01  2.92377602e-02]
  [-1.53133810e-01 -8.63723040e-01  1.42182752e-01]
  [-1.40934542e-01 -1.08219397e+00  5.57678863e-02]
  [-1.03807926e-01 -6.57711685e-01 -6.32043928e-02]
  [-2.06241697e-01 -7.88529515e-01 -6.65149540e-02]
  [-6.74337074e-02 -8.20160389e-01 -1.15877599e-01]
  [-1.07256867e-01 -8.35133135e-01 -7.54847005e-02]
  [-1.22715086e-01 -8.08366418e-01 -1.31931260e-01]
  [-1.34733275e-01 -7.76383579e-01 -1.46352127e-03]
  [-1.69390157e-01 -7.25450873e-01 -1.21292032e-01]]]