[[[-0.07765571  0.46406782  0.32748434]
  [-0.15808818  0.13535708  0.08071039]
  [-0.11154283 -0.2685557   0.05696263]
  [ 0.09405568 -0.2645572  -0.04754664]
  [ 0.15479995  0.13978337 -0.02012607]
  [ 0.33045146  0.45546868  0.20552753]
  [-0.23176806 -0.55494946 -0.16203946]
  [-0.28975388 -0.44210407  0.04615378]
  [-0.17107189 -0.6774836   0.03032734]
  [ 0.03858428 -0.711127   -0.16238505]
  [ 0.04922574 -0.5323883  -0.360971  ]
  [-0.14785814 -0.6510908  -0.40905625]
  [-0.08166012 -0.75536805 -0.06953226]
  [-0.14926806 -0.9650838  -0.06885525]
  [-0.24324971 -0.8447068  -0.0865221 ]
  [-0.22125818 -0.8960506  -0.11275348]
  [-0.21947367 -0.887088   -0.04766583]
  [-0.12612936 -0.90496093 -0.15277973]
  [-0.12615514 -0.8910982  -0.00952362]]]