[[[-0.22684598  0.53262836  0.11400064]
  [-0.10578421  0.15868741 -0.08923955]
  [-0.11068241 -0.27414882 -0.038363  ]
  [ 0.11036717 -0.2477611   0.06967733]
  [ 0.11655144  0.17206413 -0.0024786 ]
  [ 0.022419    0.5156759   0.26550648]
  [-0.24359797 -0.22003995 -0.12696883]
  [-0.19309397 -0.47168112 -0.08821356]
  [-0.0091374  -0.67165536 -0.14414068]
  [ 0.25720036 -0.6145515  -0.03372657]
  [ 0.3014182  -0.35038358  0.05295098]
  [ 0.32211405 -0.11879575 -0.05577767]
  [ 0.1537507  -0.70096093 -0.11943033]
  [ 0.23049605 -0.8920338  -0.18681714]
  [ 0.28308165 -0.7617316  -0.25002968]
  [ 0.29593226 -0.80826324 -0.21139163]
  [ 0.24920791 -0.8127082  -0.258264  ]
  [ 0.25792074 -0.8216898  -0.11944146]
  [ 0.15457448 -0.8316286  -0.22067223]]]