[[[-0.05872037  0.4799081   0.32341313]
  [-0.12013719  0.14047678  0.05164116]
  [-0.121714   -0.2992577   0.04999051]
  [ 0.10919391 -0.28684318 -0.02752216]
  [ 0.07921317  0.14663489 -0.01164253]
  [ 0.15428907  0.47259837  0.27706248]
  [-0.26804578 -0.3201514  -0.10083856]
  [-0.23813438 -0.49425125  0.08868641]
  [-0.15144907 -0.7556329   0.02061615]
  [ 0.13788384 -0.7539265  -0.09617919]
  [ 0.2503113  -0.49271232 -0.09977423]
  [ 0.09975606 -0.3952151  -0.27769217]
  [-0.01439495 -0.8295297  -0.06362522]
  [-0.03225055 -1.0576216  -0.11411391]
  [-0.08867864 -0.94816786 -0.21373713]
  [-0.04303751 -0.992174   -0.20206559]
  [-0.10124599 -0.9925662  -0.16808474]
  [ 0.0418634  -0.98223656 -0.13916212]
  [-0.09034058 -0.9851202  -0.06156188]]]