[[[-0.09225225  0.5283414   0.1856898 ]
  [ 0.04713174  0.16922234  0.01072433]
  [-0.03280246 -0.22732359 -0.10790016]
  [ 0.05231039 -0.2511898   0.11277118]
  [ 0.05199826  0.16523294  0.03679112]
  [-0.13858336  0.5220794   0.17219733]
  [ 0.13180026 -0.16482139 -0.06843828]
  [ 0.02871277 -0.369103   -0.15785901]
  [ 0.0667472  -0.6181839  -0.19027   ]
  [ 0.18233383 -0.63976383  0.02500305]
  [ 0.12382805 -0.38537687  0.08400768]
  [ 0.09571907 -0.15211718  0.02282153]
  [ 0.14611012 -0.6897787  -0.09214095]
  [ 0.24142471 -0.8818937  -0.10722184]
  [ 0.22593467 -0.7866389   0.01340316]
  [ 0.20319526 -0.83537734 -0.01231835]
  [ 0.26594806 -0.8146244  -0.0177756 ]
  [ 0.15965308 -0.83694774 -0.10034207]
  [ 0.2853864  -0.7921853  -0.11829645]]]