[[[-0.6476486  -0.17422152  0.4351585 ]
  [-0.32558924 -0.11317642  0.2037314 ]
  [ 0.01186998 -0.06684916 -0.02158235]
  [ 0.03005859 -0.2692218   0.06330186]
  [-0.26503894 -0.15347035  0.30000368]
  [-0.5845617  -0.11830022  0.55446863]
  [ 0.32966316 -0.09732344 -0.14196184]
  [ 0.18279126 -0.1218541  -0.2959321 ]
  [ 0.25679854 -0.3271686  -0.2828398 ]
  [ 0.27920693 -0.40387273 -0.13868538]
  [ 0.15227044 -0.29739678  0.02962766]
  [ 0.32266727 -0.19070265  0.03852646]
  [ 0.30116445 -0.38182074 -0.22808829]
  [ 0.44986063 -0.42389974 -0.3070641 ]
  [ 0.43835065 -0.37238032 -0.16819343]
  [ 0.45454842 -0.41927943 -0.19549137]
  [ 0.4643529  -0.35980597 -0.21536112]
  [ 0.39689714 -0.4565284  -0.25368404]
  [ 0.41245186 -0.35250977 -0.28966898]]]