[[[-0.08945225  0.40374961  0.45255327]
  [-0.07458185  0.15889177  0.15607226]
  [-0.07031268 -0.15505567 -0.08041337]
  [ 0.09396616 -0.17465259  0.04120689]
  [ 0.02561774  0.20310023  0.0639214 ]
  [-0.08934982  0.5441536   0.22232252]
  [ 0.00871645 -0.12448312 -0.15781772]
  [-0.04507083 -0.31285092 -0.09443048]
  [ 0.0008417  -0.5245602  -0.12067953]
  [ 0.15665151 -0.4644277  -0.12714429]
  [ 0.01927236 -0.28438222 -0.08450964]
  [-0.11691498 -0.21671498 -0.21357714]
  [ 0.08792497 -0.5386218  -0.13476145]
  [ 0.10126772 -0.6912213  -0.21233106]
  [ 0.10004075 -0.55904543 -0.27330345]
  [ 0.13444157 -0.6026014  -0.26902872]
  [ 0.07227535 -0.60547876 -0.27493024]
  [ 0.15231223 -0.6334354  -0.18590887]
  [ 0.04485736 -0.6389273  -0.19825235]]]