[[[-0.10721382  0.42037383  0.25499505]
  [-0.17905916  0.13122058 -0.03779114]
  [-0.12207609 -0.28185314  0.0210049 ]
  [ 0.11831441 -0.25963873  0.01152456]
  [ 0.08485667  0.1158551  -0.14174262]
  [ 0.0579051   0.47607666  0.08143426]
  [-0.16865632 -0.35085145 -0.19924855]
  [-0.24448362 -0.44507143  0.0099653 ]
  [-0.12495806 -0.6772938  -0.06803165]
  [ 0.1704065  -0.6805886  -0.08043581]
  [ 0.29021752 -0.44425637 -0.00562473]
  [ 0.1954622  -0.33715758 -0.1954853 ]
  [ 0.02245991 -0.7504618  -0.09986014]
  [ 0.00804586 -0.9689645  -0.11197725]
  [ 0.03083729 -0.8910679  -0.24338838]
  [ 0.05683666 -0.9291312  -0.20146267]
  [-0.0089156  -0.9238005  -0.20915362]
  [ 0.08698986 -0.902535   -0.1086432 ]
  [-0.05770611 -0.8927199  -0.12335034]]]