[[[ 0.21897854  0.54658145  0.07667357]
  [ 0.12652701  0.13770294  0.16086414]
  [ 0.11115355 -0.26145387  0.03774239]
  [-0.12282103 -0.24432378  0.01004269]
  [-0.04778092  0.17145415  0.04874695]
  [ 0.04556923  0.58111584 -0.04347686]
  [-0.05907372 -0.9856631  -0.02474207]
  [ 0.06602555 -0.84056616  0.14013559]
  [ 0.13864186 -0.6956654  -0.05443947]
  [-0.07380943 -0.72747856 -0.13231899]
  [-0.1961267  -0.9248894  -0.02418254]
  [-0.02708418 -1.1029019   0.01367662]
  [ 0.04418875 -0.7395214  -0.10316568]
  [ 0.0735475  -0.949351   -0.12761281]
  [ 0.09434158 -0.8801144   0.00895773]
  [ 0.05962636 -0.9200877  -0.02175277]
  [ 0.12142217 -0.9046608  -0.04036397]
  [-0.00860475 -0.89649963 -0.09649724]
  [ 0.12554736 -0.86581033 -0.13616477]]]