[[[-0.26160368 -0.15801004  0.7841659 ]
  [-0.08700454 -0.10769171  0.40369773]
  [ 0.02640531 -0.05579857  0.02507123]
  [ 0.01382404 -0.28473347 -0.00669242]
  [-0.01998916 -0.27756712  0.3869805 ]
  [-0.13064002 -0.34624672  0.79286337]
  [ 0.57964647 -0.05761787 -0.27402875]
  [ 0.38280797  0.05169521 -0.24845928]
  [ 0.21913992 -0.09962125 -0.3311421 ]
  [ 0.17329556 -0.27468687 -0.31904757]
  [ 0.00904423 -0.4239021  -0.21730892]
  [ 0.17003517 -0.55158114 -0.1784372 ]
  [ 0.22255875 -0.19785327 -0.34355175]
  [ 0.35479772 -0.2568299  -0.44125974]
  [ 0.31701347 -0.30608693 -0.30759212]
  [ 0.31818277 -0.323515   -0.36149114]
  [ 0.36118373 -0.28538498 -0.33483773]
  [ 0.27543223 -0.27547407 -0.42356613]
  [ 0.3540653  -0.20329213 -0.37512016]]]