[[[-0.17368981  0.3645034   0.43637407]
  [-0.19949639  0.14230762  0.1087497 ]
  [-0.10680167 -0.22803271  0.03696192]
  [ 0.09546459 -0.18827106 -0.05078483]
  [ 0.01078836  0.18230496  0.07560825]
  [ 0.03605733  0.45005322  0.37208033]
  [-0.2096663  -0.37569812 -0.1871361 ]
  [-0.19820485 -0.42809612  0.02598419]
  [-0.05820139 -0.60012215 -0.06948777]
  [ 0.08921127 -0.5074213  -0.23071586]
  [-0.02294007 -0.28589576 -0.23907237]
  [-0.21854465 -0.36176258 -0.25752652]
  [ 0.02121784 -0.607229   -0.16879296]
  [ 0.0015661  -0.78509593 -0.25052103]
  [-0.10399794 -0.6934645  -0.20653337]
  [-0.08443047 -0.71840465 -0.2536169 ]
  [-0.08058158 -0.7431475  -0.19540459]
  [ 0.00417433 -0.6984376  -0.28489962]
  [ 0.00737451 -0.7511451  -0.17252243]]]