[[[-0.2527286   0.16422562  0.6156236 ]
  [-0.12438007  0.07030628  0.26801986]
  [-0.01769957 -0.07081277 -0.07553791]
  [ 0.06391326 -0.19186042  0.06681848]
  [ 0.01771387  0.08142223  0.3137891 ]
  [-0.03850456  0.2663108   0.65451497]
  [ 0.12179118 -0.19279706 -0.31447604]
  [-0.04552871 -0.276237   -0.27967283]
  [ 0.05892557 -0.42254305 -0.19431423]
  [ 0.17931794 -0.38868546 -0.12570314]
  [ 0.20934144 -0.1676661  -0.10697979]
  [ 0.26578993 -0.19060488 -0.27535316]
  [ 0.12649865 -0.4305361  -0.176309  ]
  [ 0.179205   -0.51106226 -0.2939494 ]
  [ 0.18298429 -0.37128004 -0.27653456]
  [ 0.21863991 -0.40996173 -0.28434476]
  [ 0.16417378 -0.40483227 -0.31154212]
  [ 0.20893662 -0.4790378  -0.23296942]
  [ 0.11741718 -0.46903995 -0.2791922 ]]]