[[[-5.84166124e-02  5.48701346e-01  3.10102135e-01]
  [ 7.10567757e-02  2.02384114e-01  8.48580152e-02]
  [ 2.75303167e-03 -1.75064832e-01 -9.70853046e-02]
  [ 7.61612644e-03 -2.67254084e-01  1.15244135e-01]
  [ 9.37446207e-02  1.14934847e-01  2.63336420e-01]
  [-3.86962667e-02  4.61332023e-01  4.99047339e-01]
  [ 2.41783470e-01 -1.98975205e-01 -2.76108831e-01]
  [ 2.16556862e-02 -2.95742273e-01 -2.80762583e-01]
  [-1.28509356e-02 -5.51621735e-01 -2.33955801e-01]
  [-2.89186426e-02 -6.11864388e-01  2.41390169e-02]
  [-7.49681890e-02 -4.02246714e-01  1.78637192e-01]
  [ 8.84359702e-02 -2.71989286e-01  2.87331045e-01]
  [-1.20477378e-02 -6.42097175e-01 -1.19216889e-01]
  [-4.07560430e-02 -8.26826692e-01 -1.27531469e-01]
  [ 5.52536249e-02 -7.65698791e-01 -2.23068997e-01]
  [ 5.08879125e-02 -8.05295706e-01 -1.79604158e-01]
  [ 7.50657171e-04 -7.87269413e-01 -2.15744033e-01]
  [ 3.53984982e-02 -7.81674743e-01 -8.59550983e-02]
  [-6.80397227e-02 -7.48016119e-01 -1.65155292e-01]]]