[[[-0.7402325   0.02087693  0.2167649 ]
  [-0.33996686 -0.05695749  0.19317202]
  [ 0.03371549 -0.068092    0.04161744]
  [ 0.0012149  -0.28336382  0.01580482]
  [-0.28103015 -0.16991343  0.27203158]
  [-0.65272605 -0.09504357  0.4409986 ]
  [ 0.26656803 -0.2608999   0.14236195]
  [ 0.2746219  -0.08853106  0.01495314]
  [ 0.36506042 -0.17989223 -0.15983506]
  [ 0.33719242 -0.3134985  -0.14307283]
  [ 0.14479597 -0.39715943 -0.04348721]
  [ 0.29121923 -0.4203566   0.08469912]
  [ 0.3839107  -0.2530266  -0.15200359]
  [ 0.54573125 -0.27840835 -0.10936077]
  [ 0.42735073 -0.3416894  -0.04883684]
  [ 0.4722671  -0.3568309  -0.07851426]
  [ 0.4713149  -0.31304735 -0.03297697]
  [ 0.48864335 -0.31174326 -0.1530437 ]
  [ 0.48568317 -0.23418303 -0.07549511]]]