[[[-0.21183065  0.26897433 -0.33208382]
  [-0.17522697 -0.14796995 -0.34694466]
  [-0.12434152 -0.25167167  0.04488625]
  [ 0.12114435 -0.22645567  0.04647224]
  [ 0.14386389 -0.09897356 -0.3407234 ]
  [ 0.12188768  0.33363715 -0.34548312]
  [-0.4346575  -0.5651947  -0.03842861]
  [-0.33923864 -0.5088932   0.18061751]
  [-0.11303852 -0.647346    0.10079615]
  [ 0.17540249 -0.6197144   0.04679976]
  [ 0.3161136  -0.38268584  0.00815077]
  [ 0.26077506 -0.32492098 -0.22425906]
  [ 0.03225845 -0.69077367  0.06019054]
  [ 0.03760566 -0.88931775  0.07281017]
  [ 0.01442143 -0.8286019  -0.06538326]
  [ 0.05378746 -0.858342   -0.03079581]
  [-0.01058996 -0.8572217  -0.01805305]
  [ 0.10744447 -0.821445    0.0446243 ]
  [-0.03481922 -0.82025397  0.07320622]]]