[[[-0.12509058  0.1911981  -0.38528085]
  [-0.13037825 -0.2174754  -0.3715258 ]
  [-0.12319907 -0.2621099   0.01667753]
  [ 0.10542181 -0.20818132  0.08302292]
  [ 0.28523886 -0.14429604 -0.24806142]
  [ 0.2727301   0.2774255  -0.31473416]
  [-0.51494306 -0.48065943  0.03944368]
  [-0.2822327  -0.56678164  0.07444023]
  [-0.03338218 -0.66272503  0.0357553 ]
  [ 0.23395523 -0.57177466  0.0838286 ]
  [ 0.31639314 -0.31780356  0.11272277]
  [ 0.301528   -0.20053877 -0.10231253]
  [ 0.11907101 -0.6672374   0.04499437]
  [ 0.16512434 -0.8455488   0.07957046]
  [ 0.18067193 -0.80122346 -0.06644785]
  [ 0.21031298 -0.8179315  -0.01676884]
  [ 0.14711034 -0.83213234 -0.02658309]
  [ 0.22344652 -0.7647865   0.06593962]
  [ 0.08453621 -0.7974506   0.044668  ]]]