[[[ 0.0503193   0.19449157 -0.43962663]
  [-0.09826056 -0.1690292  -0.361898  ]
  [-0.11836631 -0.21255574  0.05300232]
  [ 0.11445585 -0.22403568  0.01455848]
  [-0.01523206 -0.1630805  -0.37295628]
  [ 0.07513358  0.23037493 -0.45546034]
  [-0.44598338 -0.23670936  0.33715165]
  [-0.265284   -0.38953286  0.34114546]
  [-0.08830511 -0.5559007   0.2539596 ]
  [ 0.1705434  -0.5524527   0.18384348]
  [ 0.36476922 -0.39362574  0.11214264]
  [ 0.49841776 -0.30840853 -0.06557621]
  [ 0.03993571 -0.6027496   0.21584721]
  [ 0.05101996 -0.79092884  0.24000339]
  [ 0.02049793 -0.73432577  0.10355654]
  [ 0.0619971  -0.76155424  0.13480832]
  [-0.00104535 -0.7631899   0.14917555]
  [ 0.11170826 -0.725582    0.20910242]
  [-0.02164448 -0.72657204  0.23937482]]]