[[[ 0.29338938  0.42723697  0.30249584]
  [ 0.04156272  0.1606731   0.11935273]
  [-0.08302625 -0.22894147  0.09030426]
  [ 0.04863134 -0.24537987 -0.08995486]
  [ 0.04746737  0.15479903  0.00320499]
  [ 0.22010274  0.45508966  0.21965638]
  [-0.30803335 -0.25441     0.07106251]
  [-0.179638   -0.40097433  0.19901651]
  [-0.22119273 -0.6172273   0.06619666]
  [-0.10166305 -0.6197523  -0.17201117]
  [ 0.04626085 -0.40329993 -0.16943665]
  [-0.06115194 -0.21671161 -0.22843923]
  [-0.19853045 -0.67422646 -0.06916936]
  [-0.28724486 -0.859845   -0.11149824]
  [-0.36968434 -0.73404294 -0.0940282 ]
  [-0.35209292 -0.7751336  -0.1339173 ]
  [-0.35574389 -0.78663546 -0.07029189]
  [-0.25947472 -0.7820456  -0.16660386]
  [-0.2688737  -0.8103226  -0.03538683]]]