[[[-0.1019173   0.47657546  0.21467341]
  [-0.1308628   0.13237226 -0.04739736]
  [-0.12142998 -0.2990762   0.01998497]
  [ 0.11274514 -0.28655076  0.00163408]
  [ 0.05262506  0.14325999  0.02393948]
  [ 0.01643404  0.4875659   0.28962696]
  [-0.19340457 -0.40965044 -0.1648616 ]
  [-0.28356123 -0.52486765  0.04538674]
  [-0.14256309 -0.7540202  -0.05161123]
  [ 0.16970135 -0.73563147 -0.08540258]
  [ 0.29400477 -0.4838429  -0.01677479]
  [ 0.24574764 -0.32990193 -0.20971581]
  [ 0.01224228 -0.8154036  -0.1035939 ]
  [-0.00454923 -1.0373793  -0.16413584]
  [-0.09775188 -0.92898273 -0.22823483]
  [-0.05060577 -0.9719282  -0.23768611]
  [-0.08912598 -0.97437555 -0.18270124]
  [ 0.05363819 -0.9589264  -0.21658993]
  [-0.03523186 -0.9689987  -0.09260718]]]