[[[-3.97051424e-02  3.89076918e-01  3.46211851e-01]
  [-1.01927437e-01  1.33639380e-01  1.29904142e-02]
  [-1.25199094e-01 -3.02608103e-01  2.30246596e-02]
  [ 1.15980700e-01 -2.88411081e-01  1.80735078e-04]
  [ 1.37845902e-02  1.24179736e-01 -2.41664015e-02]
  [-2.81304326e-02  4.72725332e-01  2.21406937e-01]
  [-4.47722971e-02 -6.61441386e-01 -2.66983598e-01]
  [-2.04997301e-01 -5.10560691e-01 -1.55934542e-01]
  [-1.46313950e-01 -7.58429885e-01 -7.31978118e-02]
  [ 1.65340751e-01 -7.50366688e-01 -7.57134706e-02]
  [ 2.16741949e-01 -4.87423927e-01 -1.36293471e-01]
  [ 9.96594802e-02 -6.60095394e-01 -2.59140164e-01]
  [ 1.13231875e-02 -8.33195806e-01 -8.24773014e-02]
  [ 7.35060498e-03 -1.06866765e+00 -1.08709104e-01]
  [-9.35573131e-03 -9.70476985e-01 -2.29897082e-01]
  [ 2.89919265e-02 -1.01278543e+00 -1.99260712e-01]
  [-3.72820571e-02 -1.01047349e+00 -1.87731937e-01]
  [ 8.82246569e-02 -9.95274842e-01 -1.12881988e-01]
  [-6.27297089e-02 -9.93106425e-01 -8.55162963e-02]]]