[[[-0.08491648  0.35121077  0.37262562]
  [-0.23255128  0.06902199  0.11864577]
  [-0.0769843  -0.30127853  0.09198485]
  [ 0.06700227 -0.23905759 -0.08222802]
  [-0.02544354  0.14903031  0.0166347 ]
  [ 0.08294603  0.45554855  0.27357203]
  [-0.18390794 -0.32794943  0.23985188]
  [-0.05566148 -0.52705157  0.27543926]
  [-0.0583557  -0.7001341   0.06586485]
  [ 0.06327593 -0.7124775  -0.19332361]
  [ 0.20574409 -0.5246247  -0.324197  ]
  [ 0.03171326 -0.37628105 -0.28127053]
  [-0.02457969 -0.76765513 -0.07591362]
  [-0.07912984 -0.98467445 -0.09344312]
  [-0.14637667 -0.876637   -0.18159455]
  [-0.10548547 -0.9235452  -0.18022892]
  [-0.15334827 -0.917473   -0.1352939 ]
  [-0.01437666 -0.9193288  -0.13857128]
  [-0.11739223 -0.9097318  -0.03864232]]]