[[[ 0.2803883   0.46692428  0.22403966]
  [ 0.0892255   0.16642413  0.05932692]
  [-0.10773227 -0.16912049  0.02802423]
  [ 0.08038148 -0.19123134 -0.06407221]
  [ 0.02235329  0.1597991   0.09369736]
  [-0.00329793  0.49663562  0.2971839 ]
  [-0.33076403 -0.4362809  -0.21862736]
  [-0.32817733 -0.41246986 -0.01078581]
  [-0.16265754 -0.5524251  -0.02296364]
  [-0.14093362 -0.55775857 -0.1486372 ]
  [-0.29553044 -0.42964157 -0.01432179]
  [-0.3037943  -0.58033884  0.13278656]
  [-0.1583862  -0.5870441  -0.09345353]
  [-0.30384555 -0.7026384  -0.14321862]
  [-0.24519715 -0.59159684 -0.2217796 ]
  [-0.24751244 -0.6479279  -0.22234556]
  [-0.29371408 -0.60766286 -0.20376572]
  [-0.21958874 -0.6959052  -0.14806622]
  [-0.3025762  -0.6241822  -0.11091244]]]