[[[-0.05363372  0.544314    0.3115814 ]
  [-0.07417353  0.1971995  -0.00506996]
  [-0.1271975  -0.26225972 -0.00684201]
  [ 0.12120091 -0.2664619   0.03326521]
  [ 0.09262842  0.19249305  0.04721113]
  [ 0.01154837  0.5224316   0.37981284]
  [-0.20705771 -0.16621679 -0.18875773]
  [-0.23882976 -0.41438732 -0.07128425]
  [-0.14570607 -0.6948728  -0.07447736]
  [ 0.15077321 -0.6953342  -0.00216748]
  [ 0.21749523 -0.42140478  0.08487132]
  [ 0.27656767 -0.17328945 -0.00690829]
  [ 0.00742    -0.7702318  -0.06419978]
  [-0.00509985 -0.9916828  -0.10947239]
  [-0.06247882 -0.88273096 -0.20379294]
  [-0.0194268  -0.9289341  -0.19667137]
  [-0.07381547 -0.9259796  -0.15766355]
  [ 0.06974043 -0.92212063 -0.1421282 ]
  [-0.05220831 -0.91853005 -0.0572267 ]]]