[[[ 6.93312064e-02  4.96372044e-01  3.65276873e-01]
  [-1.03089288e-02  1.77536979e-01  7.01619536e-02]
  [-1.25002474e-01 -2.42151543e-01  2.15189904e-02]
  [ 1.12532958e-01 -2.49386713e-01 -3.42308311e-04]
  [ 4.11034636e-02  1.33801520e-01 -1.73496321e-01]
  [ 1.18834205e-01  5.31090438e-01 -3.58327664e-03]
  [-2.16404349e-01 -1.21245551e+00  8.97279605e-02]
  [-1.94691449e-01 -9.52693939e-01  8.17832500e-02]
  [-9.15893763e-02 -7.17871010e-01  1.07795253e-01]
  [ 1.25692189e-01 -7.16245770e-01  6.06512837e-02]
  [ 2.55909204e-01 -8.86908412e-01 -8.48052353e-02]
  [ 2.70716757e-01 -1.11140633e+00 -2.16791004e-01]
  [ 1.17006013e-02 -7.41247594e-01  8.54829252e-02]
  [-4.34274273e-03 -9.11606848e-01  1.54683232e-01]
  [-2.87544169e-02 -9.10578012e-01  6.78487122e-04]
  [ 9.51165147e-03 -9.29204583e-01  4.60221767e-02]
  [-5.39089441e-02 -9.13850605e-01  5.74889258e-02]
  [ 7.12953657e-02 -8.69867802e-01  1.01731658e-01]
  [-6.56042248e-02 -8.37869048e-01  1.26822293e-01]]]