[[[ 0.13045327  0.5753386   0.19426969]
  [ 0.15789258  0.18148483  0.03067951]
  [ 0.00433816 -0.1759074  -0.09690478]
  [ 0.00397608 -0.25806248  0.1182527 ]
  [ 0.14132114  0.11785437  0.21998847]
  [ 0.07737283  0.4823733   0.4451373 ]
  [ 0.15693754 -0.7961782  -0.4739671 ]
  [ 0.06571136 -0.5789644  -0.4383406 ]
  [-0.06442975 -0.5805708  -0.2255637 ]
  [-0.08651816 -0.6457684  -0.00636669]
  [-0.10161286 -0.7427758   0.2258954 ]
  [ 0.01070034 -0.92758423  0.15796557]
  [-0.07001412 -0.64539444 -0.12252706]
  [-0.13996065 -0.80286443 -0.13883196]
  [ 0.00653457 -0.7973483  -0.16551436]
  [-0.03396242 -0.8201168  -0.12971818]
  [-0.04687946 -0.8029273  -0.18990174]
  [-0.0852906  -0.7668762  -0.06887567]
  [-0.11358871 -0.7357965  -0.19587377]]]