[[[ 0.02941146  0.534686    0.23731692]
  [-0.03858326  0.17995608  0.04682865]
  [-0.11430955 -0.21220881 -0.01668319]
  [ 0.10954803 -0.2306623  -0.00130776]
  [ 0.0489968   0.15050462  0.13716055]
  [ 0.0144452   0.47694537  0.38661256]
  [-0.33090064 -0.29609698 -0.11480423]
  [-0.29672042 -0.5166843  -0.03549238]
  [-0.09590103 -0.63808525 -0.13857129]
  [ 0.14165232 -0.5585294  -0.18007877]
  [ 0.17432326 -0.2981269  -0.14606947]
  [ 0.06520765 -0.10759011 -0.2103328 ]
  [ 0.02970217 -0.64279985 -0.19328819]
  [ 0.05837512 -0.799095   -0.31925732]
  [-0.01390066 -0.6716706  -0.356572  ]
  [ 0.03470656 -0.7026622  -0.36703894]
  [-0.02110398 -0.7284293  -0.34841144]
  [ 0.10278042 -0.7164529  -0.29938182]
  [-0.00810527 -0.7722642  -0.2640845 ]]]