[[[-0.25563642  0.5035823   0.1329896 ]
  [-0.12520383  0.14832924 -0.08587804]
  [-0.1124472  -0.28164217 -0.03235077]
  [ 0.11082144 -0.2518543   0.06658989]
  [ 0.13275447  0.1498113  -0.05348417]
  [ 0.0300468   0.49915758  0.19175589]
  [-0.20424145 -0.23312035 -0.14923762]
  [-0.19308217 -0.48366988 -0.09361974]
  [-0.00516198 -0.68060064 -0.14474456]
  [ 0.2621814  -0.6143873  -0.03405817]
  [ 0.30140162 -0.35097027  0.05696914]
  [ 0.31522948 -0.12430561 -0.05875359]
  [ 0.16209579 -0.70476365 -0.11943624]
  [ 0.26675707 -0.88711834 -0.18136056]
  [ 0.3092559  -0.7491155  -0.23528782]
  [ 0.3225031  -0.7945334  -0.19536754]
  [ 0.283898   -0.8038783  -0.24870929]
  [ 0.27429038 -0.8160058  -0.11002637]
  [ 0.18705758 -0.8364897  -0.22573218]]]