[[[ 0.06141235  0.519039    0.14944781]
  [-0.08796468  0.15353951  0.09033982]
  [-0.049966   -0.24954948  0.1097562 ]
  [ 0.01801839 -0.2157601  -0.09903034]
  [-0.01122566  0.17337628  0.00925648]
  [ 0.13560037  0.53199154  0.12475498]
  [-0.2320512  -0.2955498   0.20195834]
  [-0.05673257 -0.45044994  0.19384131]
  [ 0.02909102 -0.6490885   0.10239331]
  [-0.03029948 -0.67238885 -0.11369751]
  [-0.22248596 -0.514448   -0.11157355]
  [-0.4162254  -0.4129501  -0.03365856]
  [ 0.01114799 -0.70942616 -0.00312614]
  [ 0.06284106 -0.8916695   0.0188007 ]
  [-0.08633569 -0.8587656   0.02151995]
  [-0.04449394 -0.88576365 -0.010346  ]
  [-0.041327   -0.8772524   0.05389249]
  [ 0.030212   -0.8388001  -0.054501  ]
  [ 0.03690522 -0.8227996   0.07699829]]]