[[[-0.32747674  0.10902826  0.62011516]
  [-0.07161998 -0.10713094  0.39496353]
  [ 0.08655754 -0.11387523  0.04740473]
  [-0.06591335 -0.25778046 -0.0298351 ]
  [-0.11117845 -0.26475328  0.34961694]
  [-0.38812557 -0.14926636  0.63011104]
  [ 0.21227667 -0.54163605 -0.01995461]
  [ 0.2632674  -0.3566922   0.07926602]
  [ 0.34012374 -0.30460426 -0.11477175]
  [ 0.25461063 -0.41003156 -0.19031532]
  [ 0.05498963 -0.5121236  -0.16685687]
  [ 0.17740054 -0.6463527  -0.09291481]
  [ 0.3180578  -0.36783692 -0.14477494]
  [ 0.42048374 -0.4754627  -0.05877428]
  [ 0.28642833 -0.4288826  -0.02249169]
  [ 0.31131938 -0.47628477 -0.03433935]
  [ 0.33799195 -0.4272358  -0.00522043]
  [ 0.35712102 -0.48445642 -0.11347164]
  [ 0.40540943 -0.39242464 -0.05681583]]]