[[[-0.01128795  0.37242496 -0.48235986]
  [-0.07706332  0.01308684 -0.31995952]
  [-0.10775072 -0.21164858  0.00364197]
  [ 0.10809354 -0.17260194  0.03014192]
  [ 0.12324558 -0.07577251 -0.34905094]
  [ 0.07143011  0.31043682 -0.45122564]
  [-0.21788119 -0.6700598   0.20645185]
  [-0.28212386 -0.47327796  0.20797294]
  [-0.07603268 -0.44511864  0.29412028]
  [ 0.1230591  -0.46091002  0.25862253]
  [ 0.2558158  -0.46849835  0.06046988]
  [ 0.13750714 -0.6205156  -0.01070681]
  [ 0.01774188 -0.47675622  0.29393268]
  [ 0.01315137 -0.6255382   0.3707344 ]
  [-0.02462243 -0.6101773   0.23079589]
  [ 0.01368855 -0.63506246  0.26089865]
  [-0.04508617 -0.62337726  0.27971298]
  [ 0.06956645 -0.58714646  0.31800818]
  [-0.04574254 -0.56447846  0.3513008 ]]]