[[[-0.11076716  0.4644821   0.30144045]
  [-0.21151407  0.1166852   0.07158819]
  [-0.07261194 -0.2868382   0.10464309]
  [ 0.06401158 -0.24278396 -0.08490825]
  [-0.03026242  0.16748892 -0.03921563]
  [ 0.01209275  0.5777426   0.09704564]
  [-0.23795988 -0.2549479   0.20855923]
  [-0.08447108 -0.46078217  0.21001714]
  [-0.01568047 -0.6966159   0.09002616]
  [ 0.07319431 -0.66208524 -0.18532746]
  [ 0.02565839 -0.397039   -0.25157583]
  [-0.13522635 -0.20445532 -0.28640243]
  [ 0.0218625  -0.7531495  -0.05943596]
  [-0.00662391 -0.9753968  -0.07041813]
  [-0.11482227 -0.87559104 -0.11409575]
  [-0.07383812 -0.91802466 -0.13328183]
  [-0.09589476 -0.91596323 -0.07108331]
  [ 0.02680231 -0.9055145  -0.13817161]
  [-0.0215798  -0.9032672  -0.00267611]]]