[[[ 0.64504945 -0.37083167  0.3862422 ]
  [ 0.36088198 -0.29521114  0.1059159 ]
  [ 0.05048175 -0.13263762 -0.07866973]
  [-0.07724204 -0.23881495  0.07976332]
  [ 0.2071273  -0.4480399   0.21921952]
  [ 0.4174498  -0.5768841   0.54925233]
  [ 0.06786121 -0.03290641 -0.466627  ]
  [-0.11164559  0.05164401 -0.36126494]
  [-0.300361   -0.06971513 -0.2494992 ]
  [-0.37888306 -0.19373715 -0.05884865]
  [-0.25134063 -0.14518744  0.15194818]
  [-0.0673892  -0.25716627  0.15300198]
  [-0.37775153 -0.1543767  -0.18255275]
  [-0.54080373 -0.2087512  -0.2695609 ]
  [-0.42311957 -0.29487726 -0.24979745]
  [-0.47719997 -0.28766495 -0.23330009]
  [-0.4553516  -0.26983374 -0.28946745]
  [-0.50416696 -0.21430582 -0.18783686]
  [-0.46359327 -0.17535174 -0.30160496]]]