[[[ 4.3939099e-02  4.2145354e-01  5.3251618e-01]
  [-1.7600975e-04  1.7974563e-01  1.9146998e-01]
  [-7.7088207e-02 -1.3422158e-01 -6.0910933e-02]
  [ 8.2876965e-02 -2.3805223e-01  5.0074771e-02]
  [ 2.2136010e-01  1.1317366e-01  1.8975107e-01]
  [ 3.0870950e-01  3.5171074e-01  5.3042483e-01]
  [-8.9946188e-02 -1.8609108e-01 -2.3409402e-01]
  [-2.5642186e-01 -2.6622272e-01 -1.1127138e-01]
  [-1.6116518e-01 -4.7992298e-01 -1.7420989e-01]
  [ 5.8738187e-02 -5.2253485e-01 -9.9652804e-02]
  [ 1.4153956e-01 -3.1457210e-01  1.9613747e-02]
  [ 8.9927658e-02 -1.7937404e-01 -1.3900582e-01]
  [-5.6541197e-02 -5.4965454e-01 -1.6154400e-01]
  [-9.1479458e-02 -7.0666778e-01 -2.3813257e-01]
  [-4.8841145e-02 -5.9188843e-01 -3.1401551e-01]
  [-3.2598414e-02 -6.4475238e-01 -3.0143583e-01]
  [-9.2237443e-02 -6.2540269e-01 -3.0503851e-01]
  [-1.3770033e-02 -6.6723311e-01 -2.1518698e-01]
  [-1.2942746e-01 -6.3337284e-01 -2.2426796e-01]]]