[[[ 0.06484053  0.44416276  0.10639396]
  [ 0.23846632  0.09557967  0.02829055]
  [ 0.04836937 -0.22597736 -0.08989261]
  [-0.04421806 -0.25633845  0.11416644]
  [ 0.00568984  0.13992877  0.16026132]
  [-0.14120811  0.5193106   0.1752148 ]
  [ 0.2617769  -0.33660665 -0.17726997]
  [ 0.0964913  -0.46992517 -0.2726579 ]
  [ 0.03850409 -0.66192245 -0.11102257]
  [-0.07870342 -0.6266939   0.12534578]
  [-0.17718841 -0.39044815  0.17832863]
  [-0.02950052 -0.2955019   0.31545267]
  [-0.00812275 -0.70488614  0.02061627]
  [-0.02818878 -0.9054116   0.04783417]
  [ 0.09297372 -0.84651655 -0.02100485]
  [ 0.07545362 -0.8790846   0.02558345]
  [ 0.04098814 -0.8742515  -0.0287443 ]
  [ 0.02445769 -0.84154516  0.10246084]
  [-0.04649734 -0.8380189  -0.01262976]]]