[[[-4.0921468e-01  1.9368495e-01  4.6273720e-01]
  [-1.1267961e-01  3.2563433e-02  2.9843301e-01]
  [ 7.4321076e-02 -9.4242610e-02  9.9327387e-03]
  [-4.7852322e-02 -2.6181188e-01  2.5342943e-02]
  [-1.3341716e-01 -2.9697251e-02  2.9794684e-01]
  [-3.6404532e-01  2.0662670e-01  4.9143219e-01]
  [ 1.6005009e-01 -3.9244899e-01  9.5941037e-02]
  [ 2.4990085e-01 -2.4465570e-01  4.6208454e-04]
  [ 2.9497626e-01 -3.7458390e-01 -1.3753822e-01]
  [ 2.2738102e-01 -4.6473765e-01 -1.0236399e-01]
  [ 1.7487651e-01 -4.3742067e-01  1.0039565e-01]
  [ 3.5125834e-01 -4.8148945e-01  7.5174347e-02]
  [ 2.7815855e-01 -4.3642467e-01 -1.1925921e-01]
  [ 3.8220906e-01 -5.4213238e-01 -3.6828477e-02]
  [ 2.6009735e-01 -4.7752202e-01  7.9742670e-03]
  [ 2.7820283e-01 -5.2773374e-01 -1.2106746e-03]
  [ 3.1171891e-01 -4.8054373e-01  2.2237189e-02]
  [ 3.1610665e-01 -5.4503328e-01 -7.9531416e-02]
  [ 3.7621701e-01 -4.5960456e-01 -3.9036080e-02]]]