[[[-0.00320059  0.5351726   0.12570743]
  [-0.12380109  0.16073197  0.04966281]
  [-0.06384306 -0.23422807  0.10363056]
  [ 0.03837235 -0.18392655 -0.09073525]
  [-0.19454706  0.1241652  -0.02918033]
  [-0.168836    0.5058695   0.09993254]
  [-0.03208934 -0.9479436  -0.08077984]
  [-0.09610315 -0.79018366  0.06701845]
  [ 0.0522     -0.6103757   0.06350992]
  [ 0.07312397 -0.62926096 -0.11246577]
  [-0.0875126  -0.80000377 -0.17815739]
  [-0.09040383 -0.9802378  -0.04233118]
  [ 0.07008329 -0.64161825 -0.01568519]
  [ 0.08631537 -0.80588865  0.06070531]
  [-0.03035351 -0.78700656 -0.0310737 ]
  [ 0.01904647 -0.81568366 -0.02774563]
  [-0.01693659 -0.7971997   0.02238241]
  [ 0.10468964 -0.7713243  -0.02251735]
  [ 0.03304791 -0.734762    0.07795535]]]