[[[-0.2785051  -0.40571827  0.7466867 ]
  [-0.0799899  -0.3211701   0.3827809 ]
  [ 0.10279193 -0.17241022  0.06538994]
  [-0.08695477 -0.20590362 -0.06292322]
  [-0.19025758 -0.41835067  0.2624915 ]
  [-0.44240984 -0.45371464  0.604748  ]
  [ 0.11871427 -0.6269034  -0.07621587]
  [ 0.21742722 -0.41715026 -0.02055128]
  [ 0.332255   -0.25141892 -0.16197866]
  [ 0.220554   -0.24535151 -0.3420471 ]
  [ 0.0271613  -0.38891405 -0.37037373]
  [ 0.0833056  -0.60083604 -0.31689858]
  [ 0.30437338 -0.2591398  -0.26507494]
  [ 0.43785653 -0.36340538 -0.33161414]
  [ 0.340837   -0.4006092  -0.22739148]
  [ 0.35780892 -0.41595224 -0.27964142]
  [ 0.3949095  -0.38687828 -0.23717812]
  [ 0.34848845 -0.3587527  -0.35387802]
  [ 0.42470983 -0.3053142  -0.26765814]]]