[[[-9.51840729e-03  4.25550640e-01  4.12321001e-01]
  [-4.52363193e-02  1.73705742e-01  7.99025893e-02]
  [-1.23368159e-01 -2.36163601e-01  2.40275674e-02]
  [ 1.10718168e-01 -2.44447455e-01  4.58452443e-04]
  [ 7.76264593e-02  9.13477242e-02 -1.99203730e-01]
  [ 1.06891595e-01  4.51885551e-01  7.23869819e-03]
  [-8.63772854e-02 -1.15759528e+00 -9.52953845e-02]
  [-1.67026624e-01 -9.22987759e-01 -5.91255203e-02]
  [-7.97706470e-02 -6.97245479e-01 -6.25541853e-03]
  [ 1.28297895e-01 -6.78637862e-01 -7.60719106e-02]
  [ 1.74168050e-01 -8.89402986e-01 -1.91889301e-01]
  [ 1.42010957e-01 -1.13874960e+00 -1.86789349e-01]
  [ 2.86679454e-02 -7.09811270e-01 -4.16649245e-02]
  [ 6.10707626e-02 -8.91294539e-01 -9.64883622e-03]
  [ 2.31796335e-02 -8.60300481e-01 -1.54135823e-01]
  [ 6.77515939e-02 -8.78355682e-01 -1.17683910e-01]
  [ 4.85349819e-03 -8.84749889e-01 -1.01591505e-01]
  [ 1.15905255e-01 -8.20400238e-01 -5.18667139e-02]
  [-1.98182985e-02 -8.35655928e-01 -1.45932902e-02]]]