[[[-0.12953545  0.48600045  0.28806978]
  [-0.17763467  0.15539409 -0.01462012]
  [-0.1256842  -0.2841047   0.0222881 ]
  [ 0.11590738 -0.27567425  0.00415018]
  [ 0.1710522   0.15687194  0.00175314]
  [ 0.26863205  0.48015416  0.3137402 ]
  [-0.23391303 -0.2231564  -0.16457836]
  [-0.231907   -0.45946276 -0.03163652]
  [-0.11710867 -0.72613794 -0.04995721]
  [ 0.1857033  -0.69271433 -0.0459445 ]
  [ 0.24974842 -0.4163387   0.01729956]
  [ 0.2514758  -0.18873931 -0.11804803]
  [ 0.03925956 -0.7847767  -0.07564811]
  [ 0.02586717 -1.0092742  -0.12392122]
  [-0.07743317 -0.9019685  -0.16763167]
  [-0.03534216 -0.9452092  -0.18670678]
  [-0.06008343 -0.9467666  -0.1244718 ]
  [ 0.07055169 -0.9333441  -0.18759596]
  [ 0.01149432 -0.94033855 -0.05002395]]]