[[[-0.06339994  0.5160472   0.33755007]
  [-0.1191135   0.20235482 -0.01532478]
  [-0.13026561 -0.26308617  0.02956408]
  [ 0.12594663 -0.24765864  0.0062996 ]
  [ 0.04738947  0.20250538 -0.05146608]
  [ 0.02445667  0.5976537   0.22348094]
  [-0.2748104  -0.14677306 -0.05561172]
  [-0.23205912 -0.40536115  0.03430203]
  [-0.13880101 -0.6788166  -0.0222481 ]
  [ 0.16377878 -0.67457294 -0.03525013]
  [ 0.24136598 -0.3970336   0.02267759]
  [ 0.25098023 -0.16321078 -0.11616023]
  [ 0.01475005 -0.7505412  -0.05412566]
  [ 0.01301084 -0.969599   -0.07132393]
  [-0.00857546 -0.8830118  -0.19858907]
  [ 0.03065154 -0.92258847 -0.16776049]
  [-0.03490499 -0.920286   -0.15395918]
  [ 0.08855261 -0.89874226 -0.0867186 ]
  [-0.05577307 -0.8954651  -0.05578898]]]