[[[-0.15556155  0.208238    0.73679274]
  [-0.13401014  0.08917009  0.30956343]
  [-0.10936148 -0.16218594 -0.01052399]
  [ 0.10801525 -0.23014557 -0.00183491]
  [ 0.19600792  0.07597397  0.2804913 ]
  [ 0.27569234  0.19287433  0.7058259 ]
  [-0.3890849  -0.23696369 -0.12602182]
  [-0.32649845 -0.35544726  0.07096106]
  [-0.2211312  -0.5021044  -0.12050835]
  [ 0.03345564 -0.5480692  -0.16073164]
  [ 0.20128712 -0.37482452 -0.04400441]
  [ 0.07706781 -0.25839034 -0.19796717]
  [-0.10958214 -0.5743634  -0.17040779]
  [-0.1289066  -0.7427489  -0.17397273]
  [-0.18901916 -0.6734959  -0.29032123]
  [-0.14856693 -0.7137821  -0.2757458 ]
  [-0.20074844 -0.7020784  -0.24010074]
  [-0.07103892 -0.6883785  -0.22920504]
  [-0.17616187 -0.6710599  -0.15647295]]]