[[[-1.17711075e-01  5.25726438e-01  4.53607440e-02]
  [-4.74627167e-02  1.25760466e-01 -1.00823604e-01]
  [-1.12325177e-01 -2.95494974e-01 -3.54588330e-02]
  [ 1.04981385e-01 -2.92895526e-01  6.84816241e-02]
  [ 9.56764370e-02  1.29924625e-01 -2.39710677e-02]
  [-2.08141990e-02  4.19998676e-01  2.77218223e-01]
  [ 1.50175579e-02 -6.87937915e-01 -4.19101447e-01]
  [-2.23189235e-01 -6.88573539e-01 -3.27457428e-01]
  [-1.35790825e-01 -7.88414657e-01 -8.27457011e-02]
  [ 9.23946127e-02 -7.77138054e-01  1.19328305e-01]
  [ 1.19658709e-01 -5.58063269e-01  2.86305964e-01]
  [ 1.46759152e-01 -5.15962422e-01  4.66089584e-02]
  [-7.33601023e-03 -8.40673566e-01  9.00282059e-04]
  [ 1.67881195e-02 -1.06248093e+00 -3.93997282e-02]
  [ 6.41579926e-02 -9.57435131e-01 -1.46781981e-01]
  [ 8.12146962e-02 -1.00021291e+00 -1.01869524e-01]
  [ 1.89779568e-02 -9.99950409e-01 -1.26775384e-01]
  [ 8.36275965e-02 -9.87181246e-01  2.96769105e-03]
  [-5.93176782e-02 -9.89023566e-01 -5.48284240e-02]]]