[[[ 0.00707142  0.5997963   0.17645489]
  [ 0.07794778  0.1970845   0.02988833]
  [-0.0011533  -0.20336667 -0.10032624]
  [ 0.01109167 -0.2496386   0.1227273 ]
  [ 0.14372104  0.15270615  0.16085616]
  [-0.0036625   0.53715146  0.31405315]
  [-0.08853123 -0.20646986 -0.42270267]
  [-0.19704385 -0.3708365  -0.27958935]
  [-0.09862424 -0.5930828  -0.17757209]
  [-0.04508622 -0.6241128   0.08041443]
  [-0.00158834 -0.41146457  0.23631723]
  [ 0.22062287 -0.34098288  0.28899524]
  [-0.06313837 -0.6672188  -0.05968287]
  [-0.1071233  -0.8471845  -0.07683977]
  [ 0.00869814 -0.79643065 -0.15697983]
  [-0.00721018 -0.8353021  -0.11447099]
  [-0.04904945 -0.8122835  -0.15753832]
  [-0.03304946 -0.80934376 -0.02476246]
  [-0.12032042 -0.76529163 -0.11669266]]]