[[[ 0.01391859  0.5404949   0.42797813]
  [-0.07464979  0.19966236  0.14917742]
  [-0.11847777 -0.2076819   0.04135646]
  [ 0.10385834 -0.23527299 -0.03377899]
  [ 0.15439555  0.18752325  0.04754989]
  [ 0.30972546  0.5389577   0.28725275]
  [-0.3198125  -0.19065362  0.1559934 ]
  [-0.19520453 -0.374919    0.2626742 ]
  [-0.1896172  -0.5821885   0.08882927]
  [ 0.03275413 -0.6236994  -0.05960143]
  [ 0.16758811 -0.38989064 -0.02740629]
  [ 0.0400298  -0.22587445 -0.14783847]
  [-0.10505529 -0.66190827 -0.00254307]
  [-0.16805911 -0.84804136 -0.00566921]
  [-0.2504158  -0.7399739  -0.06852633]
  [-0.22051503 -0.7902823  -0.08020011]
  [-0.24445748 -0.77659327 -0.02160957]
  [-0.12393373 -0.79564023 -0.07740864]
  [-0.17585737 -0.771344    0.04399291]]]