[[[-0.43816328  0.07834092  0.71118635]
  [-0.24208881  0.03223123  0.30219674]
  [-0.10182787 -0.16350976 -0.03149037]
  [ 0.11371239 -0.21873568  0.01638717]
  [ 0.07272594  0.0019521   0.3881278 ]
  [ 0.03684645  0.03131905  0.84520096]
  [-0.46697336 -0.28640422 -0.18968914]
  [-0.30578604 -0.36483857 -0.02439765]
  [-0.15524186 -0.502994   -0.19995911]
  [ 0.10613188 -0.53474593 -0.17371388]
  [ 0.21089634 -0.397909    0.0348454 ]
  [ 0.18798201 -0.19839329 -0.08825368]
  [-0.02848715 -0.56628996 -0.22506416]
  [-0.02803473 -0.7234878  -0.20751424]
  [-0.07110038 -0.6880413  -0.34486786]
  [-0.02988851 -0.7185418  -0.3143726 ]
  [-0.08950683 -0.70708483 -0.2914669 ]
  [ 0.03467283 -0.6727419  -0.26302606]
  [-0.08551849 -0.6564385  -0.2146192 ]]]