[[[-0.48279095  0.4336359   0.3333167 ]
  [-0.21198185  0.17207792  0.09437031]
  [-0.05956709 -0.17531708 -0.08156624]
  [ 0.08684804 -0.23518728  0.08540771]
  [-0.04637288  0.10679512  0.30566233]
  [-0.21847624  0.2814743   0.68414235]
  [-0.17920922 -0.30566823 -0.4789529 ]
  [-0.23596059 -0.36511758 -0.25327665]
  [-0.06670095 -0.5634424  -0.20500791]
  [ 0.08087859 -0.6092677   0.007663  ]
  [ 0.05534214 -0.46050513  0.22583705]
  [ 0.1985951  -0.33057374  0.09600762]
  [ 0.01859448 -0.6382035  -0.11581554]
  [-0.05021595 -0.7835196  -0.0942698 ]
  [ 0.06717508 -0.7947078  -0.18710017]
  [ 0.04617818 -0.81174463 -0.13356842]
  [ 0.00744863 -0.7964258  -0.18313712]
  [ 0.03507087 -0.74999297 -0.06248539]
  [-0.04709767 -0.722446   -0.16218999]]]