[[[-0.18291306  0.6409342  -0.00293592]
  [ 0.00225503  0.22638875 -0.04831733]
  [-0.03224924 -0.20129758 -0.09817031]
  [ 0.05192583 -0.24419045  0.11478904]
  [ 0.04394032  0.19012229  0.17857581]
  [-0.08342845  0.55129474  0.43515706]
  [-0.07960811 -0.14524691 -0.34055656]
  [-0.18639858 -0.34032646 -0.21791613]
  [-0.07247655 -0.58412266 -0.17611274]
  [ 0.00604828 -0.6316517   0.07473586]
  [-0.08985677 -0.4225846   0.21963352]
  [ 0.01070558 -0.19959372  0.25879267]
  [-0.01413208 -0.6703159  -0.06628323]
  [-0.04862028 -0.8554078  -0.07982944]
  [ 0.07413772 -0.80972    -0.15151814]
  [ 0.05363928 -0.8444386  -0.1061363 ]
  [ 0.01659688 -0.82840306 -0.15690178]
  [ 0.01741134 -0.8078778  -0.02536164]
  [-0.06001002 -0.77887464 -0.13148974]]]