[[[-2.57293880e-01  6.06076598e-01  2.82819662e-02]
  [-6.42122328e-02  2.12753579e-01 -5.49393930e-02]
  [-4.87758592e-02 -2.10046396e-01 -8.99148807e-02]
  [ 6.97078109e-02 -2.34085590e-01  1.07260309e-01]
  [-8.74320138e-03  1.82811752e-01  1.77661434e-01]
  [-1.70225173e-01  5.25561571e-01  4.22816813e-01]
  [-1.64209485e-01 -3.28299612e-01 -4.00462776e-01]
  [-2.50780523e-01 -4.45611745e-01 -2.04317242e-01]
  [-4.67500016e-02 -6.11820221e-01 -1.60008103e-01]
  [ 5.98527603e-02 -6.32210851e-01  7.69002438e-02]
  [-5.69938943e-02 -4.53037918e-01  2.36672699e-01]
  [ 1.11102782e-01 -2.86395133e-01  2.61195630e-01]
  [ 3.40541936e-02 -6.75935924e-01 -5.61531261e-02]
  [-1.65677187e-03 -8.48110974e-01 -5.29201552e-02]
  [ 1.34924680e-01 -8.22212517e-01 -1.11623779e-01]
  [ 1.05278693e-01 -8.45686793e-01 -6.42055050e-02]
  [ 7.82107562e-02 -8.40061367e-01 -1.22925945e-01]
  [ 5.85734546e-02 -7.92792201e-01  3.08994204e-04]
  [ 5.22915274e-04 -7.83121169e-01 -1.21412091e-01]]]