[[[ 0.05855436  0.5487451   0.34427607]
  [-0.03923617  0.17344072  0.16802399]
  [-0.08221795 -0.23031512  0.09391111]
  [ 0.05397443 -0.20878394 -0.09058286]
  [ 0.04465821  0.19422004  0.02798352]
  [ 0.13807291  0.5864252   0.17387217]
  [-0.2390412  -0.41174632  0.24484739]
  [-0.01983303 -0.44842434  0.3148985 ]
  [-0.07415871 -0.6107908   0.12517957]
  [-0.04591152 -0.6177142  -0.1258017 ]
  [-0.02243131 -0.3663614  -0.1921297 ]
  [-0.2204602  -0.2817579  -0.11178499]
  [-0.08206892 -0.6653435   0.00964204]
  [-0.13025731 -0.84579915  0.06707133]
  [-0.20362724 -0.7246716   0.11504168]
  [-0.21147545 -0.77523386  0.08557959]
  [-0.16470394 -0.7654865   0.12902951]
  [-0.17260219 -0.79188085 -0.00299187]
  [-0.08027935 -0.77453095  0.08872214]]]