[[[-0.11225359  0.531186    0.41756314]
  [-0.09260563  0.2078203   0.11217935]
  [-0.11010522 -0.19052821 -0.02815532]
  [ 0.10951006 -0.24068293  0.0370516 ]
  [ 0.16269654  0.16947742  0.14570603]
  [ 0.2148915   0.49688473  0.4500576 ]
  [-0.39014986 -0.25479338 -0.18932378]
  [-0.33933312 -0.343508    0.02969573]
  [-0.20944732 -0.548098   -0.08551361]
  [ 0.04952182 -0.6121955  -0.05502126]
  [ 0.166242   -0.42133382  0.09307056]
  [ 0.1766303  -0.2782331  -0.09343012]
  [-0.09393203 -0.6302778  -0.10391214]
  [-0.14305274 -0.80494416 -0.1473789 ]
  [-0.1948936  -0.6925874  -0.2309955 ]
  [-0.1629766  -0.7426145  -0.23339681]
  [-0.2070046  -0.73121506 -0.18733591]
  [-0.0740152  -0.75066316 -0.19437909]
  [-0.16874325 -0.7312208  -0.10098295]]]