[[[-0.1199356   0.59618956  0.2660549 ]
  [ 0.01166961  0.22319922  0.05719418]
  [-0.03710609 -0.17870876 -0.09417689]
  [ 0.05090927 -0.25460064  0.10329206]
  [ 0.12339476  0.15601116  0.21302083]
  [ 0.01213193  0.49364343  0.49071896]
  [-0.08847573 -0.10006951 -0.27590045]
  [-0.21659148 -0.27980134 -0.16329528]
  [-0.14792526 -0.53725886 -0.18260616]
  [ 0.00316823 -0.61154306  0.02332669]
  [ 0.07470597 -0.3867296   0.15624887]
  [ 0.25676396 -0.24975969  0.07316371]
  [-0.07189932 -0.6374388  -0.10264242]
  [-0.11663146 -0.8212114  -0.13811782]
  [-0.03276357 -0.74795127 -0.2350895 ]
  [-0.03374819 -0.79464257 -0.19778615]
  [-0.08723237 -0.7698453  -0.2231803 ]
  [-0.03408702 -0.7840787  -0.10328852]
  [-0.14504847 -0.7375265  -0.15765418]]]