[[[-0.45785427  0.18413298  0.63556606]
  [-0.26526657  0.0585306   0.24306643]
  [-0.10625002 -0.20133743 -0.02860683]
  [ 0.11920067 -0.20643085  0.02302206]
  [ 0.03224506  0.12387896  0.29020062]
  [-0.04084545  0.33460182  0.68919295]
  [-0.27702865 -0.29317203 -0.20099942]
  [-0.25859118 -0.37169072  0.02864788]
  [-0.12522496 -0.55051386 -0.12598412]
  [ 0.14425653 -0.5588363  -0.10982972]
  [ 0.22560419 -0.35346836  0.05121054]
  [ 0.11901528 -0.23807482 -0.12450062]
  [ 0.00602981 -0.61209536 -0.14948206]
  [ 0.00490443 -0.78690827 -0.15115   ]
  [-0.04596861 -0.72676903 -0.27798966]
  [-0.00288026 -0.76208055 -0.25588056]
  [-0.06107929 -0.7547702  -0.2275357 ]
  [ 0.06650138 -0.7271659  -0.20013064]
  [-0.05195785 -0.717784   -0.14176287]]]