[[[-0.38218516  0.47143915  0.00800031]
  [-0.1955339   0.10276344 -0.10549353]
  [-0.10752803 -0.29415897 -0.02616216]
  [ 0.1098234  -0.2542201   0.06413086]
  [ 0.1195934   0.13279732 -0.07479724]
  [ 0.06174828  0.5034476   0.13922235]
  [ 0.16707866 -0.5264928  -0.4009034 ]
  [-0.05387468 -0.46785688 -0.30324623]
  [-0.03888526 -0.6878481  -0.15831645]
  [ 0.19709665 -0.70281017  0.01210254]
  [ 0.31126028 -0.47505426  0.08762704]
  [ 0.29540235 -0.53517723 -0.1456603 ]
  [ 0.08983579 -0.75390005 -0.09145782]
  [ 0.12422389 -0.9587266  -0.13293172]
  [ 0.19545126 -0.8528294  -0.2209079 ]
  [ 0.2019946  -0.8950854  -0.17528471]
  [ 0.14966916 -0.8959036  -0.21626902]
  [ 0.17408174 -0.8857027  -0.07761258]
  [ 0.05669627 -0.888457   -0.16959009]]]