[[[-9.08323377e-02  3.31480503e-01  9.76119861e-02]
  [ 7.20028132e-02  1.09173447e-01 -2.28852719e-01]
  [-1.20463520e-01 -2.42376626e-01 -3.72861549e-02]
  [ 8.41524228e-02 -2.96530932e-01  9.66539010e-02]
  [ 3.40657651e-01 -6.37804419e-02 -1.21741682e-01]
  [ 4.83843982e-01  3.14491928e-01  7.00211823e-02]
  [ 2.90398747e-01 -7.99057722e-01 -3.43766868e-01]
  [ 2.76389401e-02 -7.75510788e-01 -3.74563992e-01]
  [-8.43637213e-02 -7.42470145e-01 -1.26390934e-01]
  [ 1.02601774e-01 -6.74868882e-01  8.59988034e-02]
  [ 2.48316884e-01 -4.38549310e-01  1.10794216e-01]
  [ 4.01227176e-01 -5.22123694e-01 -7.11835176e-02]
  [ 1.39576131e-02 -7.59373844e-01 -2.62298435e-02]
  [ 5.32941818e-02 -9.68019366e-01 -5.94605915e-02]
  [ 1.24949902e-01 -8.59823525e-01 -1.43985420e-01]
  [ 1.30689383e-01 -9.01949286e-01 -9.82868597e-02]
  [ 7.96792507e-02 -9.03753996e-01 -1.41299546e-01]
  [ 9.86426920e-02 -8.93802524e-01 -4.07081097e-04]
  [-1.67462602e-02 -8.99081111e-01 -9.77701694e-02]]]