[[[ 0.0572334   0.5221998   0.30879092]
  [ 0.0085441   0.20146452  0.0456371 ]
  [-0.09571046 -0.18863001 -0.05088915]
  [ 0.09401552 -0.24583824  0.05521481]
  [ 0.1844635   0.14940406  0.09529654]
  [ 0.25727984  0.45257336  0.38327643]
  [-0.43518093 -0.49145445 -0.421084  ]
  [-0.35180783 -0.53065586 -0.20422323]
  [-0.12188941 -0.6134705  -0.13616198]
  [ 0.09310296 -0.6067045  -0.01857422]
  [ 0.18424788 -0.43064904  0.144984  ]
  [ 0.3303443  -0.2555591   0.1168837 ]
  [-0.00581117 -0.65062237 -0.10168698]
  [-0.01612312 -0.8256469  -0.1185104 ]
  [ 0.01598172 -0.75016344 -0.24384618]
  [ 0.03689877 -0.7900682  -0.20601124]
  [-0.02553328 -0.77966005 -0.21404934]
  [ 0.06211595 -0.76917034 -0.11565109]
  [-0.06803833 -0.75158286 -0.13389549]]]