[[[-0.33236042  0.32479227  0.6037716 ]
  [-0.1956945   0.12968542  0.22716582]
  [-0.10431486 -0.17395559 -0.03286537]
  [ 0.11248473 -0.22147202  0.02545793]
  [ 0.11660966  0.12111367  0.27954602]
  [ 0.12345365  0.33050042  0.6775398 ]
  [-0.3225113  -0.18513593 -0.17324713]
  [-0.2656127  -0.3258801   0.01191484]
  [-0.1640575  -0.50696415 -0.15217866]
  [ 0.09400027 -0.54555845 -0.13268027]
  [ 0.16942285 -0.37844282  0.05980803]
  [ 0.10606763 -0.19311467 -0.06575526]
  [-0.04227579 -0.57868093 -0.178788  ]
  [-0.05840994 -0.75045025 -0.19502059]
  [-0.09646457 -0.67487204 -0.31657633]
  [-0.05869153 -0.7157943  -0.29699233]
  [-0.11684464 -0.70565945 -0.2708103 ]
  [ 0.00914722 -0.6939288  -0.23489656]
  [-0.10882883 -0.678888   -0.18258058]]]