[[[-0.12512863  0.51187     0.45835668]
  [-0.08283801  0.19691269  0.1603517 ]
  [-0.08160836 -0.15456158 -0.06086238]
  [ 0.09179283 -0.24918023  0.06257083]
  [ 0.14136621  0.08762095  0.29981595]
  [ 0.13989224  0.30558807  0.684607  ]
  [-0.3262132  -0.24849269 -0.36091825]
  [-0.33253932 -0.3069226  -0.13579589]
  [-0.1744231  -0.49914378 -0.20398177]
  [ 0.04473184 -0.5815368  -0.102493  ]
  [ 0.16306506 -0.41212487  0.05829405]
  [ 0.25190496 -0.30988175 -0.12594588]
  [-0.06900349 -0.5837216  -0.18730433]
  [-0.11525187 -0.74584657 -0.24152654]
  [-0.06822636 -0.65104955 -0.34680146]
  [-0.05512419 -0.70204246 -0.32131323]
  [-0.11482691 -0.67843163 -0.3250356 ]
  [-0.02830189 -0.708163   -0.22992572]
  [-0.15037605 -0.6631169  -0.23916958]]]