[[[ 0.0245152   0.451508    0.19179146]
  [-0.18582533  0.13075405  0.00491684]
  [-0.09733835 -0.27836007  0.0990376 ]
  [ 0.09223232 -0.27294216 -0.05634395]
  [-0.06442349  0.10416894 -0.1610298 ]
  [ 0.05909298  0.50704753 -0.06209827]
  [-0.29532027 -0.6480791  -0.10273311]
  [-0.27667403 -0.50346917  0.09424897]
  [-0.13912383 -0.7267472   0.06286795]
  [ 0.06279682 -0.74719363 -0.13553846]
  [-0.04803406 -0.63085735 -0.3465947 ]
  [-0.26002395 -0.71918833 -0.24755922]
  [-0.03457221 -0.7896243  -0.04059799]
  [-0.06241615 -1.0006833  -0.08148782]
  [-0.04639338 -0.8975919  -0.1975366 ]
  [-0.01844519 -0.9425753  -0.16388103]
  [-0.0850786  -0.9359854  -0.16702639]
  [ 0.01711103 -0.93579394 -0.06800915]
  [-0.13259661 -0.9210947  -0.07104596]]]