[[[-0.08935834  0.3542366   0.622247  ]
  [-0.06123032  0.13649015  0.255581  ]
  [-0.08646519 -0.13653068 -0.05034429]
  [ 0.09800211 -0.23300284  0.0395185 ]
  [ 0.15107216  0.09949218  0.27254355]
  [ 0.2108593   0.3277005   0.6349369 ]
  [-0.12276162 -0.12705596 -0.25919724]
  [-0.26019725 -0.22384354 -0.10379993]
  [-0.18440653 -0.43452725 -0.21354203]
  [ 0.04043462 -0.517671   -0.18423739]
  [ 0.18504912 -0.33953524 -0.06640144]
  [ 0.21988547 -0.23028253 -0.2566343 ]
  [-0.08916376 -0.5150788  -0.23339711]
  [-0.15281536 -0.65793866 -0.31414792]
  [-0.17485821 -0.524776   -0.3719922 ]
  [-0.15197933 -0.575745   -0.3854854 ]
  [-0.19982292 -0.5673752  -0.34437737]
  [-0.07697577 -0.60903203 -0.33869955]
  [-0.17436203 -0.59415895 -0.2619997 ]]]