[[[-2.2230716e-02  5.7678074e-01  2.0591666e-01]
  [-7.0308894e-02  1.6794118e-01  1.3654310e-01]
  [-5.1278830e-02 -2.4182829e-01  1.1360891e-01]
  [ 2.4414083e-02 -2.0632656e-01 -9.7919531e-02]
  [-6.5042973e-02  1.8757483e-01 -3.1576220e-02]
  [-2.1516077e-02  6.0322320e-01  2.5177291e-02]
  [-2.4982479e-01 -3.4573549e-01  2.8826031e-01]
  [-2.6572239e-02 -3.9284924e-01  2.5739652e-01]
  [ 2.5943795e-02 -6.0150349e-01  1.3403407e-01]
  [ 3.3359587e-02 -6.6802269e-01 -9.3732990e-02]
  [-6.5637074e-02 -6.8002653e-01 -3.2644042e-01]
  [-2.8339985e-01 -7.4039972e-01 -2.8880379e-01]
  [ 2.1194609e-02 -6.7630154e-01  2.8661836e-02]
  [ 7.5755240e-03 -8.5693073e-01  8.1680715e-02]
  [-1.1996428e-01 -7.8081858e-01  5.5178776e-02]
  [-8.7658376e-02 -8.2656801e-01  3.5953775e-02]
  [-8.5586563e-02 -8.0408680e-01  9.6637920e-02]
  [ 1.6420428e-04 -8.1741911e-01 -4.5748353e-03]
  [ 2.0380905e-03 -7.7345687e-01  1.2018743e-01]]]