[[[-0.09692962  0.38510585 -0.15006582]
  [-0.15496008 -0.0185234  -0.3473834 ]
  [-0.13393652 -0.2616399   0.01893698]
  [ 0.11451217 -0.2750144   0.07353485]
  [ 0.3010593  -0.03278465 -0.24465275]
  [ 0.18118891  0.391532   -0.10439336]
  [-0.12287546 -0.20863992 -0.16981985]
  [-0.2513457  -0.39685133 -0.00582597]
  [-0.18468025 -0.68195033  0.06246287]
  [ 0.1300238  -0.6875012   0.11250159]
  [ 0.22195038 -0.40353236  0.09797171]
  [ 0.18049088 -0.22764662 -0.11198649]
  [-0.02883241 -0.762944    0.08113603]
  [-0.04831256 -0.9890048   0.06718313]
  [-0.09568191 -0.8907781  -0.04274224]
  [-0.05506034 -0.93579847 -0.02710107]
  [-0.11160639 -0.9269813   0.00800803]
  [ 0.03209732 -0.9253297   0.03197159]
  [-0.09807908 -0.90818787  0.10975057]]]