[[[-0.19737983  0.5009127   0.18595731]
  [-0.22502297  0.1281586  -0.00545726]
  [-0.10324629 -0.24397409  0.06549685]
  [ 0.10190003 -0.2237365  -0.04950858]
  [-0.01491833  0.15173684 -0.14795211]
  [-0.01163456  0.53957945  0.02597795]
  [-0.33286303 -0.09252559  0.03223751]
  [-0.25154373 -0.31246778  0.1101518 ]
  [-0.19607092 -0.55151767 -0.00147667]
  [-0.0311594  -0.58446527 -0.21226725]
  [ 0.04195678 -0.3468735  -0.3222289 ]
  [-0.04064383 -0.12823725 -0.38452503]
  [-0.14235733 -0.62407315 -0.11734743]
  [-0.2570335  -0.7993671  -0.1443233 ]
  [-0.30796543 -0.6604737  -0.15812075]
  [-0.2984671  -0.71069616 -0.18824092]
  [-0.30773044 -0.7087738  -0.1244153 ]
  [-0.2082047  -0.74423695 -0.20922709]
  [-0.2319069  -0.74250096 -0.07723023]]]