[[[-0.04508928  0.37608266  0.619088  ]
  [-0.03619718  0.15642864  0.24430892]
  [-0.09408134 -0.13957252 -0.03683506]
  [ 0.0957942  -0.24449442  0.02846981]
  [ 0.20568764  0.0920118   0.24593288]
  [ 0.29798296  0.31685892  0.6116176 ]
  [-0.22416367 -0.08649591 -0.20956592]
  [-0.2961743  -0.23105823 -0.03958938]
  [-0.22853456 -0.4405817  -0.17235908]
  [ 0.00738061 -0.5291088  -0.15781662]
  [ 0.16264509 -0.35017505 -0.04502257]
  [ 0.1881071  -0.22819504 -0.23435174]
  [-0.1293025  -0.52949667 -0.19909781]
  [-0.18447454 -0.68615884 -0.2576745 ]
  [-0.21595989 -0.5670897  -0.3367324 ]
  [-0.18901059 -0.6182137  -0.34059834]
  [-0.23747891 -0.6066691  -0.3010164 ]
  [-0.11141139 -0.6358645  -0.29089195]
  [-0.21101847 -0.61615825 -0.2146258 ]]]