[[[-0.0943239   0.56067306  0.16096827]
  [-0.02853603  0.14825137  0.1561944 ]
  [ 0.08780105 -0.2440918   0.07698474]
  [-0.10247838 -0.23276816 -0.03976683]
  [-0.11961811  0.16810226  0.06574006]
  [-0.08112024  0.5864217   0.00842745]
  [-0.02043225 -0.21561223  0.28358144]
  [ 0.0969835  -0.40289685  0.17843175]
  [ 0.08275744 -0.6419221   0.08255646]
  [-0.08394932 -0.6353549  -0.10786378]
  [-0.08636749 -0.37917483 -0.1440621 ]
  [-0.15529297 -0.17535247 -0.04430886]
  [-0.00385279 -0.70321536 -0.00601354]
  [ 0.00191945 -0.9101406   0.0175598 ]
  [-0.03670828 -0.81262547  0.12554544]
  [-0.05740865 -0.85745746  0.09133395]
  [ 0.00549708 -0.8493773   0.10529818]
  [-0.07097556 -0.8511535  -0.00640902]
  [ 0.05698767 -0.836503    0.02564897]]]