[[[-0.15374699  0.6249447   0.11574155]
  [-0.10819901  0.18979418 -0.0753381 ]
  [-0.13082162 -0.2529926   0.02614057]
  [ 0.12424072 -0.25204834  0.00271096]
  [ 0.08519776  0.20343125  0.03813403]
  [ 0.09992361  0.5893634   0.32391584]
  [-0.23798218 -0.15813889  0.12730938]
  [-0.21873763 -0.4331698   0.11462406]
  [-0.15830138 -0.67245173 -0.03722517]
  [ 0.12899736 -0.66108525 -0.11448509]
  [ 0.22156598 -0.39098284 -0.04968981]
  [ 0.20790808 -0.12475395 -0.10247888]
  [-0.02327325 -0.72696817 -0.11763573]
  [-0.0648931  -0.91103184 -0.23646191]
  [-0.0923836  -0.7679701  -0.28641212]
  [-0.05691778 -0.81879246 -0.2931774 ]
  [-0.11687495 -0.8210324  -0.26414895]
  [ 0.0175896  -0.84850985 -0.23005256]
  [-0.11334755 -0.8547101  -0.16805376]]]