[[[-0.07397532  0.10651762  0.6728186 ]
  [-0.10810926  0.10992426  0.2301864 ]
  [-0.12748265 -0.28578082  0.01676766]
  [ 0.12182532 -0.266204   -0.0037843 ]
  [ 0.02279184  0.15235151 -0.04161473]
  [-0.05166492  0.44044113  0.28509194]
  [-0.6771537  -0.7449482  -0.10908038]
  [-0.40914282 -0.7410954  -0.09764422]
  [-0.12397891 -0.74028695 -0.10774112]
  [ 0.16924113 -0.7358352  -0.11420017]
  [ 0.44600564 -0.7307119  -0.08381209]
  [ 0.70864284 -0.76537603 -0.12978564]
  [ 0.0259765  -0.78653026 -0.13918538]
  [ 0.03856027 -1.0047553  -0.19484738]
  [ 0.04943052 -0.8985187  -0.3115673 ]
  [ 0.08073626 -0.9412059  -0.27420992]
  [ 0.01385693 -0.94412374 -0.2826665 ]
  [ 0.1079403  -0.9289095  -0.1742091 ]
  [-0.04152967 -0.9365355  -0.18946289]]]