[[[-7.26205111e-02  5.43219328e-01  3.44532371e-01]
  [-1.16906300e-01  1.93716556e-01  2.79119611e-02]
  [-1.31913155e-01 -2.67207444e-01  2.51695868e-02]
  [ 1.23659402e-01 -2.63885081e-01  4.38094838e-04]
  [ 1.18281126e-01  1.91440865e-01  3.41711752e-03]
  [ 1.64611503e-01  5.70142686e-01  2.92745590e-01]
  [-2.59040803e-01 -1.74691841e-01 -1.07544400e-01]
  [-2.32577682e-01 -4.19200838e-01  2.06074305e-02]
  [-1.52054980e-01 -6.99409127e-01 -1.00626936e-02]
  [ 1.49155974e-01 -6.97708368e-01 -5.32428138e-02]
  [ 2.20101207e-01 -4.12285894e-01 -4.23142388e-02]
  [ 1.81917191e-01 -1.93364277e-01 -1.99703977e-01]
  [-1.98568683e-03 -7.75465906e-01 -5.32961860e-02]
  [-1.18128862e-02 -1.00172150e+00 -7.54148811e-02]
  [-2.99327336e-02 -9.08942044e-01 -2.01145470e-01]
  [ 8.05563293e-03 -9.50802326e-01 -1.70943260e-01]
  [-5.79596795e-02 -9.47124004e-01 -1.57858431e-01]
  [ 6.62846416e-02 -9.31586564e-01 -8.71513039e-02]
  [-7.91227967e-02 -9.24973488e-01 -5.70784472e-02]]]