[[[-0.11264385  0.47434875  0.36138427]
  [-0.15551841  0.10254733  0.17027092]
  [-0.04920946 -0.29338998  0.10562921]
  [ 0.02966085 -0.22537468 -0.09899782]
  [ 0.00158587  0.17041253  0.02295798]
  [ 0.0513369   0.5690225   0.15711682]
  [-0.09492242 -0.25414953  0.25572827]
  [ 0.00833528 -0.47330785  0.18980432]
  [-0.0024085  -0.69232494  0.04437957]
  [-0.00210986 -0.64932585 -0.22693262]
  [ 0.02498689 -0.38260573 -0.25312692]
  [-0.01418902 -0.14015405 -0.23831497]
  [-0.0222614  -0.73929    -0.10016393]
  [-0.0337716  -0.9539272  -0.09762725]
  [-0.16279517 -0.87236893 -0.07811619]
  [-0.13279554 -0.9111005  -0.11580851]
  [-0.11907081 -0.9064698  -0.05155674]
  [-0.05246267 -0.88709116 -0.17238657]
  [-0.02429893 -0.8800528  -0.03470868]]]