[[[ 0.00782334  0.53333354  0.31753471]
  [-0.09503876  0.15412508  0.12863845]
  [-0.08546494 -0.27364427  0.09657373]
  [ 0.06697836 -0.24490678 -0.0820034 ]
  [ 0.01855339  0.17466076 -0.04007654]
  [ 0.07253845  0.59656674  0.06639299]
  [-0.28141662 -0.25156146  0.2823659 ]
  [-0.11918869 -0.4425829   0.22829422]
  [-0.06210131 -0.6797319   0.10606554]
  [ 0.06056741 -0.67718375 -0.14924385]
  [ 0.09430433 -0.41675326 -0.23433597]
  [ 0.03126141 -0.1919554  -0.33135644]
  [-0.01683569 -0.7501355  -0.0298701 ]
  [-0.04366273 -0.96823555 -0.02274281]
  [-0.15999724 -0.87743527 -0.0660622 ]
  [-0.11925654 -0.9203594  -0.08489314]
  [-0.13544138 -0.9126581  -0.02135384]
  [-0.02016278 -0.90536755 -0.09979129]
  [-0.05606543 -0.8905304   0.03713174]]]