[[[-0.01297726  0.25005624  0.5035078 ]
  [-0.12870507  0.15061966  0.08974583]
  [-0.12653048 -0.30437538  0.03173226]
  [ 0.12029822 -0.26925132 -0.01248684]
  [-0.00291652  0.15580031  0.01244352]
  [-0.02161478  0.44030294  0.35813022]
  [-0.11868001 -0.18918282 -0.23863009]
  [-0.19194254 -0.43630248 -0.15002702]
  [-0.11357039 -0.71547824 -0.15591826]
  [ 0.19620164 -0.6661708  -0.17736086]
  [ 0.19807392 -0.372981   -0.15790279]
  [ 0.09024935 -0.1394554  -0.23968175]
  [ 0.05231328 -0.77449393 -0.19118685]
  [ 0.06348899 -1.0082413  -0.24224082]
  [ 0.02120612 -0.90155077 -0.3502047 ]
  [ 0.06683603 -0.9435523  -0.33018738]
  [ 0.00270144 -0.94763213 -0.3084321 ]
  [ 0.1372759  -0.9287017  -0.25157326]
  [-0.00696981 -0.94077706 -0.20185117]]]