[[[ 0.25869524  0.41290233  0.3258577 ]
  [ 0.14244816  0.0275296   0.31754687]
  [ 0.09300715 -0.24650124  0.02504729]
  [-0.1112128  -0.17556325 -0.0024694 ]
  [-0.0282763   0.05221686  0.3218823 ]
  [ 0.11014166  0.4323223   0.34260356]
  [-0.22025967 -0.58064544  0.15902601]
  [-0.01417887 -0.5630584   0.05608021]
  [-0.0188151  -0.588654   -0.17416015]
  [-0.16482204 -0.49249467 -0.2502182 ]
  [-0.22609177 -0.28094977 -0.17324242]
  [-0.4402228  -0.25919154 -0.14501528]
  [-0.10278007 -0.57668114 -0.22891802]
  [-0.15784848 -0.7174839  -0.32821232]
  [-0.19386259 -0.70271593 -0.18421808]
  [-0.21670729 -0.7025218  -0.23782486]
  [-0.16519019 -0.73608166 -0.22165737]
  [-0.1921911  -0.6390634  -0.30178794]
  [-0.09089157 -0.70528996 -0.2700277 ]]]