[[[-0.10717541  0.53593725  0.2825191 ]
  [-0.13941076  0.1956167  -0.02564556]
  [-0.12426624 -0.24767157  0.03215009]
  [ 0.11770944 -0.24199155 -0.00749228]
  [ 0.09081866  0.20143414 -0.0267858 ]
  [ 0.15875919  0.62459284  0.16615728]
  [-0.41032386 -0.18605062 -0.10783023]
  [-0.27913478 -0.3751001   0.02899354]
  [-0.16454327 -0.6359581   0.01371825]
  [ 0.11484355 -0.6618603  -0.05624313]
  [ 0.2297973  -0.40364027 -0.08696425]
  [ 0.22190484 -0.20314646 -0.25657833]
  [-0.03395451 -0.7186054  -0.03661773]
  [-0.06313679 -0.92968005 -0.04099191]
  [-0.10235386 -0.84573025 -0.16201758]
  [-0.06294517 -0.8888342  -0.14023513]
  [-0.12169124 -0.87796634 -0.11219654]
  [ 0.01173628 -0.8712628  -0.07639255]
  [-0.11519821 -0.8496276  -0.01632918]]]