[[[-0.12826762  0.24633303  0.60432225]
  [-0.13848376  0.13412741  0.17538035]
  [-0.12400986 -0.28155348  0.0184266 ]
  [ 0.11760439 -0.25461498 -0.00470171]
  [ 0.04569732  0.16821465  0.02534116]
  [ 0.00512601  0.54009396  0.26738185]
  [-0.26896107 -1.0883485  -0.28498134]
  [-0.3351034  -0.8542918  -0.18549524]
  [-0.10256162 -0.74741685 -0.08156283]
  [ 0.17533433 -0.73082805 -0.0987389 ]
  [ 0.4288864  -0.7801671  -0.18957491]
  [ 0.44542113 -1.0184455  -0.2890815 ]
  [ 0.03689225 -0.7799327  -0.10430774]
  [ 0.02882478 -0.9911604  -0.13086738]
  [ 0.0446687  -0.9082244  -0.26369682]
  [ 0.07332628 -0.94703305 -0.22166482]
  [ 0.00625709 -0.94327974 -0.22654551]
  [ 0.10788485 -0.9223338  -0.12610817]
  [-0.04217133 -0.9143691  -0.13472283]]]