[[[ 0.07732914  0.55658156  0.02789618]
  [ 0.12224408  0.15739277  0.06942253]
  [ 0.09700733 -0.23512179 -0.03123117]
  [-0.09216242 -0.22261097  0.07298744]
  [-0.00479866  0.17343764  0.08909382]
  [-0.07653799  0.5554799  -0.03967695]
  [-0.02064141 -0.95492965  0.20605627]
  [ 0.14683938 -0.80151254  0.13475853]
  [ 0.03338095 -0.6796146  -0.02900717]
  [-0.13730186 -0.66808224  0.04846145]
  [-0.23091444 -0.8260034   0.19768462]
  [-0.19604416 -1.0435357   0.1308238 ]
  [-0.04886506 -0.6970103   0.01103865]
  [-0.10992726 -0.86789834  0.01488846]
  [ 0.03501081 -0.8390207  -0.00774488]
  [-0.00221173 -0.8701862   0.02565326]
  [-0.01806602 -0.8487349  -0.0328808 ]
  [-0.06452097 -0.83000696  0.09357405]
  [-0.09450088 -0.79123783 -0.03214753]]]