[[[-0.16880591  0.3560915  -0.16073254]
  [-0.26820055 -0.04492398 -0.29302353]
  [-0.1255708  -0.25024107  0.02353304]
  [ 0.11282694 -0.26404092  0.06230906]
  [ 0.33432296 -0.05751307 -0.21391892]
  [ 0.24469328  0.37621218 -0.15799052]
  [-0.19358785 -0.8592315   0.19467482]
  [-0.43136588 -0.766485    0.19380443]
  [-0.16816467 -0.6757398   0.21964005]
  [ 0.10494268 -0.67864156  0.23250455]
  [ 0.35099575 -0.78729486  0.17622373]
  [ 0.10708739 -0.8261419   0.21793403]
  [-0.03363967 -0.7141614   0.22043836]
  [-0.043159   -0.9288044   0.19198237]
  [-0.08267383 -0.8253613   0.08740938]
  [-0.0432102  -0.86891866  0.10233597]
  [-0.10213496 -0.8661057   0.13116086]
  [ 0.03281792 -0.8611193   0.17118034]
  [-0.09930239 -0.8572616   0.23445387]]]