[[[-0.33248425  0.31631488  0.56925976]
  [-0.11839246  0.13530055  0.23584789]
  [-0.03022351 -0.13133657 -0.08537718]
  [ 0.06144512 -0.24718621  0.08221856]
  [-0.02912864  0.08932408  0.3190425 ]
  [-0.20095988  0.29911432  0.6664684 ]
  [ 0.16086237 -0.06375322 -0.22115271]
  [-0.0227985  -0.21912366 -0.24683714]
  [-0.012392   -0.4765787  -0.26496464]
  [ 0.09460141 -0.538565   -0.05136152]
  [ 0.06152687 -0.3381378   0.1155187 ]
  [ 0.1390169  -0.11987166  0.16519487]
  [ 0.05001807 -0.5606278  -0.18652947]
  [ 0.06673409 -0.73388296 -0.22327344]
  [ 0.01726638 -0.6380877  -0.32031485]
  [ 0.05680485 -0.6800145  -0.31415373]
  [ 0.00246946 -0.6777874  -0.2810511 ]
  [ 0.13042262 -0.6693487  -0.2540907 ]
  [ 0.01869167 -0.67012143 -0.19396168]]]