[[[-0.24575563  0.5496364   0.24352369]
  [-0.17809948  0.1612331   0.02613848]
  [-0.11922574 -0.27148303  0.0191726 ]
  [ 0.11708739 -0.23480049 -0.00759701]
  [ 0.05318247  0.19395705 -0.01587756]
  [ 0.05126286  0.615259    0.15282398]
  [-0.28046274 -0.23292679 -0.02131537]
  [-0.1862979  -0.42486647  0.12485363]
  [-0.09123528 -0.67279375  0.04220004]
  [ 0.17657636 -0.6637361  -0.05126171]
  [ 0.2530452  -0.39371997 -0.05988375]
  [ 0.17009814 -0.19288151 -0.19413139]
  [ 0.03945587 -0.7396102  -0.02313173]
  [ 0.02224449 -0.9533028  -0.01941267]
  [-0.01688342 -0.8786552  -0.14872733]
  [ 0.02397344 -0.9182359  -0.1226583 ]
  [-0.03659087 -0.90871954 -0.09761207]
  [ 0.09542621 -0.8924259  -0.05679139]
  [-0.03469286 -0.87471586 -0.00275795]]]