[[[-8.51590261e-02  5.68624794e-01  2.04914078e-01]
  [-1.11769415e-01  1.70676917e-01 -4.12289761e-02]
  [-1.31511927e-01 -2.75642663e-01  2.28087418e-02]
  [ 1.23379499e-01 -2.71092534e-01  4.95210232e-04]
  [ 1.11019723e-01  1.76060349e-01  1.23774447e-01]
  [ 1.59662709e-01  2.99874574e-01  5.79205573e-01]
  [-2.04652518e-01 -1.45856261e-01 -1.72211632e-01]
  [-2.31747985e-01 -4.04757261e-01 -6.89266473e-02]
  [-1.72310740e-01 -6.94072008e-01 -9.09722596e-02]
  [ 1.34628907e-01 -6.85907423e-01 -1.44858763e-01]
  [ 1.57177627e-01 -3.91009927e-01 -1.44698888e-01]
  [ 5.83651662e-02 -1.52838796e-01 -2.43305087e-01]
  [-2.00622641e-02 -7.70687222e-01 -1.42179728e-01]
  [-3.24317329e-02 -9.99239922e-01 -1.85041562e-01]
  [-8.29554722e-02 -8.93823147e-01 -2.89756060e-01]
  [-3.83385420e-02 -9.38013136e-01 -2.75331557e-01]
  [-9.83411595e-02 -9.37012553e-01 -2.44292602e-01]
  [ 4.26149294e-02 -9.25814331e-01 -2.09092125e-01]
  [-9.07747447e-02 -9.25841153e-01 -1.39636308e-01]]]