[[[-0.13043968  0.52333635  0.26533324]
  [-0.06050603  0.18910575 -0.03821852]
  [-0.11520252 -0.25720018 -0.04150204]
  [ 0.10882284 -0.2813214   0.06934682]
  [ 0.17226852  0.15188697 -0.02658216]
  [ 0.05830944  0.45799255  0.29118568]
  [-0.19697604 -0.15954041 -0.16638853]
  [-0.24582075 -0.41983485 -0.12493242]
  [-0.12459739 -0.68113995 -0.15523577]
  [ 0.11728987 -0.7122185   0.01886031]
  [ 0.1402061  -0.47912085  0.18627441]
  [ 0.24253729 -0.23931995  0.15796281]
  [ 0.02172282 -0.76203305 -0.10353102]
  [ 0.12285998 -0.94914526 -0.19467352]
  [ 0.15686026 -0.80165476 -0.22415894]
  [ 0.17315048 -0.85373056 -0.19300625]
  [ 0.13276419 -0.85529375 -0.24603862]
  [ 0.12909424 -0.8912058  -0.11003196]
  [ 0.03807335 -0.8962434  -0.22566837]]]