[[[-0.09225795  0.45612842  0.34095162]
  [-0.12114041  0.15805486  0.02029877]
  [-0.12761031 -0.27765918  0.01012458]
  [ 0.11801587 -0.2828451   0.00836964]
  [ 0.11582062  0.14844806  0.02237392]
  [ 0.117266    0.49949062  0.2928315 ]
  [-0.31812572 -0.69733524 -0.30129933]
  [-0.30825478 -0.521242   -0.12739354]
  [-0.162809   -0.7406189  -0.05169904]
  [ 0.13370487 -0.73960185 -0.07327384]
  [ 0.2194563  -0.5122598  -0.19879206]
  [ 0.20240086 -0.6917421  -0.36559835]
  [-0.01437008 -0.80779845 -0.07381286]
  [-0.01539205 -1.0337868  -0.10466541]
  [-0.01134314 -0.9359033  -0.22862595]
  [ 0.02111221 -0.9772263  -0.19259973]
  [-0.04616985 -0.9766716  -0.19377825]
  [ 0.06004582 -0.96009135 -0.0964598 ]
  [-0.09027788 -0.96005094 -0.09728055]]]