[[[-0.15737246  0.39808458  0.30360827]
  [-0.21050745  0.14530465 -0.07058495]
  [-0.13018404 -0.28284723  0.02762715]
  [ 0.12783384 -0.2704196   0.01908092]
  [ 0.12089411  0.16362953 -0.08813926]
  [ 0.05625243  0.46013877  0.25750485]
  [-0.28189301 -0.14714608 -0.11225056]
  [-0.27033857 -0.41345096 -0.04489267]
  [-0.15182027 -0.6636913  -0.15030296]
  [ 0.16011588 -0.66106474 -0.16876636]
  [ 0.2730999  -0.4018157  -0.0859549 ]
  [ 0.23681165 -0.15188865 -0.185416  ]
  [ 0.00502703 -0.72247374 -0.20613375]
  [ 0.01271196 -0.8981377  -0.35484517]
  [ 0.00983477 -0.74796224 -0.39838856]
  [ 0.04520693 -0.8000226  -0.39204633]
  [-0.0222674  -0.80289274 -0.3932558 ]
  [ 0.08497867 -0.83987314 -0.304458  ]
  [-0.06623568 -0.846529   -0.30633026]]]