[[[-0.0989035   0.3029355   0.47671416]
  [-0.16499437  0.14801571  0.07404912]
  [-0.12289415 -0.29465365  0.03307154]
  [ 0.11744562 -0.26126993 -0.01383008]
  [ 0.01785068  0.16005823  0.0084238 ]
  [-0.02398507  0.5088058   0.2771296 ]
  [-0.0294642  -0.7979178  -0.3307024 ]
  [-0.22011343 -0.6394814  -0.2646526 ]
  [-0.10087483 -0.7573873  -0.05733085]
  [ 0.18492629 -0.73076284 -0.11015795]
  [ 0.23526266 -0.5944339  -0.3413044 ]
  [ 0.08502769 -0.7936896  -0.37891513]
  [ 0.04817142 -0.80156374 -0.08096392]
  [ 0.06663535 -1.0237547  -0.1198578 ]
  [ 0.04347991 -0.92201567 -0.23711735]
  [ 0.08510694 -0.9609394  -0.20752671]
  [ 0.01865386 -0.9674636  -0.1992974 ]
  [ 0.13593169 -0.9428337  -0.11731699]
  [-0.01345777 -0.95885706 -0.09741968]]]