[[[-0.29012835  0.250358    0.17659454]
  [-0.38679376 -0.13006032  0.01727808]
  [-0.04374522 -0.24559212  0.13554774]
  [ 0.08047359 -0.24228574 -0.08687999]
  [-0.20838994 -0.08455978 -0.30044055]
  [-0.07766103  0.24509202 -0.07518321]
  [-0.28044048 -0.11573074  0.32809335]
  [-0.1740369  -0.35223058  0.2778418 ]
  [-0.1918904  -0.579881    0.11369343]
  [-0.16771421 -0.5569094  -0.17063957]
  [-0.21511807 -0.28754178 -0.23292866]
  [-0.3683815  -0.07666849 -0.23752308]
  [-0.20895539 -0.6282482  -0.03726567]
  [-0.31158084 -0.8168514  -0.06896058]
  [-0.38435784 -0.6876699  -0.03776544]
  [-0.37425563 -0.7284004  -0.08040062]
  [-0.36823645 -0.74090195 -0.01595335]
  [-0.2865937  -0.7404386  -0.12929884]
  [-0.27514425 -0.7696589   0.00819641]]]