[[[-0.10236257  0.45671433  0.34700456]
  [-0.12013523  0.16013788  0.01888475]
  [-0.12728432 -0.27947903  0.01085839]
  [ 0.11940115 -0.27675167  0.01056314]
  [ 0.08874975  0.15885966  0.02679501]
  [ 0.04413635  0.47522038  0.33654493]
  [-0.6882878  -0.7073119  -0.10961265]
  [-0.42419052 -0.7164895  -0.08544219]
  [-0.13990879 -0.73952675 -0.08935464]
  [ 0.15627554 -0.7315298  -0.09055942]
  [ 0.43112418 -0.6847231  -0.06175038]
  [ 0.68508726 -0.6882319  -0.13522111]
  [ 0.01101283 -0.78668606 -0.1168002 ]
  [ 0.02566865 -1.0045792  -0.15485577]
  [ 0.01619853 -0.911857   -0.2815432 ]
  [ 0.05353622 -0.94937885 -0.24549282]
  [-0.01345531 -0.95400053 -0.24305908]
  [ 0.0955333  -0.92630166 -0.15237457]
  [-0.05380777 -0.9372119  -0.14514956]]]