[[[-0.11232671  0.44097272  0.4095066 ]
  [-0.1258709   0.17184858  0.04989259]
  [-0.12594597 -0.2761257   0.0139755 ]
  [ 0.12023395 -0.25900874  0.00923727]
  [ 0.06797586  0.16416238 -0.06237598]
  [ 0.02667619  0.5904543   0.08435383]
  [-0.25529325 -0.25252587 -0.05350632]
  [-0.25227207 -0.48432174  0.06814159]
  [-0.1210345  -0.70747614 -0.04932507]
  [ 0.17413642 -0.68958396 -0.05471144]
  [ 0.25359958 -0.4329238   0.04106257]
  [ 0.21027835 -0.20831877 -0.08034523]
  [ 0.0324728  -0.76570857 -0.08643287]
  [ 0.03432031 -0.98082167 -0.13302132]
  [ 0.04199619 -0.87928796 -0.2518408 ]
  [ 0.07351157 -0.9224842  -0.21735778]
  [ 0.00654821 -0.92082113 -0.21921018]
  [ 0.11008192 -0.9097209  -0.12257996]
  [-0.0373792  -0.90755165 -0.12552321]]]