[[[ 0.0677328   0.2270014   0.07588963]
  [-0.00734913 -0.03447718  0.3440139 ]
  [ 0.10866641 -0.26284707  0.03254978]
  [-0.11420541 -0.22339028 -0.02977496]
  [-0.13593009  0.06701519  0.2579203 ]
  [ 0.00285262  0.20609345 -0.07828268]
  [ 0.17472558 -0.5356339   0.36495268]
  [ 0.21633944 -0.4404764   0.15501815]
  [ 0.01728209 -0.6152094   0.14232787]
  [-0.24982062 -0.5411637   0.1042798 ]
  [-0.31199354 -0.29543868  0.01646183]
  [-0.37041667 -0.11253533  0.15221801]
  [-0.13082416 -0.6381985   0.14792085]
  [-0.19891647 -0.82770205  0.18591274]
  [-0.05747513 -0.7857899   0.20220546]
  [-0.1027868  -0.8100748   0.23082183]
  [-0.09691267 -0.81088376  0.16635393]
  [-0.18766236 -0.7587267   0.2588624 ]
  [-0.1708474  -0.7664796   0.12164743]]]