[[[-0.21307708  0.54821086  0.04718311]
  [ 0.04049002  0.19083942 -0.02198402]
  [ 0.02036551 -0.23650122 -0.11085676]
  [-0.00460506 -0.27850643  0.1331666 ]
  [ 0.06584146  0.14381395  0.17958885]
  [-0.08652398  0.54900485  0.29079264]
  [ 0.04956626 -0.13279705 -0.27050206]
  [ 0.01823595 -0.39350313 -0.27181894]
  [ 0.05773678 -0.656909   -0.18396145]
  [-0.00702409 -0.69831324  0.09218086]
  [-0.08222102 -0.469329    0.24132234]
  [-0.06403773 -0.26377502  0.39786112]
  [ 0.04432917 -0.7482966  -0.04617785]
  [ 0.05830522 -0.9704072  -0.06638216]
  [ 0.134828   -0.89593714  0.04944655]
  [ 0.08499028 -0.9307913   0.03549932]
  [ 0.1410012  -0.9301165  -0.00114492]
  [ 0.00552195 -0.9003392  -0.01836293]
  [ 0.12179873 -0.8981945  -0.10002056]]]