[[[-0.05901065  0.09562795  0.02023917]
  [-0.19402969 -0.14060266 -0.2996962 ]
  [-0.14163098 -0.22091395  0.04506308]
  [ 0.12400212 -0.2816125   0.04058714]
  [ 0.2663284  -0.11449711 -0.26971462]
  [ 0.13679445 -0.01310146  0.11707729]
  [-0.26163307  0.10958138 -0.3976395 ]
  [-0.27645734 -0.13791522 -0.26303843]
  [-0.20956992 -0.42519262 -0.27301553]
  [ 0.06304291 -0.4258644  -0.32696292]
  [ 0.0516768  -0.13990206 -0.36377323]
  [-0.08922444  0.07601316 -0.465061  ]
  [-0.07904075 -0.48784098 -0.33495077]
  [-0.08521701 -0.68177646 -0.4049273 ]
  [-0.16215912 -0.575651   -0.48613784]
  [-0.11585393 -0.6171076  -0.48791385]
  [-0.16737413 -0.6197344  -0.4441247 ]
  [-0.02254908 -0.6051265  -0.4407184 ]
  [-0.13361631 -0.61745775 -0.34712327]]]