[[[-0.02786144  0.54209334  0.28269032]
  [-0.06782851  0.18426035  0.05494958]
  [-0.11466505 -0.2275289  -0.02214922]
  [ 0.11266982 -0.22523625  0.02649555]
  [ 0.07557361  0.18372059 -0.01772718]
  [ 0.12056313  0.56607443  0.1769758 ]
  [-0.24328206 -0.38858622 -0.21764228]
  [-0.23039639 -0.3747872   0.01046612]
  [-0.12765089 -0.6038942  -0.0418656 ]
  [ 0.13675725 -0.6209456  -0.06744903]
  [ 0.2394957  -0.37771666 -0.08597837]
  [ 0.13095376 -0.300163   -0.27199775]
  [-0.00298701 -0.6735489  -0.07238142]
  [-0.04705106 -0.8663404  -0.12000391]
  [-0.04947132 -0.75601447 -0.22079621]
  [-0.02125579 -0.80642813 -0.20615585]
  [-0.08207598 -0.7927075  -0.18858796]
  [ 0.0353147  -0.81611633 -0.12760933]
  [-0.09098736 -0.7899539  -0.09306536]]]