[[[-0.0223924   0.35879943 -0.14903645]
  [-0.22791517 -0.00945624 -0.29213145]
  [-0.12426405 -0.2685897   0.06618977]
  [ 0.12490786 -0.27006415  0.02118246]
  [ 0.07259137 -0.02080834 -0.34577304]
  [-0.09510509  0.40978962 -0.34816024]
  [-0.17024285 -0.2574848  -0.13259186]
  [-0.25308567 -0.4150037   0.07889783]
  [-0.1464575  -0.6950389   0.09538259]
  [ 0.1654023  -0.6872014   0.0358673 ]
  [ 0.23972121 -0.39923263  0.00358907]
  [ 0.12304163 -0.22529352 -0.17258924]
  [ 0.00754763 -0.76838404  0.05519031]
  [-0.01997197 -0.9939939   0.02213541]
  [-0.10046819 -0.883352   -0.05094603]
  [-0.05726818 -0.9292869  -0.05639581]
  [-0.09819803 -0.9259085  -0.00316407]
  [ 0.04574516 -0.9249446  -0.03083799]
  [-0.04887198 -0.9202429   0.0887813 ]]]