[[[-1.22244276e-01  3.10338110e-01 -6.68439567e-02]
  [-3.23070139e-01 -4.49166745e-02 -2.23813519e-01]
  [-1.24890476e-01 -2.71462202e-01  6.40257746e-02]
  [ 1.21735387e-01 -2.79706448e-01  2.64015049e-02]
  [ 2.37918183e-01 -2.20233276e-02 -2.86076486e-01]
  [ 2.29354739e-01  3.56462270e-01 -3.87452357e-02]
  [-2.34286427e-01 -2.43885711e-01 -1.86501473e-01]
  [-2.48838380e-01 -4.39474255e-01  1.04715135e-02]
  [-1.34246200e-01 -7.08147526e-01  5.68487681e-02]
  [ 1.75222069e-01 -6.79423153e-01 -7.81767070e-04]
  [ 2.13749498e-01 -4.02408600e-01 -9.19834077e-02]
  [ 1.04003787e-01 -2.52547920e-01 -2.94810176e-01]
  [ 2.66338214e-02 -7.72440016e-01  2.34388039e-02]
  [ 3.07422578e-02 -1.00131106e+00  1.04974099e-02]
  [-5.44957183e-02 -9.10561025e-01 -8.07685554e-02]
  [-6.28286600e-03 -9.50381398e-01 -7.71704614e-02]
  [-5.23209497e-02 -9.47882891e-01 -2.84922682e-02]
  [ 9.12232324e-02 -9.28918362e-01 -4.20606881e-02]
  [-1.49827190e-02 -9.26681936e-01  6.70868456e-02]]]