[[[-0.17672025  0.5215992   0.09360702]
  [-0.1835146   0.1132369  -0.04006965]
  [-0.10790639 -0.2860887   0.06103704]
  [ 0.09973844 -0.26338473 -0.04533863]
  [ 0.07865479  0.15761817  0.05808496]
  [ 0.13802117  0.40670833  0.41039655]
  [-0.15760261 -0.27509952  0.3212946 ]
  [-0.06094932 -0.5068717   0.27961475]
  [-0.10467955 -0.7074277   0.09033739]
  [ 0.0282429  -0.7419987  -0.17434111]
  [ 0.02834101 -0.6028029  -0.4115564 ]
  [-0.20412089 -0.5462306  -0.4902152 ]
  [-0.06075671 -0.78246915 -0.05174601]
  [-0.09729424 -0.9960693  -0.0742931 ]
  [-0.21480963 -0.89711344 -0.09776565]
  [-0.17526901 -0.93888456 -0.12380023]
  [-0.18696913 -0.9382938  -0.05850288]
  [-0.07575314 -0.9222793  -0.14725466]
  [-0.10184157 -0.9245558  -0.00207373]]]