[[[-0.14700845  0.5692737   0.28467953]
  [-0.12260956  0.20262787 -0.0244177 ]
  [-0.1310866  -0.2577914   0.01504953]
  [ 0.12612814 -0.25601774  0.01619719]
  [ 0.10689185  0.20533311  0.03065427]
  [ 0.09893949  0.5725688   0.3479253 ]
  [-0.2656388  -0.12728027 -0.00446688]
  [-0.23551218 -0.3990814   0.0538602 ]
  [-0.16184463 -0.67630804 -0.01365844]
  [ 0.139271   -0.68954617 -0.02703065]
  [ 0.22735402 -0.4144044   0.03231597]
  [ 0.25130773 -0.15595134 -0.05872915]
  [-0.0143916  -0.7561134  -0.04814045]
  [-0.03439417 -0.97432226 -0.07263556]
  [-0.06479045 -0.88065445 -0.19338991]
  [-0.02574299 -0.92481065 -0.16953619]
  [-0.08827107 -0.91733676 -0.14649947]
  [ 0.0451636  -0.90943253 -0.09628101]
  [-0.09256411 -0.89491695 -0.04575882]]]