[[[ 0.09133754  0.33715367  0.37605014]
  [-0.16549617  0.12113505  0.11893074]
  [-0.06912751 -0.29785788  0.10922725]
  [ 0.05446246 -0.26294044 -0.08992387]
  [ 0.0126803   0.14946043 -0.00247677]
  [ 0.07179929  0.54265225  0.1605982 ]
  [-0.10861103 -0.26729405  0.26507437]
  [-0.04348479 -0.5147775   0.24935324]
  [-0.08568015 -0.73622787  0.08584638]
  [ 0.03800149 -0.7304067  -0.17647487]
  [ 0.19772604 -0.50585896 -0.1915277 ]
  [ 0.10585348 -0.27964982 -0.23938458]
  [-0.05881747 -0.79822665 -0.06505921]
  [-0.12342835 -1.0140083  -0.08468819]
  [-0.22917077 -0.89953536 -0.0849329 ]
  [-0.20057076 -0.9452514  -0.1186603 ]
  [-0.19973028 -0.9457567  -0.05211259]
  [-0.10540392 -0.94071585 -0.15994248]
  [-0.1050658  -0.9452246  -0.01143598]]]