[[[-0.16506152  0.5938567   0.20206884]
  [-0.13119905  0.17984551 -0.03428431]
  [-0.12828377 -0.28333053 -0.00337003]
  [ 0.12708195 -0.25870532  0.03596692]
  [ 0.06772113  0.198676    0.00585061]
  [-0.00697719  0.5591094   0.31608337]
  [-0.22469145 -0.2004013  -0.13224378]
  [-0.21883692 -0.4613133  -0.03072847]
  [-0.09564452 -0.73087615 -0.04073498]
  [ 0.20204109 -0.69121337  0.03324123]
  [ 0.22347601 -0.40142104  0.0963592 ]
  [ 0.21583667 -0.14797257 -0.01235477]
  [ 0.07143763 -0.78562427 -0.02734672]
  [ 0.11063634 -1.0082937  -0.06847695]
  [ 0.11781294 -0.90185505 -0.18502885]
  [ 0.15093353 -0.94111806 -0.14637427]
  [ 0.08461349 -0.9494333  -0.1570575 ]
  [ 0.17390245 -0.9257405  -0.04541611]
  [ 0.02644493 -0.94514275 -0.06812366]]]