[[[-0.17891493  0.3753501   0.00145451]
  [-0.31698996  0.00161091 -0.20092982]
  [-0.13020045 -0.27342394  0.04471505]
  [ 0.12148844 -0.28041658  0.04185987]
  [ 0.3045832  -0.01039625 -0.2140173 ]
  [ 0.24861994  0.38960814  0.00301962]
  [-0.13758801 -0.28853285 -0.24405025]
  [-0.2825227  -0.4412187  -0.06302479]
  [-0.14038149 -0.7045591  -0.01342796]
  [ 0.17799075 -0.6772765  -0.0201694 ]
  [ 0.28077048 -0.3950038  -0.05639781]
  [ 0.15765068 -0.25357258 -0.25639287]
  [ 0.02363967 -0.765873   -0.02782069]
  [ 0.02014896 -0.99144626 -0.05474021]
  [-0.03897598 -0.8929685  -0.15866363]
  [ 0.0053574  -0.93547547 -0.14667511]
  [-0.05019103 -0.93232125 -0.1090719 ]
  [ 0.0938763  -0.92006    -0.09061314]
  [-0.03380628 -0.9169272  -0.00609937]]]