[[[-0.01296343  0.59090984  0.22586842]
  [-0.09615209  0.1904524   0.03168736]
  [-0.11234596 -0.2499964   0.06978672]
  [ 0.09969053 -0.2432683  -0.04495583]
  [ 0.04275817  0.18277498 -0.10850581]
  [ 0.1345191   0.61692095  0.00313185]
  [-0.32050946 -0.17989816  0.1673753 ]
  [-0.16688535 -0.39094704  0.18996741]
  [-0.10628936 -0.6476714   0.10547415]
  [ 0.09453233 -0.65656805 -0.09564532]
  [ 0.15024933 -0.3954323  -0.17911384]
  [ 0.0847391  -0.17824176 -0.30411813]
  [-0.01761664 -0.7231033  -0.00428163]
  [-0.02922486 -0.9323631   0.01593696]
  [-0.13705331 -0.85999566 -0.06330343]
  [-0.09037772 -0.9004595  -0.06650785]
  [-0.1213696  -0.88758    -0.01009501]
  [ 0.00647371 -0.8768576  -0.06098681]
  [-0.06115835 -0.851531    0.06013208]]]