[[[-9.20158252e-02  5.48487961e-01  3.60734403e-01]
  [-1.15531191e-01  2.02483863e-01  3.07495780e-02]
  [-1.32033020e-01 -2.60941833e-01  2.45590080e-02]
  [ 1.24647841e-01 -2.57817537e-01  2.82528321e-03]
  [ 1.09402314e-01  2.00145826e-01 -2.36479426e-03]
  [ 1.47011682e-01  5.98370552e-01  2.69304574e-01]
  [-2.54649222e-01 -1.40284657e-01 -7.51097128e-02]
  [-2.29674399e-01 -4.01407480e-01  2.20747218e-02]
  [-1.56110346e-01 -6.83599234e-01 -1.29547706e-02]
  [ 1.44173443e-01 -6.89062715e-01 -3.77461798e-02]
  [ 2.20354319e-01 -4.08259511e-01  1.05264504e-02]
  [ 2.39248320e-01 -1.49126738e-01 -7.98444450e-02]
  [-7.20124878e-03 -7.62122571e-01 -4.98969331e-02]
  [-2.15981565e-02 -9.84171510e-01 -6.51006848e-02]
  [-3.63582708e-02 -8.98216128e-01 -1.95526600e-01]
  [ 2.92778015e-04 -9.39308286e-01 -1.63093179e-01]
  [-6.55671656e-02 -9.33362544e-01 -1.50708422e-01]
  [ 5.79177514e-02 -9.17047441e-01 -8.03432688e-02]
  [-8.66467804e-02 -9.05568361e-01 -5.21831438e-02]]]