[[[-0.11573908  0.23528974  0.6038901 ]
  [-0.15716511  0.12263197  0.1781494 ]
  [-0.12249181 -0.29647225  0.0322274 ]
  [ 0.11900718 -0.25847808 -0.01654261]
  [ 0.01913554  0.1583404  -0.04852967]
  [-0.02047041  0.51597935  0.21096516]
  [-0.550014   -0.36376268 -0.06904627]
  [-0.3466529  -0.5358045  -0.03399107]
  [-0.11697929 -0.7103032  -0.09219369]
  [ 0.18793903 -0.69737446 -0.13925782]
  [ 0.42081457 -0.5269759  -0.12364569]
  [ 0.6160281  -0.37118334 -0.21856232]
  [ 0.03857072 -0.769326   -0.14544894]
  [ 0.05564194 -0.9926625  -0.19500098]
  [ 0.05159492 -0.89053214 -0.31491464]
  [ 0.08796666 -0.9301075  -0.27930617]
  [ 0.02092725 -0.9363148  -0.28201082]
  [ 0.1227735  -0.9129012  -0.18287069]
  [-0.02658935 -0.9283069  -0.1857326 ]]]