[[[-0.13495862  0.11261473  0.03378854]
  [-0.27790356 -0.17052902 -0.24334857]
  [-0.13123664 -0.23538294  0.07222756]
  [ 0.1355095  -0.25534114  0.01648577]
  [ 0.15045047 -0.13024507 -0.32864645]
  [ 0.05844203  0.03604495  0.04113552]
  [-0.3319083   0.09102916 -0.3365619 ]
  [-0.3263054  -0.14810786 -0.19537905]
  [-0.24249712 -0.42554086 -0.22547798]
  [ 0.01133674 -0.41943252 -0.33481088]
  [ 0.01960318 -0.13740955 -0.38272756]
  [-0.12145902  0.07917745 -0.46858856]
  [-0.12918472 -0.47817144 -0.31306404]
  [-0.16803542 -0.6589104  -0.40566456]
  [-0.24653219 -0.53460693 -0.44883865]
  [-0.20729524 -0.57742697 -0.4679637 ]
  [-0.24885817 -0.5847954  -0.415703  ]
  [-0.10690019 -0.5821064  -0.44044906]
  [-0.19735366 -0.6039482  -0.330141  ]]]