[[[-6.7803793e-02  6.1188811e-01  1.9184302e-01]
  [ 5.2552171e-02  2.0501110e-01  1.0051704e-01]
  [ 8.4780850e-02 -1.8025982e-01 -6.0947850e-02]
  [-6.8155527e-02 -2.4215309e-01  9.3857169e-02]
  [ 3.1047052e-04  1.2691306e-01  2.7960142e-01]
  [-1.2438552e-01  5.2578777e-01  4.1415519e-01]
  [ 2.9297888e-01 -3.2708481e-01 -9.5991097e-02]
  [ 1.3555512e-01 -2.6408154e-01 -2.6037374e-01]
  [ 6.4494828e-04 -4.8714742e-01 -2.6043257e-01]
  [-1.5950629e-01 -5.3049392e-01 -7.2572157e-02]
  [-1.4595965e-01 -3.1568468e-01  7.6998129e-02]
  [ 6.8203971e-02 -3.6209264e-01  1.4091505e-01]
  [-9.0189748e-02 -5.6498545e-01 -1.8965530e-01]
  [-1.4677024e-01 -7.2037327e-01 -2.7273637e-01]
  [-1.7006896e-02 -7.1797830e-01 -2.0367530e-01]
  [-6.9839381e-02 -7.4299389e-01 -2.0195562e-01]
  [-4.2854637e-02 -7.2128963e-01 -2.5533459e-01]
  [-1.4656174e-01 -6.9342411e-01 -1.8380690e-01]
  [-9.3407884e-02 -6.5308648e-01 -2.9080153e-01]]]