[[[ 0.01916423  0.52434224  0.30409026]
  [-0.09655032  0.13080911  0.17482328]
  [-0.03962572 -0.2843027   0.12127183]
  [ 0.02435193 -0.24494179 -0.10195509]
  [-0.0586382   0.16455485 -0.05222746]
  [ 0.05688193  0.5675742   0.05968817]
  [-0.09164774 -0.244972    0.38175708]
  [-0.00602187 -0.44951558  0.25622594]
  [-0.03165103 -0.68236756  0.11736551]
  [-0.03582024 -0.6832863  -0.16839403]
  [-0.02493298 -0.4220029  -0.24796134]
  [-0.13311376 -0.19596483 -0.25020975]
  [-0.05823114 -0.752374   -0.02634095]
  [-0.11189716 -0.9674489  -0.01510274]
  [-0.21892002 -0.8589851  -0.03433964]
  [-0.187742   -0.90533143 -0.06134614]
  [-0.19298613 -0.9001462   0.00421589]
  [-0.09165911 -0.9030551  -0.09136756]
  [-0.10284756 -0.8927275   0.05121239]]]