[[[ 0.15354323  0.33623603 -0.08541272]
  [ 0.24772777  0.01033227  0.07883301]
  [ 0.08237328 -0.26446056 -0.0582415 ]
  [-0.08875266 -0.23608722  0.08391668]
  [-0.07783101  0.14524867  0.05394471]
  [-0.18742089  0.43703705 -0.1835829 ]
  [ 0.36060342 -0.25277674 -0.04793891]
  [ 0.23570706 -0.43746686 -0.07024073]
  [ 0.22762574 -0.5773819   0.12010036]
  [ 0.10244522 -0.54049796  0.33588386]
  [-0.00693472 -0.33613253  0.42341426]
  [ 0.07283449 -0.14730483  0.50246227]
  [ 0.1965332  -0.5949723   0.24720864]
  [ 0.28438824 -0.7599137   0.30369943]
  [ 0.36667663 -0.63214004  0.29596812]
  [ 0.3463109  -0.67361087  0.333629  ]
  [ 0.35448018 -0.6835244   0.2698219 ]
  [ 0.24972066 -0.68657136  0.3585441 ]
  [ 0.2716258  -0.70828     0.22512631]]]