[[[-0.15219618  0.32189053 -0.01246264]
  [-0.26854125 -0.03930687 -0.23616832]
  [-0.12893254 -0.25522333  0.06406255]
  [ 0.1359369  -0.2510347   0.01676951]
  [ 0.08267852 -0.04224235 -0.32195264]
  [-0.00313264  0.30716172 -0.06428394]
  [-0.265165    0.10222323 -0.41824034]
  [-0.2932397  -0.14072926 -0.2847451 ]
  [-0.20297061 -0.42285576 -0.27151424]
  [ 0.06562094 -0.43055424 -0.32970965]
  [ 0.10781769 -0.14215349 -0.35260576]
  [-0.02392958  0.08975776 -0.41366407]
  [-0.07797566 -0.48325813 -0.33584347]
  [-0.09298627 -0.66423047 -0.43512824]
  [-0.14769858 -0.5402575  -0.50880235]
  [-0.10381333 -0.58366364 -0.50943875]
  [-0.16268334 -0.59007084 -0.47729662]
  [-0.02170248 -0.58852047 -0.44545376]
  [-0.14960375 -0.6071287  -0.3760982 ]]]