[[[-0.0976366   0.6031239   0.24947801]
  [-0.109227    0.20002082  0.01987554]
  [-0.12587285 -0.24764346  0.02056098]
  [ 0.11908556 -0.24299906 -0.00099022]
  [ 0.09789503  0.19362278 -0.07164843]
  [ 0.15431395  0.6346525   0.07641715]
  [-0.31366044 -0.13490482 -0.04541026]
  [-0.23680227 -0.37054718  0.06076074]
  [-0.1530918  -0.6407084   0.02906875]
  [ 0.12436311 -0.6617412  -0.02863784]
  [ 0.22125115 -0.39443457 -0.01190272]
  [ 0.2380492  -0.15381077 -0.11941995]
  [-0.02307075 -0.7232517  -0.01743463]
  [-0.05955449 -0.93390065 -0.0106162 ]
  [-0.10440236 -0.8542833  -0.13392305]
  [-0.06603358 -0.8987541  -0.11306316]
  [-0.12126366 -0.8823061  -0.08079861]
  [ 0.01529727 -0.8822107  -0.0567058 ]
  [-0.10365137 -0.8499803   0.01200249]]]