[[[-0.05158774  0.5141774   0.23727   ]
  [-0.1601339   0.14581883  0.00759791]
  [-0.10963275 -0.28718883  0.08066553]
  [ 0.09768423 -0.28783184 -0.04911609]
  [ 0.09686728  0.15309925 -0.05891801]
  [ 0.18238208  0.5326208   0.16871712]
  [-0.22890672 -0.23508573  0.04062488]
  [-0.19886547 -0.47602904  0.15681215]
  [-0.14596784 -0.74626815  0.08086731]
  [ 0.0926819  -0.7407409  -0.11321499]
  [ 0.16918036 -0.4674342  -0.15418075]
  [ 0.06425143 -0.25222892 -0.26552892]
  [-0.04180438 -0.81803364 -0.03468233]
  [-0.08126885 -1.0445237  -0.0606045 ]
  [-0.1954782  -0.9373143  -0.06690125]
  [-0.16214097 -0.9812237  -0.09885905]
  [-0.1634787  -0.98079157 -0.03154479]
  [-0.06304725 -0.9700594  -0.13865337]
  [-0.06892554 -0.9720478   0.01272564]]]