[[[-0.11566976  0.33739555 -0.09048201]
  [-0.13920729 -0.01961557 -0.35609207]
  [-0.1343541  -0.25906098  0.0099471 ]
  [ 0.11065976 -0.27082652  0.08463054]
  [ 0.33183482 -0.06735763 -0.2244724 ]
  [ 0.24452378  0.35495573 -0.06228389]
  [-0.13837074 -0.20285977 -0.194576  ]
  [-0.25490683 -0.4052528  -0.039831  ]
  [-0.15567943 -0.68475646  0.01560269]
  [ 0.15389323 -0.66298646  0.09166311]
  [ 0.23605941 -0.3743629   0.08974448]
  [ 0.23699261 -0.20704651 -0.13090324]
  [ 0.00740167 -0.75126886  0.04346622]
  [ 0.0272396  -0.9756877   0.01488208]
  [-0.01831102 -0.8784628  -0.09602971]
  [ 0.02658461 -0.91666776 -0.07598029]
  [-0.03556924 -0.9206057  -0.05124579]
  [ 0.09866549 -0.8974564  -0.00233586]
  [-0.04312264 -0.9087464   0.05222366]]]