[[[-1.07865237e-01  3.48678321e-01  5.69643915e-01]
  [ 7.29361698e-02  8.29385817e-02  3.05516243e-01]
  [ 7.85515159e-02 -1.22057475e-01 -5.07651046e-02]
  [-4.81296927e-02 -2.62822539e-01  6.08017631e-02]
  [ 9.60888192e-02 -3.17671336e-02  3.64663243e-01]
  [-1.32782236e-01  2.18591571e-01  6.06325924e-01]
  [ 2.99901962e-01 -4.31765407e-01 -2.81814218e-01]
  [ 1.89426512e-01 -2.53696918e-01 -3.58734608e-01]
  [-2.50038896e-02 -3.57119381e-01 -3.62048775e-01]
  [-1.35600328e-01 -4.61851656e-01 -2.17023119e-01]
  [-1.85853094e-01 -3.37895870e-01 -1.24731716e-02]
  [-1.28929531e-02 -3.97754729e-01  9.25168395e-02]
  [-8.42766687e-02 -4.41126436e-01 -3.21891963e-01]
  [-1.25314578e-01 -5.41138232e-01 -4.59256679e-01]
  [-2.87592411e-04 -5.56612134e-01 -3.87814075e-01]
  [-4.82057109e-02 -5.85765839e-01 -4.00732487e-01]
  [-2.17338651e-02 -5.43229342e-01 -4.38147604e-01]
  [-1.27107412e-01 -5.53553283e-01 -3.72966588e-01]
  [-7.73762241e-02 -4.75578219e-01 -4.44714606e-01]]]