[[[-1.50471777e-01  4.10729349e-01  2.99225897e-01]
  [-2.16760024e-01  1.34847000e-01 -5.20135313e-02]
  [-1.25233173e-01 -2.94768214e-01  4.18659300e-02]
  [ 1.23529442e-01 -2.65740454e-01 -1.61060656e-03]
  [ 7.86981583e-02  1.76511899e-01 -4.45520915e-02]
  [ 2.79219747e-02  4.93312061e-01  2.81790853e-01]
  [-2.60329157e-01 -2.22518206e-01  3.22949188e-03]
  [-2.11569056e-01 -4.82839108e-01  6.68732077e-02]
  [-1.05885483e-01 -7.31053174e-01 -3.75258587e-02]
  [ 1.90233871e-01 -6.87630653e-01 -1.17658295e-01]
  [ 2.57637411e-01 -4.05580819e-01 -9.00339857e-02]
  [ 1.96405679e-01 -1.63391963e-01 -1.91927969e-01]
  [ 4.46721762e-02 -7.80092835e-01 -1.12172112e-01]
  [ 4.92959097e-02 -9.97726619e-01 -1.82830319e-01]
  [ 5.15069813e-04 -8.83337736e-01 -2.78701574e-01]
  [ 4.64957245e-02 -9.25557852e-01 -2.65494287e-01]
  [-1.56348012e-02 -9.32515979e-01 -2.40279764e-01]
  [ 1.19868964e-01 -9.17844176e-01 -1.90860808e-01]
  [-1.96022429e-02 -9.34341013e-01 -1.34322867e-01]]]