[[[-0.16670157  0.35526076 -0.02517446]
  [-0.2907409  -0.01303019 -0.25322238]
  [-0.13186793 -0.2694888   0.04311981]
  [ 0.12205464 -0.27979338  0.04877844]
  [ 0.29348946 -0.01651465 -0.24146284]
  [ 0.21839333  0.37931207 -0.01613799]
  [-0.13378607 -0.21259141 -0.19333707]
  [-0.23818853 -0.39959705 -0.01064528]
  [-0.1615018  -0.6904637   0.02772948]
  [ 0.157989   -0.686361    0.03334037]
  [ 0.23064244 -0.3941735   0.03330287]
  [ 0.17096564 -0.21445747 -0.16917782]
  [-0.00172757 -0.7698222   0.01825087]
  [-0.02132507 -0.9981006  -0.00468578]
  [-0.08336811 -0.8952286  -0.10269636]
  [-0.04088005 -0.9407711  -0.09476882]
  [-0.09231747 -0.93408126 -0.05185385]
  [ 0.05372562 -0.93164426 -0.04733882]
  [-0.06535912 -0.9199153   0.0485885 ]]]