[[[-0.00827978  0.41763088  0.4965312 ]
  [-0.08848563  0.16491053  0.11836399]
  [-0.12890956 -0.28710002  0.02940544]
  [ 0.12102847 -0.26018357 -0.01014407]
  [ 0.00876247  0.17418364  0.00156406]
  [-0.00665415  0.5289552   0.30052364]
  [-0.14715046 -0.15899695 -0.18935315]
  [-0.20123991 -0.41690654 -0.10690791]
  [-0.12115586 -0.6970478  -0.13510875]
  [ 0.18527094 -0.6559854  -0.15507951]
  [ 0.20478974 -0.3622859  -0.12792753]
  [ 0.11886992 -0.11541819 -0.20740841]
  [ 0.04167067 -0.7561862  -0.17288928]
  [ 0.05567922 -0.98235726 -0.2295824 ]
  [ 0.01096899 -0.8745983  -0.3340655 ]
  [ 0.05704042 -0.91601276 -0.31597143]
  [-0.0064372  -0.92169    -0.2936698 ]
  [ 0.12669665 -0.9023846  -0.23845749]
  [-0.01461801 -0.91765136 -0.1885055 ]]]