[[[-0.12850857  0.592852    0.23241311]
  [-0.09541975  0.18595871 -0.00933339]
  [-0.12039581 -0.27455205 -0.0364936 ]
  [ 0.11573039 -0.27791265  0.07091397]
  [ 0.17823556  0.16938171 -0.01701699]
  [-0.01014181  0.42423612  0.33048314]
  [-0.19204533 -0.1912988  -0.18390945]
  [-0.22583054 -0.45705864 -0.10566716]
  [-0.10168955 -0.72709614 -0.10278677]
  [ 0.1693808  -0.7063284   0.04835128]
  [ 0.19296521 -0.42313442  0.13531017]
  [ 0.218963   -0.167808    0.03487878]
  [ 0.05762199 -0.78907096 -0.05123152]
  [ 0.12483963 -1.0046357  -0.10716446]
  [ 0.17002946 -0.8775724  -0.18969044]
  [ 0.18702918 -0.92253524 -0.14718977]
  [ 0.13305598 -0.9301635  -0.1873398 ]
  [ 0.16264783 -0.9269422  -0.04608291]
  [ 0.04111793 -0.9442557  -0.13342333]]]