[[[-0.19667543  0.31876463 -0.04808341]
  [-0.35880086 -0.06312814 -0.21975644]
  [-0.12540393 -0.26907873  0.06298512]
  [ 0.12578158 -0.2651039   0.03486276]
  [ 0.26020628 -0.05304734 -0.30409637]
  [ 0.19020739  0.37002495 -0.13045686]
  [-0.09205073 -0.2301506  -0.17302632]
  [-0.20790465 -0.40820426  0.0134735 ]
  [-0.12074471 -0.6868044   0.09226209]
  [ 0.18915786 -0.65475464  0.04815839]
  [ 0.19681    -0.36350158 -0.0251747 ]
  [ 0.03736102 -0.21738154 -0.20267063]
  [ 0.04024542 -0.75245714  0.07105574]
  [ 0.02852423 -0.9808423   0.06796414]
  [-0.05283734 -0.88491255 -0.02109332]
  [-0.00884539 -0.92910105 -0.0194305 ]
  [-0.05119959 -0.9208874   0.03205222]
  [ 0.09213665 -0.9159573   0.00889242]
  [-0.00618696 -0.901368    0.12370086]]]