[[[-0.05282131  0.12474348 -0.01348261]
  [-0.20086624 -0.1526795  -0.29849926]
  [-0.14195229 -0.22933987  0.04785714]
  [ 0.12675154 -0.27860567  0.03916136]
  [ 0.25624144 -0.08698341 -0.2724139 ]
  [ 0.13874514  0.01679979  0.12066249]
  [-0.27054638  0.08848348 -0.3889165 ]
  [-0.29123223 -0.15818202 -0.25233406]
  [-0.20187306 -0.44061604 -0.27272698]
  [ 0.07484326 -0.42575014 -0.32750311]
  [ 0.06665963 -0.13755193 -0.36909616]
  [-0.06732075  0.08879583 -0.4593173 ]
  [-0.06563263 -0.4951773  -0.3360063 ]
  [-0.0664355  -0.68875563 -0.41374028]
  [-0.13733888 -0.57958657 -0.49689   ]
  [-0.09035413 -0.6204928  -0.4961488 ]
  [-0.14562249 -0.6256126  -0.4572165 ]
  [-0.00171291 -0.60986215 -0.44053483]
  [-0.12091187 -0.62736285 -0.35683054]]]