[[[ 0.1879731   0.5240939   0.3018982 ]
  [-0.00906837  0.18564975  0.10604239]
  [-0.06892181 -0.22332464  0.11097724]
  [ 0.04185743 -0.23313214 -0.10306656]
  [ 0.0666919   0.18216065 -0.01818347]
  [ 0.257703    0.5397855   0.15294395]
  [-0.33102795 -0.03201428  0.33840486]
  [-0.27831835 -0.27424008  0.2616505 ]
  [-0.33265552 -0.47357553  0.08102094]
  [-0.31327084 -0.4612775  -0.18311271]
  [-0.22821942 -0.2208367  -0.28640246]
  [-0.26913616  0.02505317 -0.31986856]
  [-0.37031305 -0.50104547 -0.0544099 ]
  [-0.54426825 -0.6200402  -0.05647308]
  [-0.5446818  -0.47391957 -0.01768827]
  [-0.5645573  -0.51328224 -0.05841022]
  [-0.54970664 -0.5293273   0.00272786]
  [-0.504741   -0.5584415  -0.12357086]
  [-0.47809756 -0.59556     0.00353194]]]