[[[ 0.10768607  0.5097814   0.11718401]
  [-0.04022194  0.12329944  0.20345739]
  [ 0.05524307 -0.28124604  0.10741206]
  [-0.06972342 -0.24241813 -0.08198602]
  [-0.09433466  0.16759269 -0.00655075]
  [-0.00296657  0.5872544  -0.0192082 ]
  [ 0.00534523 -0.22536352  0.34901944]
  [ 0.05652738 -0.45359606  0.2464936 ]
  [-0.0272044  -0.68325543  0.13024276]
  [-0.11127405 -0.6777502  -0.13761273]
  [-0.04236242 -0.4435712  -0.2535506 ]
  [-0.07165547 -0.19653812 -0.23265575]
  [-0.09789495 -0.7427824   0.00480166]
  [-0.16724053 -0.9505907   0.02284828]
  [-0.20691411 -0.8404513   0.12208485]
  [-0.22708498 -0.87925446  0.0777926 ]
  [-0.1705116  -0.8896544   0.11036426]
  [-0.21059185 -0.87051064 -0.02309851]
  [-0.09008461 -0.89482605  0.04948161]]]