[[[-0.27421084  0.496435    0.08141583]
  [ 0.04403885  0.20013738 -0.03736145]
  [-0.00792559 -0.24034786 -0.11322843]
  [ 0.01903369 -0.27177554  0.13723129]
  [ 0.14431706  0.15207803  0.13259652]
  [-0.08835626  0.5266405   0.24469832]
  [ 0.08250735 -0.13740078 -0.27743545]
  [-0.00359446 -0.38977045 -0.26277214]
  [ 0.01197318 -0.66198206 -0.17361616]
  [-0.00154612 -0.68755877  0.11531428]
  [-0.05496775 -0.43484738  0.24069667]
  [ 0.02708754 -0.20697877  0.34073013]
  [ 0.02546592 -0.74733436 -0.03171806]
  [ 0.06722677 -0.9724522  -0.04551417]
  [ 0.17978893 -0.8685526  -0.01170336]
  [ 0.14326163 -0.91373503  0.01178289]
  [ 0.15814397 -0.9085917  -0.05334888]
  [ 0.04308836 -0.90626556  0.02739561]
  [ 0.07208137 -0.89641196 -0.11154577]]]