[[[ 0.07044099  0.5060819   0.12332676]
  [ 0.17230836  0.10374159  0.19224799]
  [ 0.10078708 -0.21305765 -0.04378297]
  [-0.10511129 -0.24874777  0.06180261]
  [ 0.04439507  0.09209296  0.24396937]
  [-0.06810255  0.49319434  0.14565396]
  [ 0.44430718 -0.26582     0.3576354 ]
  [ 0.38544956 -0.24474649  0.12333339]
  [ 0.27312317 -0.4840045   0.13191782]
  [ 0.03276045 -0.56661934  0.20595218]
  [-0.18338168 -0.44845265  0.11108036]
  [-0.35692227 -0.3189874   0.20547514]
  [ 0.1781488  -0.554611    0.20600383]
  [ 0.26307184 -0.65070355  0.35788468]
  [ 0.25917086 -0.5041965   0.34316924]
  [ 0.23721786 -0.54869455  0.37466192]
  [ 0.29284963 -0.55182815  0.34208047]
  [ 0.17484617 -0.6148239   0.34151348]
  [ 0.29361874 -0.62002134  0.2750332 ]]]