[[[-0.10258779  0.47679672 -0.1602699 ]
  [-0.0155965   0.11181636 -0.23335804]
  [-0.08578929 -0.21956545 -0.04628175]
  [ 0.08973005 -0.17921485  0.06653791]
  [ 0.18576099  0.05648793 -0.21200067]
  [ 0.11221237  0.43443847 -0.1831702 ]
  [-0.25876927 -0.30233285 -0.14587359]
  [-0.23756072 -0.3965257   0.03782713]
  [-0.10938548 -0.5578339   0.11459085]
  [ 0.08977222 -0.5562321   0.15386829]
  [ 0.20953065 -0.36454368  0.1455555 ]
  [ 0.28853795 -0.27640325 -0.01811889]
  [-0.01491556 -0.5965499   0.13226992]
  [-0.03570906 -0.74970937  0.17912525]
  [-0.04645161 -0.71584857  0.03762112]
  [-0.01653678 -0.74750686  0.07217269]
  [-0.07587288 -0.7319163   0.08246169]
  [ 0.03383671 -0.71045506  0.1398043 ]
  [-0.08460502 -0.6828461   0.15710324]]]