[[[-0.11764036  0.01640704  0.02953614]
  [-0.31333396 -0.2727014  -0.19000995]
  [-0.10632762 -0.25810593  0.10746413]
  [ 0.13632305 -0.21719028 -0.02236587]
  [-0.08200747 -0.23023689 -0.3248378 ]
  [ 0.00205561  0.02804454 -0.01607001]
  [-0.10639001  0.04288292 -0.29246086]
  [-0.23184802 -0.14791739 -0.13999268]
  [-0.2425347  -0.4387917  -0.163504  ]
  [-0.00154286 -0.4531086  -0.30421212]
  [ 0.07684782 -0.17394981 -0.32946768]
  [-0.01797915  0.06697527 -0.40161526]
  [-0.15216418 -0.49814418 -0.2615867 ]
  [-0.3004227  -0.6216452  -0.3565201 ]
  [-0.3034069  -0.468643   -0.34231117]
  [-0.30218738 -0.5134628  -0.38323236]
  [-0.3234769  -0.5200924  -0.31994626]
  [-0.2196069  -0.5747459  -0.40299082]
  [-0.27062598 -0.5911651  -0.26941746]]]