[[[ 0.08964061  0.5166923   0.22291286]
  [-0.06582358  0.17043895  0.0663311 ]
  [-0.08358193 -0.24217708  0.08485498]
  [ 0.05803432 -0.23981345 -0.08021372]
  [ 0.03339776  0.17084126 -0.05722419]
  [ 0.15737836  0.5446838   0.0784792 ]
  [-0.21014482 -0.18226533  0.1085628 ]
  [-0.11088496 -0.39829502  0.16459383]
  [-0.07831576 -0.6437087   0.10376656]
  [-0.02175179 -0.6280167  -0.15060489]
  [-0.02004496 -0.3692143  -0.17848748]
  [-0.09116551 -0.14082931 -0.17788507]
  [-0.06358732 -0.7034849  -0.02617063]
  [-0.0881094  -0.9091853  -0.02732878]
  [-0.13803604 -0.81752634  0.07804611]
  [-0.15501267 -0.85816485  0.03767199]
  [-0.09545085 -0.8560722   0.06160497]
  [-0.15342885 -0.84130234 -0.06038221]
  [-0.03167945 -0.84173536 -0.00530668]]]