[[[-0.07796609  0.51337606  0.32891774]
  [-0.13695382  0.17487949  0.03529925]
  [-0.12254994 -0.26786232  0.03848788]
  [ 0.11261731 -0.25214085 -0.01913278]
  [ 0.0976868   0.18340635 -0.01040332]
  [ 0.17051695  0.5756116   0.21736044]
  [-0.2867184  -0.21561319 -0.02859883]
  [-0.20461659 -0.41940725  0.11314222]
  [-0.14016598 -0.6743093   0.01107911]
  [ 0.1273382  -0.6874241  -0.1000344 ]
  [ 0.2527246  -0.43724126 -0.062513  ]
  [ 0.17389336 -0.23050132 -0.19238654]
  [-0.01915501 -0.7503581  -0.06980249]
  [-0.05101848 -0.9639811  -0.07439537]
  [-0.12049817 -0.87623835 -0.18054037]
  [-0.07760902 -0.9213938  -0.17013384]
  [-0.12548625 -0.9083944  -0.1260486 ]
  [ 0.01521937 -0.90660024 -0.13106482]
  [-0.09073035 -0.88116586 -0.03480457]]]