[[[ 0.05869136  0.5203632   0.32838166]
  [-0.08665731  0.14062725  0.16124794]
  [-0.07183558 -0.28986955  0.11466199]
  [ 0.05446314 -0.25311178 -0.09080976]
  [-0.02795753  0.16331092 -0.02643241]
  [ 0.02483511  0.5827409   0.09445371]
  [-0.2305459  -0.22217354  0.21110557]
  [-0.11035032 -0.45101196  0.22427493]
  [-0.03934585 -0.70441914  0.12333548]
  [ 0.10827975 -0.74903    -0.12708132]
  [ 0.14255287 -0.7400546  -0.39785254]
  [-0.06351762 -0.8514548  -0.49847358]
  [ 0.02908818 -0.7867083  -0.00861775]
  [ 0.0313668  -1.0077262  -0.03024537]
  [-0.028552   -0.9170186  -0.14375356]
  [ 0.02042964 -0.95243305 -0.12498656]
  [-0.0403914  -0.959068   -0.09820216]
  [ 0.0911484  -0.928196   -0.0552422 ]
  [-0.04235486 -0.9428355   0.00733158]]]