[[[-8.60278979e-02  5.29115319e-01  2.52710074e-01]
  [-7.06979111e-02  1.67892814e-01  8.49972479e-04]
  [-1.17992930e-01 -2.68344522e-01 -3.28853056e-02]
  [ 1.13254555e-01 -2.71644235e-01  5.15390188e-02]
  [ 1.33523181e-01  1.50986835e-01 -3.74145433e-02]
  [ 3.98783796e-02  4.66614127e-01  2.55858839e-01]
  [-2.40999371e-01 -2.68196762e-01 -6.90964386e-02]
  [-2.89583087e-01 -5.09818316e-01  3.95093113e-03]
  [-1.26171678e-01 -7.18175948e-01 -8.12918767e-02]
  [ 1.49125054e-01 -7.19270349e-01  1.01257199e-02]
  [ 2.17726991e-01 -4.85201746e-01  1.49076760e-01]
  [ 2.11714670e-01 -2.47317567e-01  5.95087111e-02]
  [ 2.56893449e-02 -7.80390501e-01 -6.76854402e-02]
  [ 4.45267074e-02 -9.93325114e-01 -1.19018264e-01]
  [ 1.16319187e-01 -8.86052489e-01 -2.09963500e-01]
  [ 1.24050446e-01 -9.30964530e-01 -1.66020960e-01]
  [ 6.95312172e-02 -9.27932680e-01 -2.04935491e-01]
  [ 1.00740597e-01 -9.24110472e-01 -6.68502599e-02]
  [-1.97642203e-02 -9.18231428e-01 -1.49309784e-01]]]