[[[-0.1571784   0.5021109  -0.02367055]
  [-0.11542415  0.09520093 -0.22978958]
  [-0.13471144 -0.26640385  0.01568037]
  [ 0.12259098 -0.27484846  0.05283917]
  [ 0.19371788  0.10050966 -0.16556683]
  [ 0.1288272   0.47524905  0.09240941]
  [-0.33085546 -0.11626783 -0.05638185]
  [-0.29934925 -0.38762754 -0.09672044]
  [-0.13002227 -0.5935411  -0.22749373]
  [ 0.17955491 -0.58125204 -0.211176  ]
  [ 0.31413287 -0.33375534 -0.12314199]
  [ 0.2853962  -0.07038754 -0.18884099]
  [ 0.0311297  -0.63025355 -0.26974905]
  [ 0.05388377 -0.7518102  -0.4552096 ]
  [ 0.02650331 -0.59910846 -0.45451623]
  [ 0.06837459 -0.6433737  -0.46543372]
  [ 0.00265694 -0.6565731  -0.46246392]
  [ 0.12341065 -0.69882333 -0.39590693]
  [-0.0245253  -0.72825223 -0.39050454]]]