[[[-0.21753082  0.41228607  0.29389817]
  [-0.16617584  0.13545023 -0.03557115]
  [-0.12159712 -0.29615882 -0.01419048]
  [ 0.11705517 -0.28306925  0.04149861]
  [ 0.12994951  0.13646494 -0.03164053]
  [ 0.02566135  0.4690122   0.2318095 ]
  [-0.0177833  -0.36955613 -0.24528547]
  [-0.2183671  -0.48601967 -0.13299374]
  [-0.1072322  -0.74135876 -0.10100037]
  [ 0.18801135 -0.7300377  -0.01328812]
  [ 0.26006982 -0.46495366  0.05053345]
  [ 0.137672   -0.35998756 -0.14551613]
  [ 0.04975915 -0.80836207 -0.0770635 ]
  [ 0.06046036 -1.0352672  -0.10959858]
  [ 0.07740472 -0.9373212  -0.2325734 ]
  [ 0.10615128 -0.9788954  -0.19296516]
  [ 0.03902588 -0.9778674  -0.20007747]
  [ 0.13705994 -0.9611987  -0.09348711]
  [-0.01419261 -0.9607454  -0.10892169]]]