[[[-0.31778792 -0.19349839  0.7683213 ]
  [-0.18111679 -0.11995267  0.36471355]
  [-0.06535925 -0.09074834 -0.03254671]
  [ 0.09473241 -0.23503096  0.0271809 ]
  [ 0.01169177 -0.12913804  0.42153192]
  [-0.09046493 -0.13624458  0.845981  ]
  [-0.15041764 -0.04230076 -0.21369763]
  [-0.2352008  -0.24372792 -0.14607295]
  [-0.11547666 -0.32412666 -0.3450418 ]
  [ 0.0978352  -0.37730384 -0.31258896]
  [ 0.1655389  -0.24070083 -0.10738612]
  [ 0.10849413 -0.07894318 -0.24903072]
  [-0.00728062 -0.37426722 -0.37368745]
  [-0.04230477 -0.46446985 -0.51008165]
  [ 0.05159186 -0.3503541  -0.5217878 ]
  [ 0.04948009 -0.4081984  -0.5275575 ]
  [ 0.00112585 -0.36880463 -0.5400835 ]
  [ 0.02805349 -0.4596104  -0.45592645]
  [-0.06377427 -0.38839284 -0.48017046]]]