[[[-0.12017609  0.59339136  0.08198893]
  [ 0.01762203  0.21232302  0.00978506]
  [ 0.04720572 -0.17216548 -0.09293574]
  [-0.01813736 -0.22203018  0.11464335]
  [-0.00539985  0.16295788  0.18657964]
  [-0.14149001  0.531741    0.32444495]
  [ 0.5507592  -0.6234766  -0.13132878]
  [ 0.33743986 -0.60204744 -0.21090478]
  [ 0.15700865 -0.5884511  -0.05466577]
  [ 0.09474213 -0.5527549   0.13709755]
  [-0.07202183 -0.4009293   0.23999462]
  [-0.04575092 -0.19069245  0.2851768 ]
  [ 0.14658369 -0.60106444  0.04738107]
  [ 0.17738408 -0.76468027  0.05492491]
  [ 0.27263325 -0.67547494  0.12469082]
  [ 0.23218721 -0.7151612   0.13484766]
  [ 0.26948637 -0.71429527  0.08341199]
  [ 0.14478897 -0.7012479   0.10861029]
  [ 0.21700945 -0.70206565  0.00905801]]]