[[[-0.19982353  0.32095948 -0.0672485 ]
  [-0.3503213  -0.06881753 -0.23578323]
  [-0.12776162 -0.27137446  0.05665353]
  [ 0.12540233 -0.26511335  0.04332171]
  [ 0.28446096 -0.06297781 -0.28766933]
  [ 0.20173569  0.3631322  -0.1250498 ]
  [-0.0938004  -0.23646137 -0.19036439]
  [-0.20725946 -0.4099259   0.00292983]
  [-0.1200057  -0.6894398   0.08242079]
  [ 0.19294623 -0.65455025  0.05431161]
  [ 0.20194109 -0.36156273 -0.01653452]
  [ 0.05065956 -0.22267117 -0.20755456]
  [ 0.04423368 -0.75451356  0.06846967]
  [ 0.04105899 -0.9846427   0.06144563]
  [-0.02667733 -0.8910581  -0.04111435]
  [ 0.01856272 -0.9331161  -0.03115035]
  [-0.03340053 -0.92782736  0.01124054]
  [ 0.11130024 -0.9158124   0.01605882]
  [-0.00799716 -0.907553    0.1107436 ]]]