[[[-7.58322328e-02  5.52575290e-01  2.36541435e-01]
  [-4.02790960e-04  1.77424639e-01  1.71469674e-02]
  [-5.74414507e-02 -2.42415786e-01 -1.01375535e-01]
  [ 5.99663034e-02 -2.89881289e-01  1.11424133e-01]
  [ 2.15915084e-01  1.14694037e-01  1.12311646e-01]
  [-3.59895593e-03  3.75509650e-01  3.89726967e-01]
  [ 1.72342598e-01 -1.95448011e-01 -2.41651773e-01]
  [-3.86121543e-03 -3.93657506e-01 -2.38083541e-01]
  [-4.52496260e-02 -6.68751359e-01 -1.85790196e-01]
  [ 5.57124726e-02 -6.93911195e-01  8.80398750e-02]
  [ 6.43120408e-02 -4.26884860e-01  1.86993331e-01]
  [ 1.58776864e-01 -1.85821339e-01  2.06796139e-01]
  [ 1.72654390e-02 -7.59919763e-01 -6.13547713e-02]
  [ 6.29214495e-02 -9.85765934e-01 -1.19991079e-01]
  [ 1.38194531e-01 -8.59109044e-01 -1.71763480e-01]
  [ 1.42162293e-01 -9.10007179e-01 -1.35805786e-01]
  [ 9.73782614e-02 -9.04091716e-01 -1.84915215e-01]
  [ 9.65798423e-02 -9.23732698e-01 -4.37587798e-02]
  [-6.29924238e-04 -9.13542509e-01 -1.49642795e-01]]]