[[[-0.20883666  0.37100035 -0.10960417]
  [-0.25505897 -0.03993087 -0.28713557]
  [-0.12442576 -0.26330802  0.07054196]
  [ 0.12672916 -0.26855227  0.02085755]
  [ 0.09944414 -0.00839769 -0.34191555]
  [ 0.09571338  0.4064682  -0.14613439]
  [-0.30560777 -0.15267578  0.04469205]
  [-0.25128794 -0.40054435  0.15807645]
  [-0.16240768 -0.6724031   0.06401011]
  [ 0.14009224 -0.6719368  -0.03857646]
  [ 0.23799865 -0.39009297 -0.05417158]
  [ 0.13736552 -0.21428196 -0.23879635]
  [-0.01986215 -0.74634176 -0.00963113]
  [-0.04792868 -0.9654988  -0.05045978]
  [-0.1452662  -0.85713714 -0.10317889]
  [-0.10316347 -0.9005781  -0.1181899 ]
  [-0.1326919  -0.9003447  -0.05809228]
  [ 0.00226166 -0.8925024  -0.11261198]
  [-0.06726957 -0.8950652   0.02250104]]]