[[[-0.12224091  0.344392   -0.00718036]
  [-0.2272188   0.01535405 -0.2726033 ]
  [-0.1311646  -0.2676462   0.02508768]
  [ 0.11398162 -0.282822    0.05914736]
  [ 0.31652823 -0.02135018 -0.19639052]
  [ 0.25830218  0.36783016  0.02154867]
  [-0.36645734 -0.36265653 -0.2502849 ]
  [-0.30708915 -0.46410006 -0.00547165]
  [-0.15018739 -0.7100762   0.04553023]
  [ 0.16497289 -0.68259174  0.04422696]
  [ 0.2444323  -0.41770315 -0.05159345]
  [ 0.18103391 -0.3530879  -0.30530933]
  [ 0.01396389 -0.7718716   0.04045956]
  [ 0.02169244 -0.99952894  0.02791914]
  [-0.04842484 -0.9094496  -0.07528834]
  [-0.00171107 -0.94881296 -0.06444952]
  [-0.05460165 -0.94681334 -0.02378725]
  [ 0.08863163 -0.92700785 -0.0142483 ]
  [-0.03285132 -0.92574793  0.0764166 ]]]