[[[-0.09530321  0.18422452  0.00370755]
  [-0.236498   -0.07162715 -0.26671097]
  [-0.12186499 -0.23642626  0.0643443 ]
  [ 0.12581435 -0.24407162  0.01290906]
  [ 0.08397822 -0.16916518 -0.33892068]
  [ 0.10283527  0.16369052 -0.10536011]
  [-0.49906877 -0.17597522 -0.09868509]
  [-0.3440598  -0.35267925  0.00590426]
  [-0.18685456 -0.55592924 -0.10045426]
  [ 0.07444168 -0.5394588  -0.22110736]
  [ 0.1928921  -0.29068184 -0.2630121 ]
  [ 0.1692444  -0.09416388 -0.42011166]
  [-0.06732979 -0.6065297  -0.1889074 ]
  [-0.10641284 -0.802609   -0.24876586]
  [-0.17962722 -0.6868477  -0.31064478]
  [-0.14155407 -0.73211604 -0.32227504]
  [-0.18250713 -0.7313484  -0.27086568]
  [-0.04546526 -0.7357908  -0.2924872 ]
  [-0.13557836 -0.737505   -0.18449867]]]