[[[-0.20165917  0.51655895  0.29178876]
  [-0.08298619  0.1590313   0.07924895]
  [-0.04569025 -0.23391786 -0.10112326]
  [ 0.06584559 -0.26866606  0.0982198 ]
  [ 0.03807205  0.14996892  0.1644707 ]
  [-0.06191787  0.523316    0.36994582]
  [ 0.0374223  -0.26624987 -0.14511013]
  [-0.15862243 -0.4174079  -0.11768028]
  [-0.06886524 -0.6506543  -0.18984371]
  [ 0.12861152 -0.68983126 -0.00487353]
  [ 0.11278088 -0.43485206  0.08119065]
  [ 0.17147163 -0.23926054 -0.05511803]
  [ 0.04326202 -0.7338055  -0.12825693]
  [ 0.02981866 -0.9275592  -0.21740045]
  [ 0.13584833 -0.8261942  -0.27138472]
  [ 0.1276438  -0.8801398  -0.24087407]
  [ 0.0817972  -0.85411245 -0.2813143 ]
  [ 0.09244862 -0.8896313  -0.14645119]
  [-0.00507158 -0.83730394 -0.23224889]]]