[[[-0.07910232  0.43784797  0.2686796 ]
  [-0.10691115  0.1456422  -0.06053255]
  [-0.1293749  -0.28323478  0.00327393]
  [ 0.12032747 -0.27758503  0.01884515]
  [ 0.11663391  0.13033469  0.19220255]
  [ 0.11122386  0.11744198  0.64165866]
  [-0.6579977  -0.76876235 -0.06084941]
  [-0.39340597 -0.7605995  -0.10179861]
  [-0.11012268 -0.74160707 -0.14050837]
  [ 0.19192363 -0.699472   -0.14005224]
  [ 0.46089762 -0.6178611  -0.1028493 ]
  [ 0.7237843  -0.57454824 -0.13505964]
  [ 0.04786116 -0.76894325 -0.17492999]
  [ 0.0747687  -0.97998124 -0.24983878]
  [ 0.05947762 -0.8658414  -0.3569659 ]
  [ 0.09894965 -0.9074839  -0.32835364]
  [ 0.03229164 -0.9158742  -0.32671714]
  [ 0.1412839  -0.89986926 -0.23250364]
  [-0.00827169 -0.91877866 -0.22650108]]]