[[[-0.03597102  0.4039527  -0.16336653]
  [-0.00576315 -0.008131   -0.35554615]
  [-0.1325279  -0.25815013 -0.01294494]
  [ 0.10363285 -0.26767343  0.1013201 ]
  [ 0.3133847  -0.02136992 -0.19731386]
  [ 0.18051942  0.369568    0.00473772]
  [-0.2185076  -0.09821881 -0.20159204]
  [-0.25747553 -0.36742616 -0.13296872]
  [-0.09397162 -0.62582505 -0.15166456]
  [ 0.20609441 -0.6189936  -0.05091726]
  [ 0.3475964  -0.36098433  0.01498503]
  [ 0.3438298  -0.15479897 -0.16922155]
  [ 0.07024061 -0.6841865  -0.13496457]
  [ 0.12507522 -0.86919534 -0.24958174]
  [ 0.07185525 -0.7403542  -0.3161241 ]
  [ 0.12110925 -0.7773102  -0.30824268]
  [ 0.0586027  -0.7983054  -0.29549077]
  [ 0.18430224 -0.7841305  -0.2243561 ]
  [ 0.04337151 -0.8327349  -0.19826536]]]