[[[ 0.2142254  -0.12161951  0.7347709 ]
  [ 0.2336824  -0.2511835   0.3347403 ]
  [ 0.09351213 -0.11734728 -0.00878612]
  [-0.09218371 -0.2562829  -0.00102408]
  [ 0.17942952 -0.34884986  0.2894424 ]
  [ 0.13031895 -0.2435055   0.69422424]
  [ 0.26993826 -0.5512439  -0.37108675]
  [ 0.27211636 -0.39245614 -0.19533864]
  [ 0.19811526 -0.19164295 -0.31375763]
  [ 0.0236312  -0.27215436 -0.3935731 ]
  [-0.1073796  -0.46055475 -0.30770192]
  [ 0.08953852 -0.51223224 -0.38857195]
  [ 0.129659   -0.23468155 -0.38306662]
  [ 0.22640358 -0.28615487 -0.5292167 ]
  [ 0.20099089 -0.3699997  -0.4106361 ]
  [ 0.18877354 -0.36740577 -0.46703473]
  [ 0.2418775  -0.34479722 -0.44032285]
  [ 0.14143655 -0.29670894 -0.5019604 ]
  [ 0.246326   -0.25304323 -0.45217758]]]