[[[-0.10784781  0.36757657 -0.10624622]
  [-0.28864476 -0.01396587 -0.24207936]
  [-0.12646899 -0.26781994  0.05919872]
  [ 0.12166151 -0.2801029   0.02901677]
  [ 0.22530013  0.00711296 -0.27824563]
  [ 0.17387635  0.38899797 -0.03724799]
  [-0.20177998 -0.2620316  -0.18476014]
  [-0.26375777 -0.4192816   0.03326872]
  [-0.15377474 -0.69751036  0.05364738]
  [ 0.15827699 -0.68082654  0.00249674]
  [ 0.22379111 -0.39215875 -0.03368334]
  [ 0.11616956 -0.23979986 -0.23232591]
  [ 0.00195463 -0.76868814  0.01933175]
  [-0.01364237 -0.99504715  0.02003081]
  [-0.12041967 -0.89989626 -0.03788239]
  [-0.07958129 -0.94539684 -0.05028503]
  [-0.10031728 -0.9339212   0.01245627]
  [ 0.02649935 -0.93408334 -0.06140269]
  [-0.02463397 -0.9124364   0.08010539]]]