[[[-0.0403288   0.51551425  0.2863399 ]
  [-0.11401085  0.09662136  0.22435433]
  [ 0.03292523 -0.2881912   0.11325033]
  [-0.04713712 -0.22480905 -0.09457566]
  [-0.06872433  0.18144925  0.01248179]
  [ 0.01626196  0.60085016  0.08815199]
  [-0.07386566 -0.27845675  0.35937268]
  [ 0.03686985 -0.4683275   0.2277784 ]
  [ 0.01399723 -0.6836842   0.06315777]
  [-0.03473188 -0.64380527 -0.21058807]
  [-0.0093413  -0.3752386  -0.2562889 ]
  [-0.08952454 -0.14554347 -0.1953554 ]
  [-0.02723215 -0.7322912  -0.07635266]
  [-0.05477173 -0.951664   -0.07057128]
  [-0.12522495 -0.85403097  0.0239986 ]
  [-0.1333716  -0.89521474 -0.02148779]
  [-0.07915179 -0.8944543   0.01636519]
  [-0.10938008 -0.8811655  -0.12019816]
  [ 0.00485406 -0.8823905  -0.03695675]]]