[[[-5.6997120e-02  3.8737229e-01 -1.5923405e-01]
  [-1.9166026e-01 -1.3057249e-02 -3.1926024e-01]
  [-1.3389587e-01 -2.6130342e-01  3.8094625e-02]
  [ 1.1851783e-01 -2.8070444e-01  5.2902810e-02]
  [ 2.5718999e-01 -6.8868534e-04 -2.6054844e-01]
  [ 2.1029614e-01  4.0959615e-01 -5.2007731e-02]
  [-1.5330036e-01 -2.8728101e-01 -2.1276078e-01]
  [-2.8108251e-01 -4.3128586e-01 -1.1466332e-02]
  [-1.6569923e-01 -7.0261848e-01  4.0941745e-02]
  [ 1.5211610e-01 -6.7923713e-01  4.6877250e-02]
  [ 2.2140239e-01 -3.8900232e-01  1.8084470e-02]
  [ 1.5033570e-01 -2.1465272e-01 -1.8456425e-01]
  [-4.0345201e-03 -7.6667982e-01  3.4420218e-02]
  [-1.7692570e-02 -9.9074405e-01  1.0945682e-02]
  [-9.0337142e-02 -8.8967508e-01 -8.1116728e-02]
  [-4.6080731e-02 -9.3372267e-01 -7.6973967e-02]
  [-9.3739010e-02 -9.2831224e-01 -2.9912040e-02]
  [ 5.2305631e-02 -9.2277825e-01 -3.7675198e-02]
  [-5.8426097e-02 -9.1343516e-01  6.7351758e-02]]]