[[[-0.15697995  0.52245855  0.29130298]
  [-0.1705898   0.14509052  0.06412467]
  [-0.10896824 -0.27672923  0.0615836 ]
  [ 0.09645202 -0.25259525 -0.05086076]
  [ 0.08231164  0.17039035  0.01969543]
  [ 0.14947633  0.57760394  0.18515222]
  [-0.29814732 -0.268444    0.18013497]
  [-0.14652121 -0.46575975  0.23499587]
  [-0.13168977 -0.68718415  0.07055965]
  [ 0.07201767 -0.71702415 -0.11881246]
  [ 0.22362289 -0.48840833 -0.10064209]
  [ 0.14921544 -0.2591457  -0.1665802 ]
  [-0.05970912 -0.764085   -0.04906368]
  [-0.12760171 -0.97002506 -0.06278563]
  [-0.18793735 -0.8660408  -0.16038655]
  [-0.15027344 -0.9163034  -0.15435086]
  [-0.19605298 -0.90158063 -0.10867547]
  [-0.05679129 -0.9158476  -0.11596653]
  [-0.15729468 -0.8864379  -0.01572959]]]