[[[-0.19249605  0.09352628  0.14630824]
  [-0.253342   -0.02490717 -0.25676563]
  [-0.13362613 -0.28653923  0.05196417]
  [ 0.13327555 -0.26758927  0.03948357]
  [ 0.1658155  -0.05676194 -0.30578965]
  [ 0.10174753  0.14484796  0.06504171]
  [-0.18983127 -0.09579436 -0.24156787]
  [-0.25250465 -0.35055226 -0.14121664]
  [-0.12149693 -0.621655   -0.18281728]
  [ 0.19724865 -0.58597267 -0.19179705]
  [ 0.31890842 -0.31285775 -0.14701614]
  [ 0.29572883 -0.05237976 -0.23912747]
  [ 0.04545061 -0.67472863 -0.22329108]
  [ 0.06963178 -0.885569   -0.30684912]
  [ 0.02440362 -0.7705876  -0.401954  ]
  [ 0.07144327 -0.8104365  -0.38583827]
  [ 0.00679819 -0.82134616 -0.36716238]
  [ 0.13737583 -0.8019767  -0.30394667]
  [-0.00798397 -0.8298604  -0.26198816]]]