[[[ 0.1514314   0.03656457  0.786705  ]
  [ 0.16930664 -0.0369141   0.35917062]
  [ 0.0662024  -0.08178444 -0.01714473]
  [-0.04705659 -0.27796623  0.01236317]
  [ 0.08120492 -0.16982621  0.3864184 ]
  [ 0.01802039 -0.12303344  0.81913555]
  [ 0.5197294  -0.44081625 -0.0073571 ]
  [ 0.39526898 -0.25037903 -0.06687604]
  [ 0.25706077 -0.28987402 -0.26856285]
  [ 0.10586443 -0.4295867  -0.2688927 ]
  [-0.12861657 -0.45642728 -0.18994   ]
  [-0.06799909 -0.5714204  -0.01258096]
  [ 0.2041735  -0.3833869  -0.27986756]
  [ 0.30388415 -0.5165447  -0.33194885]
  [ 0.28868115 -0.47163886 -0.19482267]
  [ 0.2781475  -0.51714516 -0.227979  ]
  [ 0.3268305  -0.47740084 -0.23591223]
  [ 0.22357611 -0.5091481  -0.29989266]
  [ 0.3179827  -0.43493748 -0.31397098]]]