[[[-0.1599602   0.2987885   0.61858666]
  [-0.01470062  0.12255419  0.26931965]
  [ 0.02039742 -0.09639414 -0.06661459]
  [ 0.01568572 -0.27233624  0.06552301]
  [-0.02056165  0.04456279  0.3155108 ]
  [-0.16253027  0.2851732   0.6330605 ]
  [ 0.47217444 -0.16730662  0.0511686 ]
  [ 0.34097373 -0.1871559  -0.1418262 ]
  [ 0.25248075 -0.37584183 -0.2672891 ]
  [ 0.1890672  -0.4909261  -0.11205731]
  [ 0.02149307 -0.3711165   0.02850067]
  [ 0.04747302 -0.22050925  0.18897411]
  [ 0.2508514  -0.46205428 -0.2055279 ]
  [ 0.3774106  -0.58244824 -0.24888512]
  [ 0.40016595 -0.4534755  -0.18325727]
  [ 0.40534234 -0.51069045 -0.17421135]
  [ 0.41211647 -0.48272654 -0.23069336]
  [ 0.3308445  -0.5647779  -0.17749643]
  [ 0.34622627 -0.5126018  -0.28262794]]]