[[[-0.09651673  0.02463152  0.05343743]
  [-0.3675631  -0.21899723 -0.12093677]
  [-0.08395414 -0.2650621   0.1204014 ]
  [ 0.12274687 -0.20911647 -0.04811153]
  [-0.157964   -0.21044382 -0.30004564]
  [-0.07785402  0.09748175 -0.03848284]
  [-0.19241479  0.05115305 -0.15844433]
  [-0.27153412 -0.18540302 -0.05707464]
  [-0.24697469 -0.46589926 -0.12983546]
  [-0.02213715 -0.45682293 -0.2976669 ]
  [ 0.06581851 -0.18166009 -0.30889213]
  [-0.02315262  0.06530568 -0.33838943]
  [-0.1656456  -0.5129572  -0.23995997]
  [-0.31820774 -0.6429711  -0.3150257 ]
  [-0.3320857  -0.49784672 -0.2696378 ]
  [-0.3391874  -0.5337503  -0.31730753]
  [-0.33878908 -0.55448014 -0.2539465 ]
  [-0.26105967 -0.5771431  -0.3718518 ]
  [-0.26650324 -0.62290096 -0.23694131]]]