[[[-0.13009578  0.44418246  0.3634519 ]
  [-0.11810234  0.15902805  0.02762968]
  [-0.12706915 -0.27845454  0.00427381]
  [ 0.1188112  -0.27873212  0.01628373]
  [ 0.1045336   0.1553447   0.02502918]
  [ 0.07857428  0.45794106  0.3472918 ]
  [-0.6786781  -0.72659886 -0.10835952]
  [-0.41827756 -0.7274308  -0.07046452]
  [-0.13572156 -0.7494602  -0.072376  ]
  [ 0.15491082 -0.7443019  -0.06559937]
  [ 0.4284016  -0.71197677 -0.02598926]
  [ 0.6809345  -0.7346844  -0.09124195]
  [ 0.01193246 -0.7967478  -0.09432153]
  [ 0.01786324 -1.0151728  -0.11978789]
  [ 0.01209523 -0.93020964 -0.25240764]
  [ 0.04759854 -0.9673906  -0.21456015]
  [-0.01938972 -0.9680345  -0.21107373]
  [ 0.09201115 -0.9406979  -0.1232945 ]
  [-0.05755452 -0.9429581  -0.11412452]]]