[[[-0.17033453  0.3900517   0.33223817]
  [-0.1823851   0.14171886 -0.02269032]
  [-0.12535112 -0.2849128   0.02257047]
  [ 0.11883454 -0.2791242   0.00755079]
  [ 0.11164317  0.14387067 -0.06236693]
  [ 0.12881403  0.4840141   0.2128323 ]
  [-0.12851726 -0.79100484 -0.35667673]
  [-0.29492348 -0.6458324  -0.23363486]
  [-0.12547491 -0.7599483  -0.04584023]
  [ 0.17104696 -0.7346754  -0.02097753]
  [ 0.3635441  -0.594804   -0.16095322]
  [ 0.28525287 -0.80975586 -0.24945621]
  [ 0.02575121 -0.80694115 -0.03638242]
  [ 0.04484782 -1.0303285  -0.05585815]
  [-0.01018909 -0.9445068  -0.1745548 ]
  [ 0.0373015  -0.980459   -0.15335035]
  [-0.0235181  -0.9835812  -0.12567896]
  [ 0.11194554 -0.9516571  -0.08372627]
  [-0.0248005  -0.9614253  -0.02212324]]]