[[[-0.12227702  0.5399353   0.3315631 ]
  [-0.12388427  0.20294063 -0.01335631]
  [-0.13146347 -0.26531044  0.01591966]
  [ 0.12743987 -0.25299793  0.01378399]
  [ 0.07473863  0.20782746  0.03787952]
  [ 0.04729148  0.60429376  0.32215172]
  [-0.2578369  -0.1438263  -0.02642077]
  [-0.22537377 -0.414882    0.04164587]
  [-0.14102726 -0.68860936 -0.03597999]
  [ 0.16298738 -0.6886893  -0.041364  ]
  [ 0.24686953 -0.4111414   0.02674943]
  [ 0.2711344  -0.15732923 -0.08076971]
  [ 0.01172105 -0.76124203 -0.06903848]
  [-0.00248618 -0.98033476 -0.09818806]
  [-0.02480917 -0.8864458  -0.22203943]
  [ 0.01332505 -0.9301915  -0.19468352]
  [-0.05140034 -0.92367476 -0.1768448 ]
  [ 0.07823352 -0.9136991  -0.11531681]
  [-0.06448229 -0.9013512  -0.07586757]]]