[[[-0.09680812  0.12664768  0.7068839 ]
  [-0.12371624  0.08717387  0.25889334]
  [-0.12818633 -0.29133397  0.01809834]
  [ 0.12213787 -0.2683811  -0.00617947]
  [ 0.05168008  0.15270036 -0.04538896]
  [ 0.00773184  0.46976674  0.26615044]
  [-0.6717295  -0.7480885  -0.10549311]
  [-0.40082598 -0.74963665 -0.10462162]
  [-0.1129727  -0.7457448  -0.12451877]
  [ 0.18444139 -0.7236159  -0.1329608 ]
  [ 0.46060145 -0.6739716  -0.08931312]
  [ 0.72753114 -0.6558815  -0.1329328 ]
  [ 0.04213599 -0.7843891  -0.16021577]
  [ 0.07070865 -1.0013089  -0.22326554]
  [ 0.08806664 -0.8892005  -0.3346233 ]
  [ 0.11750215 -0.9315374  -0.29483023]
  [ 0.05220451 -0.93821037 -0.31166753]
  [ 0.13186458 -0.92206585 -0.19167367]
  [-0.01503409 -0.9378783  -0.2249436 ]]]