[[[-0.06818906  0.5425625   0.11786582]
  [-0.08985689  0.15220404 -0.12836832]
  [-0.13007025 -0.27327707 -0.00287578]
  [ 0.12255897 -0.26538366  0.03517913]
  [ 0.1300084   0.16800156  0.17053223]
  [ 0.11337931  0.20222662  0.64114755]
  [-0.4113498  -0.24237008 -0.10622355]
  [-0.2785142  -0.48559785 -0.09397274]
  [-0.07865489 -0.69542116 -0.16155864]
  [ 0.22301537 -0.62015736 -0.11955883]
  [ 0.25351337 -0.330407   -0.05996772]
  [ 0.23508719 -0.06387006 -0.12460771]
  [ 0.09346627 -0.72449756 -0.17603594]
  [ 0.13755426 -0.93434596 -0.24467935]
  [ 0.08968605 -0.82677203 -0.34693432]
  [ 0.1376104  -0.8637819  -0.32805133]
  [ 0.07420999 -0.87697214 -0.31061348]
  [ 0.19973409 -0.8479826  -0.24529952]
  [ 0.05895394 -0.8787816  -0.20721342]]]