[[[-0.07226244  0.35104668 -0.04628442]
  [-0.20151144  0.01292398 -0.29129878]
  [-0.13316673 -0.26226807  0.02967141]
  [ 0.11452299 -0.28295517  0.05606159]
  [ 0.3113443  -0.01666593 -0.20625184]
  [ 0.23384917  0.37770998 -0.0026796 ]
  [-0.0702453  -0.67371786 -0.18839987]
  [-0.27160585 -0.511593   -0.13205326]
  [-0.14910465 -0.7180172   0.02549718]
  [ 0.15789148 -0.6802875   0.04352731]
  [ 0.25257295 -0.39981717  0.04062407]
  [ 0.20308287 -0.22687808 -0.15723279]
  [ 0.00632376 -0.7675312   0.02723135]
  [-0.0129209  -0.98786753 -0.01162156]
  [-0.09011289 -0.87831134 -0.08588644]
  [-0.04763143 -0.9229381  -0.09077616]
  [-0.09017994 -0.92114186 -0.03913055]
  [ 0.05444647 -0.9181815  -0.05979829]
  [-0.0450794  -0.9159321   0.05450854]]]