[[[-0.08395498  0.5130494   0.36608154]
  [-0.11674967  0.1920202   0.11210471]
  [-0.11478959 -0.18599117  0.01104154]
  [ 0.1084595  -0.19022217 -0.02583153]
  [ 0.02999967  0.19735983 -0.00853129]
  [ 0.01760191  0.5589521   0.19302487]
  [-0.33528104 -0.04943469 -0.23214622]
  [-0.2779596  -0.25555587 -0.13776219]
  [-0.17585348 -0.48107404 -0.14763865]
  [-0.00103445 -0.48508692 -0.27043176]
  [-0.03183241 -0.26633248 -0.389348  ]
  [-0.19662312 -0.12147916 -0.4453073 ]
  [-0.09916089 -0.525259   -0.21984896]
  [-0.14061064 -0.69333863 -0.2636392 ]
  [-0.23161587 -0.5822174  -0.29545513]
  [-0.20347397 -0.6246783  -0.32132733]
  [-0.22583191 -0.62692267 -0.2620716 ]
  [-0.1083455  -0.6266351  -0.31713688]
  [-0.15601465 -0.6358847  -0.20526642]]]