[[[-0.08652016  0.6069941   0.2938084 ]
  [-0.08039775  0.20681491  0.04511406]
  [-0.12609342 -0.24254477 -0.00297364]
  [ 0.12029314 -0.24733987  0.02124353]
  [ 0.12104153  0.19269848 -0.05676797]
  [ 0.1705171   0.63973916  0.09570099]
  [-0.2807995  -0.15639722 -0.18399906]
  [-0.25440788 -0.36608684 -0.01298109]
  [-0.16652401 -0.6401595  -0.01900198]
  [ 0.11877938 -0.6663293  -0.01466501]
  [ 0.21337998 -0.39994156  0.03808498]
  [ 0.24200653 -0.15436144 -0.06222209]
  [-0.0293152  -0.7240412  -0.03864842]
  [-0.06412514 -0.9350616  -0.0520107 ]
  [-0.08768637 -0.8473803  -0.17614985]
  [-0.05285641 -0.8932053  -0.1514749 ]
  [-0.11320052 -0.87878144 -0.12822723]
  [ 0.0176888  -0.88028413 -0.08074038]
  [-0.11252312 -0.8523506  -0.03154105]]]