[[[-0.1503044   0.453374    0.33989698]
  [-0.15358141  0.1484742   0.01966675]
  [-0.12425806 -0.29224688  0.026349  ]
  [ 0.11970957 -0.26509774 -0.00274693]
  [ 0.04486911  0.163705    0.01631225]
  [-0.0028794   0.5157285   0.28529376]
  [-0.55420905 -0.5862584  -0.1307547 ]
  [-0.34750953 -0.5619155   0.02072245]
  [-0.12452336 -0.7262169  -0.0607151 ]
  [ 0.17478542 -0.7092682  -0.12312955]
  [ 0.39807653 -0.5281945  -0.13729334]
  [ 0.5571551  -0.5335386  -0.33816084]
  [ 0.02444812 -0.7811099  -0.12142953]
  [ 0.02484587 -1.001485   -0.15418215]
  [ 0.00788112 -0.9132764  -0.2840554 ]
  [ 0.04684629 -0.95102376 -0.25036025]
  [-0.01999331 -0.9517509  -0.24131283]
  [ 0.09954332 -0.9265727  -0.16269457]
  [-0.05050372 -0.92889774 -0.14097564]]]