[[[-0.05905939  0.34523922  0.62515604]
  [-0.02735318  0.1444282   0.25512546]
  [-0.07398608 -0.11639149 -0.05105767]
  [ 0.08558401 -0.24267474  0.03979909]
  [ 0.18324922  0.06027193  0.28833762]
  [ 0.2453044   0.25353     0.66407305]
  [-0.12304396 -0.11394291 -0.20834665]
  [-0.29290664 -0.22817701 -0.11507921]
  [-0.18362069 -0.41469416 -0.23052572]
  [ 0.02870338 -0.49142182 -0.15396349]
  [ 0.06838567 -0.34274328  0.04480171]
  [ 0.11948564 -0.18092695 -0.0868256 ]
  [-0.08611774 -0.49312013 -0.23035273]
  [-0.13399312 -0.63835627 -0.30312347]
  [-0.13192518 -0.51750326 -0.38420612]
  [-0.1091981  -0.5695304  -0.3828075 ]
  [-0.16602436 -0.5545558  -0.36005864]
  [-0.05422352 -0.59378004 -0.31294402]
  [-0.16621524 -0.5678212  -0.27179256]]]