[[[-0.08033305  0.5802682   0.26205906]
  [-0.10559415  0.17291218  0.07901631]
  [-0.12057856 -0.26197952  0.032896  ]
  [ 0.10970958 -0.24404456 -0.02768195]
  [ 0.08722333  0.1887342   0.00313975]
  [ 0.15801135  0.57259095  0.23109737]
  [-0.29668218 -0.23309061  0.13133089]
  [-0.1480219  -0.4372627   0.18783033]
  [-0.10081846 -0.6786137   0.06255974]
  [ 0.11207512 -0.6728201  -0.1233616 ]
  [ 0.14887753 -0.40674734 -0.19878349]
  [ 0.01850123 -0.22547434 -0.3237977 ]
  [-0.00561032 -0.7451009  -0.04591189]
  [-0.0216195  -0.9585906  -0.04358374]
  [-0.12139984 -0.8773863  -0.1294084 ]
  [-0.07461096 -0.91854453 -0.13070291]
  [-0.11186118 -0.90940446 -0.07681911]
  [ 0.02246163 -0.89678854 -0.11252389]
  [-0.05775373 -0.88007855  0.00259634]]]