[[[-0.15584196  0.49807358  0.33008963]
  [-0.16658778  0.13156672  0.09737461]
  [-0.10910702 -0.2854637   0.05625961]
  [ 0.09611864 -0.25129095 -0.05139603]
  [ 0.08064035  0.16147074  0.04725923]
  [ 0.13903107  0.5494268   0.24118909]
  [-0.2916568  -0.3021962   0.17108254]
  [-0.13199735 -0.48925942  0.22497022]
  [-0.11129746 -0.7021103   0.05173907]
  [ 0.09260026 -0.7154685  -0.13956618]
  [ 0.23328209 -0.48114696 -0.11549936]
  [ 0.12550779 -0.26651618 -0.17167394]
  [-0.03675816 -0.7731896  -0.06936636]
  [-0.09779427 -0.9850467  -0.08285667]
  [-0.17164463 -0.8799847  -0.17023998]
  [-0.13239866 -0.92946887 -0.17008394]
  [-0.17296092 -0.91698045 -0.11899251]
  [-0.03425214 -0.92744774 -0.14256153]
  [-0.12346049 -0.9033902  -0.03071007]]]