[[[-0.11900961  0.46139106  0.33529598]
  [-0.14305939  0.16528022 -0.00506415]
  [-0.12762997 -0.28760973 -0.00133243]
  [ 0.1207618  -0.27383563  0.03202706]
  [ 0.13335826  0.15518427 -0.04715663]
  [ 0.09173505  0.5345608   0.20308432]
  [-0.25829974 -0.23919825 -0.11354962]
  [-0.22923496 -0.501122   -0.05255437]
  [-0.06937276 -0.7319445  -0.11246236]
  [ 0.22350836 -0.68402374 -0.04149045]
  [ 0.30235302 -0.42520165  0.06785637]
  [ 0.36935443 -0.16871336  0.02401555]
  [ 0.10310849 -0.7704116  -0.11262609]
  [ 0.18450657 -0.9693287  -0.1908872 ]
  [ 0.23026222 -0.83273524 -0.25549862]
  [ 0.24544068 -0.8806224  -0.21596944]
  [ 0.19689193 -0.88661647 -0.2625628 ]
  [ 0.21046057 -0.89721334 -0.12018999]
  [ 0.09974074 -0.91093105 -0.2216546 ]]]