[[[-0.03157092  0.50571644  0.30263585]
  [-0.12944442  0.12928401  0.14550483]
  [-0.05622157 -0.2755173   0.11244222]
  [ 0.04379586 -0.24413727 -0.09550953]
  [-0.09479218  0.1463271  -0.07764687]
  [ 0.02889281  0.49730998  0.11697653]
  [-0.20382148 -0.2291529   0.30095902]
  [-0.10396239 -0.4567676   0.28084755]
  [-0.09214476 -0.6739447   0.12209078]
  [-0.03026782 -0.6896806  -0.14922917]
  [ 0.04309985 -0.46234018 -0.26711974]
  [-0.04899395 -0.23836224 -0.28431743]
  [-0.08981997 -0.7383369  -0.01337893]
  [-0.16582537 -0.93655187  0.0024383 ]
  [-0.23854962 -0.81476825  0.0575569 ]
  [-0.24135683 -0.860203    0.01730709]
  [-0.20252474 -0.86310613  0.06969612]
  [-0.18718427 -0.86538315 -0.06923262]
  [-0.10707946 -0.873928    0.04739094]]]