[[[ 4.94263321e-02  5.28286278e-01  3.07922214e-01]
  [-2.51505692e-02  1.63709298e-01  9.23279971e-02]
  [-1.19987234e-01 -2.49221534e-01  5.32250013e-03]
  [ 1.10316306e-01 -2.47294486e-01  9.03272827e-04]
  [ 3.85642014e-02  1.60017177e-01 -7.33932555e-02]
  [ 1.00199142e-02  5.88944137e-01 -3.60592082e-02]
  [-4.03909534e-01 -3.19335908e-01 -1.40971228e-01]
  [-2.99583912e-01 -4.86461401e-01  1.63854435e-02]
  [-1.33229718e-01 -6.90186381e-01  7.41822645e-04]
  [ 1.27140045e-01 -6.79664373e-01 -1.42842447e-02]
  [ 2.36051738e-01 -4.44096804e-01  3.80502492e-02]
  [ 3.48297119e-01 -2.32927352e-01 -2.34944448e-02]
  [-6.48216158e-03 -7.41756141e-01 -3.02122608e-02]
  [-4.01565665e-03 -9.40380096e-01 -3.68660316e-02]
  [-1.27475932e-01 -8.63989115e-01 -8.67549106e-02]
  [-8.40995908e-02 -9.04729366e-01 -1.02394208e-01]
  [-9.91029888e-02 -8.92714143e-01 -3.98333259e-02]
  [ 1.41573893e-02 -8.82216573e-01 -1.20698109e-01]
  [-2.32166089e-02 -8.61171544e-01  1.32638104e-02]]]