[[[-0.08855011  0.54281497  0.3508346 ]
  [-0.12147138  0.19262429  0.02868739]
  [-0.13094148 -0.27190307  0.02123481]
  [ 0.1260597  -0.2556816   0.00322762]
  [ 0.06333929  0.1996769   0.0486456 ]
  [ 0.04342257  0.5649231   0.36279812]
  [-0.20898232 -0.1411573  -0.07877838]
  [-0.20954673 -0.4109525  -0.00290214]
  [-0.13816607 -0.6937394  -0.05242435]
  [ 0.16698617 -0.6832258  -0.0701831 ]
  [ 0.21980515 -0.3944971  -0.02576953]
  [ 0.18158364 -0.13823295 -0.12119921]
  [ 0.01749982 -0.7658009  -0.08841511]
  [ 0.02025879 -0.99041665 -0.12308214]
  [-0.00850546 -0.89342475 -0.24337897]
  [ 0.0332196  -0.9343883  -0.21671477]
  [-0.03236163 -0.93507385 -0.20057893]
  [ 0.09435624 -0.9154949  -0.13458137]
  [-0.04994955 -0.9185829  -0.0983533 ]]]