[[[-0.17520238  0.3519972  -0.0201722 ]
  [-0.28944752 -0.01497568 -0.25420058]
  [-0.13180906 -0.26973122  0.04334744]
  [ 0.12207353 -0.28016305  0.04860264]
  [ 0.29043826 -0.02038359 -0.24559197]
  [ 0.21845636  0.3751347  -0.020796  ]
  [-0.13843818 -0.21078809 -0.18983363]
  [-0.23882127 -0.40016747 -0.00778496]
  [-0.16190325 -0.69094485  0.02731742]
  [ 0.15771951 -0.6868211   0.03126842]
  [ 0.22936533 -0.39474046  0.02975839]
  [ 0.17023541 -0.21603522 -0.17343663]
  [-0.00201722 -0.77043027  0.01688282]
  [-0.02142589 -0.99890363 -0.0048027 ]
  [-0.0830421  -0.89687604 -0.10398042]
  [-0.04053589 -0.9422916  -0.09542242]
  [-0.09224068 -0.93534935 -0.05289276]
  [ 0.05375896 -0.93263894 -0.04751993]
  [-0.0659584  -0.92037016  0.04763139]]]