[[[-0.18216267  0.3358033  -0.18373756]
  [-0.29804122 -0.07697175 -0.29901633]
  [-0.12745318 -0.25254405  0.04686068]
  [ 0.12025391 -0.25677943  0.05255709]
  [ 0.2924485  -0.0694743  -0.2917658 ]
  [ 0.21708155  0.37511408 -0.19297428]
  [-0.28100482 -0.15306446  0.02335716]
  [-0.27728242 -0.37108707  0.19444987]
  [-0.15112405 -0.64038706  0.19922735]
  [ 0.1580945  -0.6340435   0.2047566 ]
  [ 0.2692111  -0.35983837  0.22343762]
  [ 0.3068341  -0.12138187  0.09068315]
  [ 0.00497228 -0.711818    0.19639444]
  [-0.00815854 -0.931472    0.21309745]
  [-0.0594435  -0.8550359   0.0898163 ]
  [-0.0176675  -0.89498085  0.11133283]
  [-0.07387955 -0.8831054   0.14491314]
  [ 0.06658482 -0.8724736   0.1665058 ]
  [-0.06050126 -0.84854597  0.24127804]]]