[[[ 0.05456324  0.5326115   0.10801381]
  [-0.05476238  0.13022089  0.1747907 ]
  [ 0.04635964 -0.2780709   0.11381873]
  [-0.05998464 -0.2461309  -0.08828037]
  [-0.10442231  0.16468386 -0.02302136]
  [ 0.03265139  0.5707023  -0.03128506]
  [-0.01758205 -0.21921724  0.3643755 ]
  [ 0.05116379 -0.43998945  0.25901437]
  [-0.02734849 -0.6744649   0.15229905]
  [-0.10868648 -0.69151115 -0.11503372]
  [-0.05123341 -0.47070962 -0.2588246 ]
  [-0.10322054 -0.22762091 -0.25290444]
  [-0.09436116 -0.74283373  0.03242591]
  [-0.15093572 -0.950779    0.06013321]
  [-0.18842041 -0.84198564  0.162732  ]
  [-0.21025279 -0.88260615  0.12116561]
  [-0.14983101 -0.8885036   0.14765823]
  [-0.20504056 -0.8744252   0.01815495]
  [-0.07594573 -0.88894576  0.0783586 ]]]