[[[-0.04894571  0.34477848  0.4312351 ]
  [-0.10390623  0.15713367  0.03359088]
  [-0.12949955 -0.29668128  0.01482559]
  [ 0.12220546 -0.27299157  0.00318027]
  [ 0.02349766  0.1573724   0.05407051]
  [ 0.00519896  0.45004636  0.3962    ]
  [-0.09321276 -0.18931714 -0.23426306]
  [-0.17733827 -0.43684512 -0.15873212]
  [-0.10509965 -0.7152939  -0.16177742]
  [ 0.2043991  -0.670611   -0.15191595]
  [ 0.20686367 -0.37889946 -0.13508087]
  [ 0.11205025 -0.14263009 -0.22306058]
  [ 0.06280412 -0.7751331  -0.1813861 ]
  [ 0.0891396  -1.0060743  -0.23747753]
  [ 0.06341305 -0.8963879  -0.3476791 ]
  [ 0.10617039 -0.9371555  -0.32062438]
  [ 0.03931234 -0.94483465 -0.31238067]
  [ 0.15854292 -0.9236666  -0.22912666]
  [ 0.0086799  -0.94323325 -0.20960104]]]