[[[-0.5976624   0.1418893   0.43187043]
  [-0.24843946  0.06143952  0.22356766]
  [-0.00961034 -0.08196055 -0.06328163]
  [ 0.0437053  -0.2424501   0.07529095]
  [-0.20915939  0.04479259  0.2018623 ]
  [-0.47158006  0.3290847   0.36349037]
  [ 0.11504192  0.09138799  0.12659997]
  [ 0.19295317  0.00110644 -0.07244624]
  [ 0.36887944 -0.13371566 -0.1550235 ]
  [ 0.38201252 -0.20562229 -0.02574082]
  [ 0.17443725 -0.12687251  0.07301362]
  [ 0.1942364   0.06840573  0.1574316 ]
  [ 0.41054165 -0.16574956 -0.0879105 ]
  [ 0.56189346 -0.10065822 -0.03396341]
  [ 0.45147088 -0.15937163  0.0485903 ]
  [ 0.50533414 -0.17037433  0.03342462]
  [ 0.48234704 -0.11194291  0.04639393]
  [ 0.5258376  -0.17029299 -0.05364583]
  [ 0.4847387  -0.06698087 -0.03511912]]]