[[[-0.03396271  0.3504428  -0.09071259]
  [-0.20862152  0.00177318 -0.290273  ]
  [-0.12715712 -0.28123218  0.04667217]
  [ 0.12407307 -0.27051422  0.03670122]
  [ 0.13016668 -0.01007427 -0.31915087]
  [-0.07666981  0.38042828 -0.23740217]
  [-0.12949069 -0.25813305 -0.1727113 ]
  [-0.21949661 -0.43361843  0.01854901]
  [-0.13048254 -0.70937866  0.0839488 ]
  [ 0.18550594 -0.6903707   0.06939638]
  [ 0.23235837 -0.40067536  0.03986692]
  [ 0.11482794 -0.23931171 -0.1431495 ]
  [ 0.03213073 -0.78199226  0.07147196]
  [ 0.02937894 -1.0155323   0.04715738]
  [-0.04271445 -0.91392547 -0.04480957]
  [ 0.00425175 -0.95607895 -0.03918661]
  [-0.04722425 -0.9555558   0.00394877]
  [ 0.09840605 -0.9416804   0.00732585]
  [-0.01943014 -0.9434124   0.10428872]]]