[[[-0.10167023  0.36356556 -0.11274952]
  [-0.13667446 -0.01445956 -0.35075912]
  [-0.13344038 -0.2618002   0.01156097]
  [ 0.11177021 -0.27525115  0.07952657]
  [ 0.3122897  -0.04033217 -0.23096168]
  [ 0.20190671  0.37761238 -0.0736424 ]
  [-0.11174881 -0.21316919 -0.19250602]
  [-0.24525271 -0.401132   -0.03409047]
  [-0.1773997  -0.6845364   0.04031856]
  [ 0.13204794 -0.6813907   0.11681912]
  [ 0.2146828  -0.3943861   0.11327047]
  [ 0.19909666 -0.22909708 -0.10683659]
  [-0.02059773 -0.76261693  0.07203531]
  [-0.02712042 -0.99084413  0.05539083]
  [-0.06330255 -0.89421535 -0.05982414]
  [-0.02284084 -0.9369422  -0.03837232]
  [-0.08439747 -0.93189824 -0.01225188]
  [ 0.0532952  -0.92243433  0.03282646]
  [-0.08760653 -0.9137025   0.09057368]]]