[[[-0.05272004  0.11964574  0.67616844]
  [-0.11679653  0.10799357  0.23449284]
  [-0.12717758 -0.29206654  0.02631157]
  [ 0.12120423 -0.26809925 -0.01057357]
  [ 0.0358334   0.1491884  -0.07272562]
  [-0.00560977  0.44197375  0.25752944]
  [-0.667748   -0.7203418  -0.04110479]
  [-0.39858627 -0.73609734 -0.06147993]
  [-0.11286119 -0.74762183 -0.10284639]
  [ 0.18562932 -0.72087723 -0.12929487]
  [ 0.46135843 -0.6598024  -0.11094259]
  [ 0.7263052  -0.63435423 -0.16225691]
  [ 0.04116607 -0.7859452  -0.14673704]
  [ 0.05959553 -1.00396    -0.21443856]
  [ 0.06188511 -0.89069396 -0.32495648]
  [ 0.09623112 -0.9342368  -0.29120964]
  [ 0.02909698 -0.93922085 -0.29726207]
  [ 0.12730625 -0.9267179  -0.19166298]
  [-0.02302774 -0.9389546  -0.2013583 ]]]