[[[-0.16560939  0.32880017 -0.05051284]
  [-0.3408743  -0.046333   -0.22635767]
  [-0.12746944 -0.26584595  0.06150304]
  [ 0.12503919 -0.27438956  0.03584189]
  [ 0.25959003 -0.04572981 -0.29809216]
  [ 0.20565125  0.37690496 -0.11383754]
  [-0.1057952  -0.20839927 -0.17898497]
  [-0.2275584  -0.38941687  0.00176032]
  [-0.15815714 -0.68004906  0.05990572]
  [ 0.1571439  -0.67637503  0.0236278 ]
  [ 0.19937456 -0.38155305 -0.02485714]
  [ 0.06268707 -0.20802388 -0.19687694]
  [-0.00204578 -0.7605556   0.03729215]
  [-0.03301506 -0.9876101   0.02462077]
  [-0.09598757 -0.8841501  -0.07165338]
  [-0.05542781 -0.93164384 -0.06541407]
  [-0.10340225 -0.92110723 -0.01942326]
  [ 0.04213638 -0.9263355  -0.02481468]
  [-0.06889091 -0.90641487  0.07823599]]]