[[[ 0.01028051  0.55538005  0.2311841 ]
  [-0.06435317  0.14792585  0.16819027]
  [-0.01639732 -0.25996152  0.12617593]
  [-0.00270186 -0.22522151 -0.10130695]
  [-0.11137146  0.16661908 -0.05275708]
  [-0.01869622  0.57981515 -0.0325719 ]
  [-0.10089545 -0.2606636   0.41280398]
  [ 0.02955605 -0.41701704  0.2841815 ]
  [ 0.02718337 -0.63332963  0.14372297]
  [ 0.00512314 -0.6838563  -0.10865571]
  [ 0.04489118 -0.51164925 -0.297899  ]
  [-0.09073553 -0.3315987  -0.3619318 ]
  [-0.00197937 -0.70994824  0.03108495]
  [ 0.00674665 -0.89423096  0.08503679]
  [-0.12878121 -0.8251381   0.10327338]
  [-0.10018769 -0.86894524  0.07314402]
  [-0.0788219  -0.8455944   0.13027057]
  [-0.03180012 -0.8543075   0.00234826]
  [ 0.01134525 -0.8074494   0.12470883]]]