[[[ 0.00918606  0.5076486   0.35451004]
  [-0.11441171  0.15871032  0.10735271]
  [-0.09615727 -0.28230527  0.0856954 ]
  [ 0.08284736 -0.23782785 -0.06821106]
  [-0.04075488  0.17335452 -0.03866365]
  [-0.05010141  0.5971339   0.10380547]
  [-0.16029753 -0.21684599  0.13985832]
  [-0.10986778 -0.46499372  0.19881979]
  [-0.08784742 -0.6978641   0.05000331]
  [ 0.12081322 -0.67893034 -0.14171153]
  [ 0.236574   -0.43292946 -0.08835588]
  [ 0.16704038 -0.19032791 -0.12246779]
  [-0.00138142 -0.7537835  -0.07520481]
  [-0.0318329  -0.9649694  -0.10968433]
  [-0.11878845 -0.862744   -0.18651411]
  [-0.07326385 -0.90589315 -0.19096142]
  [-0.11516063 -0.90462583 -0.13961293]
  [ 0.0227532  -0.89420015 -0.16180728]
  [-0.06895625 -0.8935719  -0.0497944 ]]]