[[[-0.19289389  0.3152985  -0.05475782]
  [-0.34795582 -0.06475513 -0.2364327 ]
  [-0.12749524 -0.26968068  0.05746198]
  [ 0.12557001 -0.26411977  0.04164506]
  [ 0.27534765 -0.06353458 -0.29525936]
  [ 0.20626795  0.36191922 -0.12659854]
  [-0.07808942 -0.23128419 -0.18958485]
  [-0.20091401 -0.40729973 -0.00507565]
  [-0.11953874 -0.68656975  0.07822704]
  [ 0.19207968 -0.65141594  0.05124499]
  [ 0.19891721 -0.35864794 -0.0178287 ]
  [ 0.04526447 -0.21797088 -0.2048807 ]
  [ 0.04388809 -0.7512123   0.06511393]
  [ 0.04026119 -0.9805318   0.05765822]
  [-0.0281443  -0.88664407 -0.04392604]
  [ 0.01702362 -0.9288198  -0.03455476]
  [-0.03446254 -0.9234769   0.00829507]
  [ 0.11004687 -0.9119015   0.0117547 ]
  [-0.00802433 -0.9036299   0.10730636]]]