[[[-0.07157961  0.11043777  0.67122084]
  [-0.1070848   0.11037632  0.22907339]
  [-0.12738033 -0.285533    0.01706672]
  [ 0.12155078 -0.26599482 -0.00413921]
  [ 0.0243298   0.15239897 -0.04215265]
  [-0.04681918  0.43804622  0.28671056]
  [-0.6755807  -0.7509362  -0.11069685]
  [-0.40786797 -0.7449455  -0.10040966]
  [-0.12328261 -0.7398686  -0.10802521]
  [ 0.16947716 -0.7345152  -0.11592984]
  [ 0.44613883 -0.7313067  -0.08988588]
  [ 0.7083353  -0.7662251  -0.1367197 ]
  [ 0.02639213 -0.7855228  -0.1396282 ]
  [ 0.03892972 -1.0037564  -0.19346334]
  [ 0.0482104  -0.8986852  -0.31121668]
  [ 0.08001949 -0.94098365 -0.27389044]
  [ 0.01307703 -0.94405836 -0.28147674]
  [ 0.10841224 -0.9276736  -0.17439893]
  [-0.04105583 -0.93567806 -0.18775928]]]