[[[ 0.1635526   0.55442685 -0.02674985]
  [ 0.15957981  0.15141669  0.09467256]
  [ 0.10011538 -0.23091902 -0.03418272]
  [-0.10562523 -0.21076882  0.06668351]
  [ 0.07116036  0.14196226  0.16363835]
  [ 0.01105065  0.55264974  0.06399707]
  [ 0.44275    -0.28537196  0.42095754]
  [ 0.3762095  -0.34361112  0.19802289]
  [ 0.18438113 -0.5106822   0.21943331]
  [-0.05547298 -0.48264349  0.29103968]
  [-0.21606222 -0.2831953   0.27044284]
  [-0.24804087 -0.14356527  0.4524387 ]
  [ 0.07559998 -0.5270933   0.28763232]
  [ 0.08279663 -0.6631478   0.4042119 ]
  [ 0.1819804  -0.554901    0.41821253]
  [ 0.1371825  -0.5809976   0.44551915]
  [ 0.17283595 -0.609389    0.40050977]
  [ 0.04466131 -0.57589924  0.41652408]
  [ 0.12305501 -0.6365949   0.3263476 ]]]