[[[-0.06477778  0.5114635   0.2558631 ]
  [-0.1461242   0.12726153  0.11977728]
  [-0.06290746 -0.2799412   0.09926326]
  [ 0.0414361  -0.23475124 -0.09597456]
  [-0.0272324   0.16314474  0.01121685]
  [ 0.01153167  0.56159896  0.13821764]
  [-0.05991125 -0.24582201  0.30369133]
  [ 0.01527845 -0.46434155  0.21476498]
  [ 0.00200837 -0.6914915   0.09061341]
  [ 0.01415942 -0.68690145 -0.17453392]
  [ 0.0116938  -0.4374655  -0.26354778]
  [-0.09383443 -0.22096273 -0.28737217]
  [-0.01183907 -0.7520074  -0.0430007 ]
  [-0.05189127 -0.96171194 -0.03153409]
  [-0.16677819 -0.8586625  -0.03041262]
  [-0.13984382 -0.90343803 -0.06286605]
  [-0.13353965 -0.8985147   0.00236257]
  [-0.05010647 -0.8967511  -0.10753871]
  [-0.03852198 -0.8881732   0.02974451]]]