[[[ 0.02268903  0.4988208   0.17055744]
  [ 0.04084274  0.10330739  0.21449527]
  [ 0.10470033 -0.24744573  0.03579902]
  [-0.11561374 -0.23482437  0.00143962]
  [-0.0637154   0.16171435  0.05038882]
  [-0.00900077  0.5612318   0.02260825]
  [ 0.24466418 -0.25491828  0.2116209 ]
  [ 0.22165844 -0.4329151   0.05689275]
  [ 0.12494364 -0.65297216  0.00953303]
  [-0.12701045 -0.65854067 -0.02949701]
  [-0.24829397 -0.44985402  0.0409478 ]
  [-0.37205765 -0.3615933   0.21472995]
  [-0.00346996 -0.71484476 -0.00580743]
  [-0.03283042 -0.91765994 -0.00710603]
  [-0.10319085 -0.81900644  0.08416153]
  [-0.10956044 -0.85286653  0.03583701]
  [-0.06651027 -0.8653088   0.08247198]
  [-0.06494381 -0.8391851  -0.04834695]
  [ 0.02744018 -0.8639286   0.04779454]]]