[[[-0.12570392  0.46032697  0.3430244 ]
  [-0.12794828  0.15859917  0.0213972 ]
  [-0.1273418  -0.27826026  0.00938406]
  [ 0.11929874 -0.27649394  0.01278364]
  [ 0.10575782  0.15772651  0.01465301]
  [ 0.08245289  0.4721543   0.32629532]
  [-0.677346   -0.7397534  -0.07265639]
  [-0.41690174 -0.7306961  -0.03822071]
  [-0.13526118 -0.75085115 -0.05310927]
  [ 0.15119609 -0.7471707  -0.06081453]
  [ 0.42648906 -0.7229756  -0.03446269]
  [ 0.6764211  -0.74728423 -0.10792634]
  [ 0.00956823 -0.79746586 -0.08159796]
  [ 0.01845253 -1.0144074  -0.10286538]
  [ 0.01335758 -0.9325886  -0.23764254]
  [ 0.04894798 -0.96788573 -0.19833627]
  [-0.01805542 -0.97028863 -0.19635871]
  [ 0.09029862 -0.9383048  -0.10681846]
  [-0.05902986 -0.94408447 -0.10078138]]]