[[[-0.12862349  0.5116935   0.33552358]
  [-0.13336031  0.19900167 -0.0255217 ]
  [-0.13100249 -0.26600486  0.01631888]
  [ 0.1275153  -0.2525884   0.01516597]
  [ 0.07498881  0.20621762  0.03081295]
  [ 0.04092765  0.59290904  0.3214686 ]
  [-0.2874988  -0.1521809  -0.00691509]
  [-0.23188026 -0.4212043   0.04485918]
  [-0.13715962 -0.6883428  -0.03922513]
  [ 0.16544917 -0.68835986 -0.04234206]
  [ 0.26378554 -0.41930994  0.03405438]
  [ 0.3197985  -0.17111726 -0.06961831]
  [ 0.0153255  -0.75938696 -0.07273185]
  [ 0.00517533 -0.9779902  -0.10766337]
  [-0.02068245 -0.8807349  -0.22764039]
  [ 0.01855671 -0.92445964 -0.20241255]
  [-0.04588346 -0.91996235 -0.18358766]
  [ 0.08398598 -0.9093692  -0.12347884]
  [-0.05820435 -0.9013533  -0.08199813]]]