[[[-0.11862024  0.57253456  0.18871912]
  [-0.12263783  0.16265273  0.01397478]
  [-0.1222567  -0.27216828  0.02447998]
  [ 0.11440548 -0.2516178  -0.01442169]
  [ 0.06113292  0.17369139  0.07393556]
  [ 0.09012222  0.5152527   0.36695135]
  [-0.26675564 -0.25284886  0.03127123]
  [-0.17808394 -0.45382386  0.16286829]
  [-0.13343532 -0.6911516   0.02565604]
  [ 0.1288855  -0.7095815  -0.08319751]
  [ 0.26518902 -0.46922168 -0.04265161]
  [ 0.20916927 -0.2674958  -0.18262944]
  [-0.01743682 -0.7670869  -0.05856736]
  [-0.05613645 -0.980812   -0.08014341]
  [-0.10486005 -0.88457143 -0.19184275]
  [-0.06464741 -0.9308645  -0.17664462]
  [-0.12008858 -0.9199618  -0.14172244]
  [ 0.0192054  -0.9206731  -0.11997901]
  [-0.10219131 -0.89957225 -0.04340545]]]