[[[-0.09961053  0.38272947 -0.00787701]
  [-0.23609363  0.03819435 -0.25787425]
  [-0.13208795 -0.2668662   0.02704303]
  [ 0.11534551 -0.28436744  0.05524102]
  [ 0.31710842  0.01097319 -0.18083912]
  [ 0.26420859  0.40884262  0.04706167]
  [-0.0604412  -0.3627208  -0.20231658]
  [-0.2625843  -0.43758103 -0.03210897]
  [-0.15843046 -0.71036214  0.02434104]
  [ 0.15676299 -0.6900486   0.05660222]
  [ 0.251585   -0.40642846  0.04364838]
  [ 0.19695106 -0.29658175 -0.19866124]
  [ 0.00241732 -0.77468085  0.02925633]
  [-0.01017093 -0.9977522  -0.01151287]
  [-0.0719045  -0.88784295 -0.10095647]
  [-0.02904676 -0.9329982  -0.09640039]
  [-0.08096318 -0.9308839  -0.05399425]
  [ 0.0646067  -0.92696744 -0.04679539]
  [-0.05556397 -0.92523617  0.04735734]]]