[[[-0.04333863  0.58274126  0.30658147]
  [-0.08379734  0.2042459   0.01205665]
  [-0.13151546 -0.25936344  0.00488486]
  [ 0.12630169 -0.2612643   0.02467571]
  [ 0.10884374  0.20911342  0.00926777]
  [ 0.06827538  0.40350243  0.44731086]
  [-0.3146792  -0.1339514  -0.08203384]
  [-0.26297745 -0.40318573 -0.01903012]
  [-0.15952286 -0.6790594  -0.06956533]
  [ 0.14419772 -0.69106764 -0.03602095]
  [ 0.24054307 -0.42181882  0.04801349]
  [ 0.31615743 -0.16170402 -0.0113633 ]
  [-0.00431726 -0.7578344  -0.08439244]
  [-0.00636482 -0.97781473 -0.12934849]
  [-0.0096197  -0.8744609  -0.24670614]
  [ 0.02478278 -0.91866195 -0.21586072]
  [-0.04217955 -0.9166875  -0.21086124]
  [ 0.07120834 -0.90685946 -0.12464935]
  [-0.0763035  -0.90373737 -0.11281688]]]