[[[-0.05068823  0.56486815  0.1007443 ]
  [ 0.01495467  0.18031406 -0.02122474]
  [-0.03258132 -0.22201005 -0.09660599]
  [ 0.04922806 -0.24305488  0.10459805]
  [ 0.05503579  0.16644096  0.10114941]
  [-0.06168846  0.54396915  0.22449546]
  [ 0.1207837  -0.8349683  -0.1906093 ]
  [ 0.01697961 -0.6666826  -0.32009238]
  [-0.08108898 -0.6674727  -0.10848342]
  [ 0.03799709 -0.7002533   0.05585606]
  [ 0.25597864 -0.78767264  0.10513429]
  [ 0.21843904 -0.9770062  -0.01367557]
  [-0.02517063 -0.7122122  -0.03707424]
  [-0.04656981 -0.89670014 -0.04286475]
  [-0.0745853  -0.8086571  -0.16232488]
  [-0.04406714 -0.856781   -0.1442282 ]
  [-0.09691469 -0.83554983 -0.11353024]
  [ 0.03560065 -0.85372156 -0.08183741]
  [-0.07971081 -0.8139407  -0.02172983]]]