[[[-0.18678442  0.592453    0.16494405]
  [-0.02703674  0.20462602  0.09723358]
  [ 0.10710107 -0.16957512 -0.02313423]
  [-0.0848854  -0.24041265  0.0720413 ]
  [-0.11771022  0.14470696  0.21548226]
  [-0.2832993   0.5335565   0.2946985 ]
  [ 0.28978312 -0.2279871   0.03238396]
  [ 0.19840668 -0.26806098 -0.17612906]
  [ 0.1310589  -0.50895554 -0.20034742]
  [-0.07538547 -0.5588956  -0.09098208]
  [-0.1292699  -0.3499884   0.04595058]
  [-0.0090122  -0.38336393  0.23151699]
  [ 0.03187232 -0.58945465 -0.1607267 ]
  [ 0.04785467 -0.76085466 -0.2264842 ]
  [ 0.07571447 -0.7279364  -0.08635797]
  [ 0.03888997 -0.75767404 -0.11965921]
  [ 0.09958729 -0.74707997 -0.13413417]
  [-0.01421493 -0.7151318  -0.18098383]
  [ 0.10358699 -0.6954573  -0.2093293 ]]]