[[[-0.09682751  0.0938645   0.6157362 ]
  [-0.13157718  0.13446267  0.18035921]
  [-0.12778434 -0.284562    0.01639997]
  [ 0.12298614 -0.27491885  0.00520666]
  [ 0.06540129  0.12575637 -0.12081803]
  [-0.05477953  0.41227067  0.18676522]
  [-0.6855878  -0.7587482  -0.06462797]
  [-0.41833913 -0.7461831  -0.06803825]
  [-0.13486636 -0.741805   -0.09502567]
  [ 0.15902862 -0.74037516 -0.10745996]
  [ 0.43639234 -0.7361969  -0.08093685]
  [ 0.6980766  -0.770721   -0.13019143]
  [ 0.01504975 -0.7896049  -0.12978488]
  [ 0.03553137 -1.0074543  -0.1848888 ]
  [ 0.05120903 -0.90007603 -0.29963425]
  [ 0.08108959 -0.9416199  -0.2599853 ]
  [ 0.01527783 -0.9473474  -0.27406725]
  [ 0.0993578  -0.9292457  -0.15848288]
  [-0.04836639 -0.94258857 -0.18560277]]]