[[[-0.15401511  0.34678313 -0.17824814]
  [-0.25924057 -0.0543617  -0.30504182]
  [-0.12667473 -0.24658623  0.0257556 ]
  [ 0.11352409 -0.2638982   0.06220727]
  [ 0.33036175 -0.07063755 -0.22874118]
  [ 0.2414056   0.36168823 -0.16491985]
  [-0.2034695  -0.8538269   0.1760163 ]
  [-0.43984905 -0.75797176  0.16000225]
  [-0.17499493 -0.6742625   0.19469549]
  [ 0.10021499 -0.6852505   0.20883362]
  [ 0.34010202 -0.81027067  0.16230062]
  [ 0.09854936 -0.8584621   0.21197125]
  [-0.03996742 -0.71705115  0.19471908]
  [-0.05552811 -0.9294009   0.15151818]
  [-0.08601332 -0.81759316  0.05292584]
  [-0.04867144 -0.86334366  0.06661122]
  [-0.10909632 -0.8604691   0.09232236]
  [ 0.02368189 -0.86356664  0.13959613]
  [-0.11157582 -0.85906875  0.19627152]]]