[[[-7.8835830e-02  3.8174152e-01 -4.3503191e-02]
  [-2.1208610e-01  2.8973749e-02 -2.7495259e-01]
  [-1.3251957e-01 -2.6539010e-01  2.9584426e-02]
  [ 1.1612395e-01 -2.8232816e-01  5.3993691e-02]
  [ 2.9741102e-01  3.4485054e-03 -2.0608193e-01]
  [ 2.4671721e-01  4.0968528e-01 -3.6032922e-03]
  [-6.6401385e-02 -6.4128232e-01 -1.8110341e-01]
  [-2.6661241e-01 -4.8217666e-01 -1.0863969e-01]
  [-1.5023193e-01 -7.1364868e-01  2.6720408e-02]
  [ 1.6071929e-01 -6.8582213e-01  5.6812212e-02]
  [ 2.6717904e-01 -4.0856835e-01  8.2611591e-02]
  [ 1.8053128e-01 -2.8062460e-01 -1.3450354e-01]
  [ 7.9915971e-03 -7.7032167e-01  3.3053644e-02]
  [ 6.9477147e-04 -9.9318254e-01 -6.1103744e-03]
  [-7.4222125e-02 -8.8743067e-01 -8.8734597e-02]
  [-2.8888315e-02 -9.3020266e-01 -8.8611133e-02]
  [-7.6734506e-02 -9.3051100e-01 -4.1687645e-02]
  [ 6.8791419e-02 -9.2000419e-01 -4.7819667e-02]
  [-4.1910730e-02 -9.2308211e-01  5.6378398e-02]]]