[[[-0.21029626  0.50309944  0.17459536]
  [-0.12563643  0.14798228 -0.06232865]
  [-0.10954139 -0.2830188  -0.04414324]
  [ 0.10835289 -0.256701    0.07109278]
  [ 0.14545892  0.14840037  0.00201561]
  [ 0.02995912  0.49422917  0.2465981 ]
  [-0.28556746 -0.27603933 -0.10083135]
  [-0.16023166 -0.50039184 -0.13683444]
  [ 0.0641872  -0.6482476  -0.21217903]
  [ 0.31440806 -0.55637527 -0.08330887]
  [ 0.34285533 -0.29692656  0.02586247]
  [ 0.33466157 -0.04986995 -0.04886741]
  [ 0.23544666 -0.6449511  -0.17981587]
  [ 0.3983787  -0.77901745 -0.24728951]
  [ 0.41674933 -0.62819993 -0.21497972]
  [ 0.42288437 -0.68610644 -0.19382536]
  [ 0.4192587  -0.6714215  -0.25909355]
  [ 0.34993052 -0.74876004 -0.16604203]
  [ 0.33638614 -0.71819115 -0.30922276]]]