[[[-0.20231071  0.45593956  0.42866713]
  [-0.05073308  0.20115194  0.14639153]
  [-0.06881321 -0.12793738 -0.07823073]
  [ 0.0961917  -0.18659313  0.04657573]
  [-0.09730395  0.16738833  0.09219977]
  [-0.29318634  0.50048625  0.24101944]
  [ 0.21499361  0.02642435 -0.13151377]
  [ 0.05899709 -0.11480129 -0.22539642]
  [ 0.0612371  -0.3113314  -0.34723753]
  [ 0.19587195 -0.31485954 -0.3019491 ]
  [ 0.16220716 -0.09387027 -0.21977016]
  [ 0.16889168  0.00478807 -0.40387   ]
  [ 0.13765311 -0.3185407  -0.35297334]
  [ 0.1814975  -0.2739411  -0.5112216 ]
  [ 0.23015636 -0.21077847 -0.385921  ]
  [ 0.2505259  -0.2403748  -0.4296447 ]
  [ 0.20470855 -0.19649392 -0.43308297]
  [ 0.21114823 -0.3193556  -0.44832826]
  [ 0.12937465 -0.24255908 -0.4570466 ]]]