[[[-0.10695177  0.36005032  0.62392646]
  [-0.06703176  0.14234525  0.25419015]
  [-0.08687948 -0.13374618 -0.04589076]
  [ 0.09591267 -0.23828219  0.03775049]
  [ 0.16283336  0.08316556  0.28474557]
  [ 0.21917608  0.2941241   0.6615105 ]
  [-0.11712715 -0.18844113 -0.26617607]
  [-0.26173055 -0.21692154 -0.09159757]
  [-0.19568834 -0.43043843 -0.20463972]
  [ 0.02493569 -0.5247775  -0.15273155]
  [ 0.15060785 -0.36247152  0.00292461]
  [ 0.17418341 -0.2834921  -0.20111813]
  [-0.10179522 -0.5201282  -0.21275878]
  [-0.15533185 -0.6727287  -0.26339388]
  [-0.1774522  -0.5598569  -0.35443884]
  [-0.15190999 -0.6114906  -0.35285217]
  [-0.20308577 -0.5954757  -0.3184197 ]
  [-0.07945702 -0.6273591  -0.29530665]
  [-0.18286172 -0.5993269  -0.23050594]]]