[[[-1.15620390e-01  5.40332675e-01  2.77756304e-01]
  [-1.74283832e-01  1.74374953e-01  1.12845106e-02]
  [-1.09031655e-01 -2.59383023e-01  7.21108839e-02]
  [ 9.86750126e-02 -2.37963960e-01 -5.09132445e-02]
  [ 7.33618140e-02  1.99426979e-01 -3.92877730e-04]
  [ 1.52806923e-01  6.28652453e-01  1.56911433e-01]
  [-2.57100701e-01 -1.73733637e-01  2.35576764e-01]
  [-1.26400977e-01 -4.04439688e-01  2.13944674e-01]
  [-8.84349570e-02 -6.59474850e-01  1.04990453e-01]
  [ 1.01220444e-01 -6.68699503e-01 -1.07657731e-01]
  [ 1.65759400e-01 -4.04370964e-01 -1.78625256e-01]
  [ 8.79070163e-02 -1.79867506e-01 -2.88519472e-01]
  [-8.52425024e-03 -7.34036505e-01 -1.29019925e-02]
  [-2.44923830e-02 -9.44651604e-01  3.13815847e-03]
  [-1.29163727e-01 -8.68925631e-01 -7.85488635e-02]
  [-8.19808841e-02 -9.09809113e-01 -8.07733983e-02]
  [-1.15625620e-01 -8.98524106e-01 -2.51445696e-02]
  [ 1.47234481e-02 -8.86587024e-01 -7.05976710e-02]
  [-5.82891665e-02 -8.64256024e-01  4.90779541e-02]]]