[[[ 0.10229035  0.24852662  0.7097725 ]
  [ 0.07142317  0.12904318  0.2936759 ]
  [-0.08676988 -0.09545168 -0.00928727]
  [ 0.09434967 -0.22929813 -0.01736595]
  [ 0.19377886  0.08766633  0.23935452]
  [ 0.31225398  0.24238098  0.62854326]
  [-0.24331062  0.19697227 -0.40210116]
  [-0.22456232 -0.01293483 -0.2865962 ]
  [-0.25455365 -0.2621683  -0.26950338]
  [-0.08539172 -0.37199062 -0.3349397 ]
  [ 0.13284168 -0.24745147 -0.37464577]
  [ 0.23744972 -0.12927017 -0.5390019 ]
  [-0.19519392 -0.339308   -0.33014703]
  [-0.29516178 -0.4428308  -0.42838815]
  [-0.24208906 -0.31869322 -0.48437053]
  [-0.240008   -0.37618816 -0.4921775 ]
  [-0.2908553  -0.34456843 -0.47170824]
  [-0.2088016  -0.42795098 -0.42422876]
  [-0.30636448 -0.37193    -0.38831374]]]