[[[-0.19500203  0.57464415  0.08260959]
  [-0.12822044  0.16000621 -0.12398217]
  [-0.13207829 -0.26004437  0.0226317 ]
  [ 0.12490661 -0.26521242  0.01456567]
  [ 0.11791094  0.1885048  -0.0155493 ]
  [ 0.1333839   0.5055828   0.32980615]
  [-0.261532   -0.2160738   0.07990883]
  [-0.26954368 -0.4876123   0.09058556]
  [-0.15983078 -0.6841137  -0.09101488]
  [ 0.13681947 -0.6615365  -0.14542972]
  [ 0.255184   -0.40055048 -0.08189265]
  [ 0.24282748 -0.14187704 -0.15566638]
  [-0.01475009 -0.72482854 -0.16550349]
  [-0.03398725 -0.8887298  -0.318205  ]
  [-0.03715092 -0.73764783 -0.35192654]
  [-0.00424053 -0.7901498  -0.35505348]
  [-0.07037091 -0.7903147  -0.34594178]
  [ 0.04583813 -0.835271   -0.27803248]
  [-0.09988557 -0.837079   -0.25801852]]]