[[[-0.15975042  0.34959492 -0.17297727]
  [-0.29398745 -0.051117   -0.2747034 ]
  [-0.12539785 -0.2561421   0.03422835]
  [ 0.11662048 -0.26192382  0.05270821]
  [ 0.30306458 -0.04865291 -0.245889  ]
  [ 0.23114109  0.38706255 -0.17105827]
  [-0.12787738 -0.865558    0.21636939]
  [-0.37791988 -0.8135084   0.20212089]
  [-0.12928031 -0.6888261   0.23026048]
  [ 0.13967708 -0.67518294  0.23914374]
  [ 0.38667768 -0.79117787  0.21399406]
  [ 0.13672474 -0.81595236  0.22343959]
  [ 0.0062247  -0.716547    0.22714423]
  [ 0.01068522 -0.9304137   0.18544404]
  [-0.03595423 -0.8228745   0.08759475]
  [ 0.00666018 -0.86453855  0.09986811]
  [-0.05242124 -0.8674197   0.12881759]
  [ 0.0826658  -0.8568176   0.16937703]
  [-0.04994543 -0.8652197   0.23324561]]]