[[[-0.07459469  0.4307575   0.21515346]
  [-0.10212306  0.13074203 -0.10322319]
  [-0.12963311 -0.28541896  0.00350735]
  [ 0.12004764 -0.2800657   0.0228608 ]
  [ 0.11194607  0.13117015  0.18830515]
  [ 0.10174487  0.1001434   0.63467205]
  [-0.6642185  -0.7349081  -0.06356763]
  [-0.39933175 -0.7441505  -0.09950018]
  [-0.11470189 -0.7430681  -0.13702218]
  [ 0.19053991 -0.7096002  -0.13581975]
  [ 0.46205387 -0.6364788  -0.10401221]
  [ 0.72540724 -0.59470856 -0.13292018]
  [ 0.0431803  -0.7745825  -0.17118539]
  [ 0.05700618 -0.98518366 -0.25326318]
  [ 0.04589652 -0.86609733 -0.35512525]
  [ 0.08352144 -0.9112393  -0.32935363]
  [ 0.01653212 -0.9154297  -0.325695  ]
  [ 0.12951964 -0.91002643 -0.23466994]
  [-0.02125131 -0.9198669  -0.2245436 ]]]