[[[ 0.18027326  0.320119    0.5987478 ]
  [ 0.18014245  0.03473688  0.28653532]
  [ 0.08490374 -0.16191733 -0.06098743]
  [-0.07642863 -0.23972669  0.07129484]
  [ 0.1211764   0.02864024  0.30758476]
  [ 0.2046227   0.3227427   0.60829467]
  [ 0.43353957 -0.42806977 -0.05839245]
  [ 0.27356425 -0.38557577 -0.22049409]
  [ 0.08428012 -0.5400934  -0.16596162]
  [-0.11314297 -0.53574896 -0.04888377]
  [-0.23818775 -0.34013855 -0.13395372]
  [-0.30557492 -0.19287652  0.00867189]
  [-0.00133231 -0.5801539  -0.08644362]
  [ 0.05211999 -0.73808813 -0.00665804]
  [ 0.12144841 -0.6114397  -0.00323002]
  [ 0.09410466 -0.64908653  0.03040543]
  [ 0.12370161 -0.6643862  -0.02273248]
  [ 0.00444402 -0.66644907  0.02084927]
  [ 0.06672937 -0.6992248  -0.08218069]]]