[[[-0.06549955  0.20429958  0.60354733]
  [-0.11183854  0.14577314  0.16786902]
  [-0.12684599 -0.2757611   0.02073107]
  [ 0.11813837 -0.26180664 -0.00264384]
  [ 0.06383236  0.16363537 -0.02233498]
  [-0.00411413  0.48579752  0.27577165]
  [-0.4217404  -1.1678256  -0.11629885]
  [-0.3132461  -0.92931736 -0.05879334]
  [-0.10498162 -0.75432193 -0.06043965]
  [ 0.14971305 -0.74435145 -0.10215785]
  [ 0.3701318  -0.8857122  -0.14926305]
  [ 0.51650006 -1.1001464  -0.21777363]
  [ 0.02208821 -0.78042275 -0.10316447]
  [ 0.02309651 -0.9890233  -0.14995435]
  [ 0.02952264 -0.89200145 -0.27375627]
  [ 0.06140593 -0.9327865  -0.23665401]
  [-0.00572027 -0.9331452  -0.23953718]
  [ 0.09676626 -0.9160445  -0.14028889]
  [-0.05348277 -0.91729975 -0.14333354]]]