[[[-0.28350008 -0.01254436  0.77465695]
  [-0.13128065 -0.02179843  0.3712045 ]
  [-0.02518994 -0.05816237 -0.03029761]
  [ 0.06579343 -0.25191832  0.02773056]
  [ 0.05078748 -0.06281428  0.39481425]
  [-0.03937281 -0.01200007  0.81893146]
  [ 0.1949599   0.07517304 -0.48839247]
  [-0.00616395  0.01318481 -0.39593226]
  [ 0.00805593 -0.22468515 -0.3935395 ]
  [ 0.13590096 -0.32930136 -0.3301989 ]
  [ 0.3231641  -0.2661062  -0.18005879]
  [ 0.3596976  -0.07712909 -0.28992108]
  [ 0.08228132 -0.28646132 -0.38955978]
  [ 0.15605877 -0.3055299  -0.53826636]
  [ 0.22067672 -0.24632779 -0.42184913]
  [ 0.22549868 -0.29122186 -0.45675534]
  [ 0.20689902 -0.23386596 -0.47473618]
  [ 0.15559898 -0.34510022 -0.46569246]
  [ 0.12147672 -0.24258418 -0.4982565 ]]]