[[[-0.06958737  0.14919437  0.21217036]
  [-0.0833667   0.1017716  -0.22270814]
  [-0.1478159  -0.24767692  0.02037793]
  [ 0.12523949 -0.2993595   0.04916925]
  [ 0.27042612  0.02536289 -0.17361844]
  [ 0.18445978  0.0825658   0.25995746]
  [-0.24120449  0.1532894  -0.32281882]
  [-0.24450284 -0.13477659 -0.30649585]
  [-0.13745084 -0.41810942 -0.35060167]
  [ 0.1685557  -0.43092608 -0.3184744 ]
  [ 0.27885258 -0.15748969 -0.2503561 ]
  [ 0.28801817  0.12003291 -0.30893925]
  [ 0.02127884 -0.4737911  -0.38957974]
  [ 0.04612768 -0.61112523 -0.5693659 ]
  [ 0.04546168 -0.45517266 -0.586572  ]
  [ 0.08093626 -0.5076417  -0.5871554 ]
  [ 0.01290843 -0.5085051  -0.5935355 ]
  [ 0.11565021 -0.5633955  -0.50462127]
  [-0.03589851 -0.5688122  -0.5185183 ]]]