[[[ 0.0882395   0.5592217   0.19677407]
  [ 0.01296243  0.13762805  0.18275751]
  [ 0.04548848 -0.2825169   0.10901352]
  [-0.06443756 -0.22585073 -0.08474831]
  [-0.13983117  0.16484734  0.03536737]
  [-0.0410106   0.58239794  0.07871109]
  [-0.04217326 -0.2983857   0.40305957]
  [ 0.04059438 -0.47967428  0.24759105]
  [-0.01344918 -0.68237877  0.07530618]
  [-0.06857914 -0.6584896  -0.19120869]
  [-0.01409333 -0.42866617 -0.32201615]
  [-0.1462635  -0.22412992 -0.295899  ]
  [-0.06532196 -0.73044604 -0.05786747]
  [-0.11649868 -0.94033504 -0.06634481]
  [-0.18900993 -0.8408966   0.02530154]
  [-0.19469129 -0.87813115 -0.02370045]
  [-0.14689234 -0.8861358   0.02089996]
  [-0.15526207 -0.8617439  -0.115826  ]
  [-0.05481216 -0.8811576  -0.01915948]]]