[[[-4.48115803e-02  4.07313615e-01  5.25990725e-01]
  [-2.84343679e-02  1.66146815e-01  1.96838230e-01]
  [-8.83035362e-02 -1.39260873e-01 -5.37586324e-02]
  [ 1.05198205e-01 -2.08783999e-01  1.96791645e-02]
  [-2.49372050e-02  1.55539989e-01  1.36295378e-01]
  [-1.39917761e-01  4.85914290e-01  3.54275882e-01]
  [-6.39292151e-02  1.08238317e-01 -3.87002707e-01]
  [-9.74518880e-02 -1.23500861e-01 -3.57250839e-01]
  [-8.83156061e-02 -3.71410638e-01 -3.42192829e-01]
  [ 9.84086171e-02 -4.16367412e-01 -3.10333937e-01]
  [ 1.72864676e-01 -2.17786074e-01 -1.76052690e-01]
  [ 1.96014002e-01  3.37839592e-05 -1.39654890e-01]
  [-9.44698043e-03 -4.16141182e-01 -3.62995833e-01]
  [-9.05289203e-02 -4.95876491e-01 -5.02545536e-01]
  [-6.07909411e-02 -3.49596322e-01 -4.98508871e-01]
  [-5.02066463e-02 -3.96367133e-01 -5.31336963e-01]
  [-1.03696167e-01 -3.86720568e-01 -4.98201340e-01]
  [-5.39714843e-03 -4.69343424e-01 -4.92468506e-01]
  [-1.06433429e-01 -4.52442110e-01 -4.36662555e-01]]]