[[[-0.12961641  0.46001667  0.34121013]
  [-0.12664859  0.15798901  0.02092724]
  [-0.12700775 -0.27815512  0.00681962]
  [ 0.11910781 -0.27701402  0.01440117]
  [ 0.10588938  0.15683696  0.02134007]
  [ 0.08075784  0.46830374  0.33478475]
  [-0.6757606  -0.73552155 -0.08566199]
  [-0.41664672 -0.72814375 -0.0449327 ]
  [-0.13513507 -0.7512241  -0.05585448]
  [ 0.15113723 -0.74815965 -0.05791479]
  [ 0.4254025  -0.7239057  -0.02448111]
  [ 0.67377794 -0.75063175 -0.09974566]
  [ 0.01001563 -0.7982557  -0.08169292]
  [ 0.02013739 -1.0154432  -0.10331994]
  [ 0.01423131 -0.9331864  -0.2378178 ]
  [ 0.05007134 -0.9685276  -0.19877942]
  [-0.0169013  -0.97109985 -0.1964922 ]
  [ 0.09178606 -0.9391159  -0.10730943]
  [-0.05750023 -0.9453456  -0.1006748 ]]]