[[[-7.19373673e-02  3.25358033e-01  5.47321618e-01]
  [-1.29274398e-01  1.48034960e-01  1.60190880e-01]
  [-1.20503634e-01 -2.57817268e-01  2.61451527e-02]
  [ 1.11426421e-01 -2.32383817e-01 -2.03324929e-02]
  [ 5.22830784e-02  1.77168772e-01 -1.04565173e-03]
  [ 3.83965001e-02  5.21244943e-01  2.59358883e-01]
  [-4.86221999e-01 -9.84530628e-01 -5.18710241e-02]
  [-3.39521676e-01 -7.83246398e-01 -2.17154156e-03]
  [-9.98816341e-02 -6.82819963e-01 -5.52775860e-02]
  [ 1.34054974e-01 -6.74098313e-01 -1.37788638e-01]
  [ 3.66693795e-01 -7.43736446e-01 -2.36382693e-01]
  [ 4.97478873e-01 -9.21453357e-01 -3.57698679e-01]
  [ 1.16119348e-02 -7.14669943e-01 -1.14550382e-01]
  [ 1.36371702e-02 -9.13197577e-01 -1.12932019e-01]
  [-4.72734831e-02 -8.52422655e-01 -2.41227821e-01]
  [-4.68574464e-04 -8.85185122e-01 -2.18767226e-01]
  [-5.85897937e-02 -8.81523371e-01 -1.87841341e-01]
  [ 7.36617595e-02 -8.47966671e-01 -1.60290226e-01]
  [-5.15815988e-02 -8.42096806e-01 -9.33583602e-02]]]