[[[-0.11423305  0.45104274  0.3308367 ]
  [-0.13654591  0.15156913  0.01445374]
  [-0.12680022 -0.2817018   0.01136134]
  [ 0.1185742  -0.28012267  0.00800463]
  [ 0.1043473   0.1491857   0.01477881]
  [ 0.09982795  0.49514437  0.28711283]
  [-0.3623145  -0.6880275  -0.26653668]
  [-0.3222001  -0.5302416  -0.08255047]
  [-0.14850792 -0.7430265  -0.04465248]
  [ 0.15032065 -0.7336163  -0.05645044]
  [ 0.28440577 -0.5032776  -0.13471606]
  [ 0.32955378 -0.665094   -0.310328  ]
  [ 0.00359161 -0.8076028  -0.0655314 ]
  [ 0.0144307  -1.0343313  -0.08022456]
  [ 0.01078827 -0.9484778  -0.2129044 ]
  [ 0.04607822 -0.9846041  -0.17418382]
  [-0.0210639  -0.98757184 -0.17373732]
  [ 0.08602294 -0.95666516 -0.08116401]
  [-0.06401415 -0.9643532  -0.07820071]]]