[[[ 0.01257467  0.36279097  0.4969343 ]
  [-0.1070771   0.20072208  0.07640181]
  [-0.12875216 -0.26796162  0.04424176]
  [ 0.12195332 -0.2516486  -0.01169182]
  [ 0.03133363  0.17985575 -0.08175484]
  [-0.01331032  0.62556386  0.07687333]
  [-0.28117195 -0.15672886 -0.00378376]
  [-0.25747818 -0.4329464   0.01393833]
  [-0.14633642 -0.6635524  -0.13258219]
  [ 0.15402003 -0.638429   -0.17571925]
  [ 0.26161402 -0.38845617 -0.05663745]
  [ 0.27731457 -0.11425416 -0.06676411]
  [ 0.00369617 -0.7116674  -0.19921294]
  [-0.01012712 -0.9131103  -0.2909129 ]
  [-0.04437454 -0.78721505 -0.37590602]
  [-0.00370108 -0.83527124 -0.36726648]
  [-0.06628275 -0.83703077 -0.34301168]
  [ 0.06778201 -0.8420739  -0.2931459 ]
  [-0.07057998 -0.84842753 -0.2400773 ]]]