[[[-1.77333340e-01  3.32842439e-01 -1.01347536e-01]
  [-3.12932462e-01 -4.90496755e-02 -2.44192421e-01]
  [-1.21439345e-01 -2.81176835e-01  5.20600416e-02]
  [ 1.22738265e-01 -2.39793897e-01  3.43360417e-02]
  [ 1.62692457e-01 -4.66757491e-02 -3.28006476e-01]
  [ 2.08777994e-01  3.80655974e-01 -2.08460227e-01]
  [ 1.18824974e-01 -2.87554413e-01 -1.96350157e-01]
  [-8.62036422e-02 -4.41382349e-01 -1.20781392e-01]
  [ 2.16059685e-02 -6.86984837e-01 -4.11171354e-02]
  [ 2.79864937e-01 -5.82151473e-01  6.35316893e-02]
  [ 3.50694120e-01 -3.15175653e-01  1.48128420e-01]
  [ 4.42009211e-01 -7.31913820e-02  8.26782733e-02]
  [ 1.85650170e-01 -6.90988421e-01  8.01333808e-05]
  [ 3.33346874e-01 -8.49657774e-01 -3.90192382e-02]
  [ 3.32449794e-01 -7.13724017e-01 -1.09201454e-01]
  [ 3.58879715e-01 -7.47481525e-01 -6.47654459e-02]
  [ 3.24090928e-01 -7.74353981e-01 -1.15323961e-01]
  [ 3.19967002e-01 -7.72284746e-01  2.45538242e-02]
  [ 2.39556938e-01 -8.33256960e-01 -8.54324847e-02]]]