[[[ 0.01860444  0.24399936  0.6215359 ]
  [ 0.20758133  0.07524754  0.27816898]
  [ 0.0102171  -0.06010713 -0.04845257]
  [ 0.01267302 -0.2696266   0.04313118]
  [ 0.23909304 -0.00476871  0.26267248]
  [ 0.08532109  0.0322678   0.65894043]
  [ 0.2563004  -0.44403905 -0.5970795 ]
  [ 0.22262925 -0.24553329 -0.47759417]
  [ 0.0084484  -0.249711   -0.37242344]
  [ 0.02693454 -0.4217675  -0.26933983]
  [ 0.19748347 -0.53332967 -0.12254801]
  [ 0.33774656 -0.5738229  -0.2830963 ]
  [ 0.01233567 -0.3478726  -0.3522394 ]
  [-0.02944396 -0.41734728 -0.49867433]
  [ 0.10838277 -0.39603496 -0.46470475]
  [ 0.07290216 -0.43922237 -0.47703072]
  [ 0.07069149 -0.38174587 -0.5025979 ]
  [ 0.00116363 -0.44848078 -0.4250222 ]
  [-0.00385879 -0.34424224 -0.47637385]]]