[[[-0.16860707  0.50512683  0.34646672]
  [-0.07565583  0.15658493  0.10243014]
  [-0.05965479 -0.23195323 -0.09595147]
  [ 0.07664993 -0.26997542  0.08929884]
  [ 0.05110752  0.15021485  0.16243394]
  [-0.03331158  0.51582706  0.3937175 ]
  [ 0.02813042 -0.2510337  -0.15244184]
  [-0.16136594 -0.4110673  -0.11294924]
  [-0.07606559 -0.645846   -0.19618618]
  [ 0.14305982 -0.68454885 -0.03330774]
  [ 0.12056823 -0.43308184  0.06762894]
  [ 0.10698892 -0.22737806 -0.07054734]
  [ 0.04431923 -0.7288968  -0.14823763]
  [ 0.02307661 -0.9232076  -0.23903878]
  [ 0.11617129 -0.81694543 -0.30637804]
  [ 0.11452163 -0.87209487 -0.27645922]
  [ 0.06186767 -0.84647316 -0.30825558]
  [ 0.09539692 -0.88500696 -0.17746326]
  [-0.01638486 -0.8339733  -0.24507928]]]