[[[-0.06481306  0.49466985  0.34597093]
  [-0.14772983  0.17938198  0.01175624]
  [-0.12516609 -0.2757876   0.05709936]
  [ 0.11528277 -0.27071708 -0.02668172]
  [ 0.10172194  0.18171248 -0.01183232]
  [ 0.15812646  0.57617897  0.24150011]
  [-0.21376649 -0.20707206  0.12328547]
  [-0.19174299 -0.47497913  0.17894685]
  [-0.14900887 -0.7284372   0.04271924]
  [ 0.12792394 -0.73008955 -0.07798113]
  [ 0.25469372 -0.47242567 -0.02672189]
  [ 0.19934522 -0.24221794 -0.15316097]
  [-0.02330149 -0.79654866 -0.05057198]
  [-0.05767462 -1.0138506  -0.10367513]
  [-0.111913   -0.8987592  -0.1968292 ]
  [-0.06958978 -0.9464595  -0.1898645 ]
  [-0.1253522  -0.9434998  -0.15213849]
  [ 0.01798388 -0.944253   -0.1329363 ]
  [-0.10641125 -0.93944526 -0.04850286]]]