[[[-0.08407547  0.39476025  0.37034252]
  [-0.17589676  0.14474812  0.02578266]
  [-0.11940047 -0.2901856   0.05001221]
  [ 0.11260567 -0.26692507 -0.02395774]
  [ 0.03522645  0.1556852  -0.04422897]
  [ 0.04172479  0.52707374  0.19133636]
  [-0.140685   -0.84349746 -0.21279459]
  [-0.29538548 -0.64842737 -0.1778501 ]
  [-0.12043358 -0.75818706 -0.01417643]
  [ 0.14887932 -0.742965   -0.10589646]
  [ 0.16520299 -0.6224294  -0.34267563]
  [ 0.05423613 -0.8346545  -0.27744192]
  [ 0.01771439 -0.8030954  -0.06192146]
  [ 0.01498193 -1.0178995  -0.12404954]
  [-0.01388624 -0.90273756 -0.22591425]
  [ 0.02770616 -0.94674593 -0.20611826]
  [-0.03748029 -0.9501597  -0.1904065 ]
  [ 0.08948398 -0.9428251  -0.12160602]
  [-0.05640683 -0.9511564  -0.08533785]]]