[[[-0.11568084  0.4603076   0.34882092]
  [-0.11661614  0.16236715  0.02250576]
  [-0.12768267 -0.27495137  0.00663259]
  [ 0.11904996 -0.27720252  0.01378754]
  [ 0.10971058  0.15683459  0.02614944]
  [ 0.09223819  0.47580802  0.33524978]
  [-0.68426156 -0.72772306 -0.08644584]
  [-0.42135063 -0.72624534 -0.06630009]
  [-0.13879275 -0.7414931  -0.07531   ]
  [ 0.15113229 -0.7366116  -0.07651743]
  [ 0.42636508 -0.70909137 -0.04740449]
  [ 0.68050647 -0.73035103 -0.11048686]
  [ 0.00816177 -0.78854626 -0.10159587]
  [ 0.01548668 -1.0064229  -0.1326521 ]
  [ 0.0166539  -0.91740155 -0.2623943 ]
  [ 0.05034482 -0.9551441  -0.22366726]
  [-0.01666361 -0.9571015  -0.22483128]
  [ 0.08765769 -0.9310055  -0.12917465]
  [-0.06130936 -0.9360306  -0.12981403]]]