[[[-6.0855683e-02  4.5893627e-01  3.1146917e-01]
  [-7.2821572e-02  1.6373327e-01 -6.5009235e-03]
  [-1.2623081e-01 -2.7094036e-01 -1.0569615e-03]
  [ 1.1531094e-01 -2.8372106e-01  2.4846263e-02]
  [ 1.3106540e-01  1.3580662e-01 -4.6240095e-02]
  [ 1.3677868e-01  4.8870876e-01  2.1329948e-01]
  [-3.7267756e-01 -6.7629272e-01 -2.3677009e-01]
  [-3.0630094e-01 -4.9038601e-01 -9.8830529e-02]
  [-1.6709533e-01 -7.2047001e-01 -4.8613939e-02]
  [ 1.2517324e-01 -7.3081416e-01 -2.0228676e-02]
  [ 2.6349273e-01 -4.9261770e-01 -3.1327710e-02]
  [ 3.1923327e-01 -6.9202811e-01 -1.4959058e-01]
  [-2.1316677e-02 -7.9525274e-01 -5.5415530e-02]
  [-3.5209168e-02 -1.0177249e+00 -8.6188078e-02]
  [-3.1262066e-02 -9.2330879e-01 -2.1089648e-01]
  [-1.3682246e-04 -9.6657097e-01 -1.7666468e-01]
  [-6.6561133e-02 -9.6043533e-01 -1.7310046e-01]
  [ 4.6137244e-02 -9.5137370e-01 -8.4725074e-02]
  [-1.0168355e-01 -9.3903512e-01 -7.6116234e-02]]]