[[[-0.28504708  0.4774313   0.21118201]
  [-0.20597863  0.12800871 -0.06338333]
  [-0.12219757 -0.3061612  -0.00835983]
  [ 0.12018118 -0.2613411   0.04906428]
  [ 0.13217993  0.15879032 -0.02458743]
  [ 0.07535215  0.54500705  0.21196274]
  [-0.23647346 -0.27321568 -0.14205636]
  [-0.17677316 -0.5330169  -0.09435174]
  [ 0.03917686 -0.7115825  -0.16421254]
  [ 0.3183099  -0.5981311  -0.08076467]
  [ 0.43023694 -0.32817727 -0.06021411]
  [ 0.54503334 -0.15426704 -0.23251624]
  [ 0.2191399  -0.70535696 -0.15293057]
  [ 0.3623451  -0.8631639  -0.23266527]
  [ 0.3770936  -0.71179825 -0.2741751 ]
  [ 0.39841786 -0.7587008  -0.23724408]
  [ 0.3616818  -0.7704217  -0.29284123]
  [ 0.35540044 -0.79809356 -0.15145227]
  [ 0.2691236  -0.8258228  -0.2746209 ]]]