[[[-0.29698333 -0.1610963   0.7885222 ]
  [-0.15140726 -0.06552813  0.3782178 ]
  [-0.08233008 -0.10966915 -0.02740674]
  [ 0.09728597 -0.24416907  0.01456679]
  [ 0.11924898 -0.10305738  0.41073927]
  [ 0.08723137 -0.16658078  0.8537851 ]
  [-0.2614258  -0.14879712 -0.32873827]
  [-0.3501314  -0.24137397 -0.1312326 ]
  [-0.19609824 -0.39634606 -0.2725501 ]
  [ 0.04377135 -0.47385255 -0.23585096]
  [ 0.17496502 -0.3835793  -0.02279968]
  [ 0.12264954 -0.20080942 -0.14509785]
  [-0.08396824 -0.47134802 -0.2964396 ]
  [-0.12820888 -0.6196863  -0.36517882]
  [-0.11047842 -0.5093908  -0.46076292]
  [-0.09002697 -0.56263685 -0.44729066]
  [-0.14990258 -0.5438183  -0.435368  ]
  [-0.04446847 -0.57579166 -0.36770636]
  [-0.16434765 -0.54365546 -0.34502655]]]