[[[-0.06918785  0.6026079   0.13081041]
  [ 0.03888777  0.19214718  0.09141496]
  [ 0.10979311 -0.20835426 -0.01664497]
  [-0.10195274 -0.21991795  0.06172066]
  [-0.02965105  0.15652184  0.22242579]
  [-0.11117327  0.58064497  0.24994923]
  [ 0.24188678 -0.29233003  0.11923598]
  [ 0.20348014 -0.35176343 -0.1064738 ]
  [ 0.0688291  -0.56797934 -0.14074028]
  [-0.15962625 -0.5440877  -0.05752867]
  [-0.1429111  -0.29620636  0.01226579]
  [-0.00169954 -0.2534998   0.1888201 ]
  [-0.05267792 -0.6153609  -0.10694253]
  [-0.07349308 -0.8030421  -0.13217114]
  [ 0.00201821 -0.74386257 -0.02013705]
  [-0.04572669 -0.7753005  -0.03203876]
  [ 0.00655736 -0.7745236  -0.06844546]
  [-0.11801881 -0.74049217 -0.08142477]
  [-0.01399204 -0.7405736  -0.15212   ]]]