[[[-0.09111004  0.3884198  -0.13196771]
  [-0.13630986 -0.0055089  -0.3438984 ]
  [-0.13273615 -0.26096553  0.01238053]
  [ 0.11149321 -0.27685276  0.07673146]
  [ 0.30794463 -0.03496021 -0.23167218]
  [ 0.1926687   0.38789117 -0.09335438]
  [-0.11924179 -0.20859952 -0.1833322 ]
  [-0.24895027 -0.40025887 -0.02674035]
  [-0.18702188 -0.6826405   0.05135993]
  [ 0.12374186 -0.6880238   0.11778568]
  [ 0.21652569 -0.40588614  0.10475102]
  [ 0.19075395 -0.23565386 -0.11016613]
  [-0.0324176  -0.763986    0.07899738]
  [-0.04781068 -0.99112463  0.06529091]
  [-0.09284561 -0.89347684 -0.04551302]
  [-0.05212729 -0.9378633  -0.02860645]
  [-0.10987717 -0.93014324  0.00442342]
  [ 0.03247774 -0.92620385  0.03327513]
  [-0.10027603 -0.9115373   0.10636532]]]