[[[-0.18844853  0.3200734  -0.09568911]
  [-0.32933953 -0.05811995 -0.23749588]
  [-0.11956795 -0.28205234  0.05263064]
  [ 0.12263974 -0.23070742  0.03528437]
  [ 0.15853427 -0.05356742 -0.33393764]
  [ 0.19251409  0.38116732 -0.24558409]
  [ 0.15873264 -0.27139285 -0.16304739]
  [-0.04979771 -0.43376273 -0.12744635]
  [ 0.05993088 -0.67409366 -0.04079068]
  [ 0.2990065  -0.5471935   0.07078648]
  [ 0.3550712  -0.27196676  0.1345039 ]
  [ 0.43098944 -0.02177069  0.08018054]
  [ 0.21793632 -0.6634656   0.00872398]
  [ 0.3788837  -0.8070034  -0.01807491]
  [ 0.37179118 -0.67306304 -0.09086625]
  [ 0.39793515 -0.7034253  -0.04430367]
  [ 0.369139   -0.7338294  -0.09655859]
  [ 0.35501936 -0.7306391   0.04227526]
  [ 0.2880747  -0.7988984  -0.07107237]]]