[[[ 0.05283666  0.42875314  0.16928653]
  [ 0.15780482  0.04069952  0.26910195]
  [ 0.10945185 -0.21700472 -0.02596591]
  [-0.11528755 -0.2528351   0.03693507]
  [-0.00944451  0.07491522  0.271239  ]
  [-0.1009406   0.44796255  0.09320857]
  [ 0.44072086 -0.30840883  0.36122888]
  [ 0.37859386 -0.26221532  0.13212335]
  [ 0.25122577 -0.49458417  0.15709451]
  [-0.00212954 -0.5741913   0.21373825]
  [-0.2187916  -0.44257012  0.13396913]
  [-0.3732627  -0.3111388   0.2554747 ]
  [ 0.14725995 -0.5666687   0.22358313]
  [ 0.22065298 -0.6761405   0.37519348]
  [ 0.23716374 -0.5297254   0.36317837]
  [ 0.21004046 -0.5715839   0.39461678]
  [ 0.2634492  -0.5819053   0.35960943]
  [ 0.13641134 -0.6278974   0.36282825]
  [ 0.2519309  -0.6485806   0.29130134]]]