[[[-7.19613209e-02  3.66410047e-01 -5.05929850e-02]
  [-2.24364370e-01  1.66283157e-02 -2.89070845e-01]
  [-1.34340703e-01 -2.63944983e-01  3.27889137e-02]
  [ 1.18042000e-01 -2.81774729e-01  5.86611480e-02]
  [ 2.98395157e-01 -1.76128447e-02 -2.36576155e-01]
  [ 2.33097225e-01  3.86076212e-01 -1.95743255e-02]
  [-1.36971250e-01 -2.58868396e-01 -2.08068505e-01]
  [-2.62111127e-01 -4.11065817e-01 -9.71940719e-03]
  [-1.61590368e-01 -6.95311904e-01  1.95856281e-02]
  [ 1.58488244e-01 -6.80228949e-01  3.67196724e-02]
  [ 2.51671195e-01 -3.92699540e-01  1.44263981e-02]
  [ 2.14690402e-01 -2.34322682e-01 -2.10261136e-01]
  [ 2.08934769e-03 -7.66110539e-01  1.60649680e-02]
  [ 7.24446261e-04 -9.92457926e-01 -1.40286172e-02]
  [-6.03783764e-02 -8.92778754e-01 -1.15877889e-01]
  [-1.50388088e-02 -9.34613228e-01 -1.04629256e-01]
  [-7.06945360e-02 -9.33157980e-01 -6.68060482e-02]
  [ 7.36334473e-02 -9.19460058e-01 -4.83151563e-02]
  [-5.43330796e-02 -9.19242442e-01  3.62468623e-02]]]