[[[-0.4554625   0.19848335  0.54497015]
  [-0.1844884   0.08134761  0.24585195]
  [-0.05230551 -0.11421267 -0.0787023 ]
  [ 0.07652014 -0.21631669  0.07237645]
  [-0.19931844  0.06475133  0.16986084]
  [-0.485298    0.3492496   0.30267882]
  [ 0.23285688  0.2784553   0.00689702]
  [ 0.19432598  0.12338369 -0.17319685]
  [ 0.2858583  -0.07841274 -0.27326855]
  [ 0.36407173 -0.1053727  -0.13653459]
  [ 0.2576903   0.02614243  0.0472999 ]
  [ 0.31170818  0.23930687  0.01570142]
  [ 0.35114545 -0.07987404 -0.22033876]
  [ 0.4691701   0.03591273 -0.28359905]
  [ 0.4150578   0.03733165 -0.1429112 ]
  [ 0.4647277   0.02898747 -0.1716704 ]
  [ 0.41891938  0.07126079 -0.18892917]
  [ 0.46848804 -0.03546169 -0.23719227]
  [ 0.385573    0.04050444 -0.2705498 ]]]