[[[-0.15539603  0.36393628 -0.1886688 ]
  [-0.2671758  -0.04503587 -0.29834938]
  [-0.1261251  -0.2520335   0.0258372 ]
  [ 0.1139162  -0.26188302  0.0614957 ]
  [ 0.32895523 -0.0572937  -0.22620602]
  [ 0.2344067   0.3791459  -0.17194743]
  [-0.16936478 -0.8606181   0.22275846]
  [-0.4115017  -0.79024726  0.17393374]
  [-0.15596801 -0.68126106  0.21758531]
  [ 0.11815198 -0.677552    0.23049   ]
  [ 0.36435348 -0.78995854  0.17544785]
  [ 0.12282445 -0.84420127  0.22682035]
  [-0.0198861  -0.715801    0.21889207]
  [-0.02680059 -0.93012244  0.18390252]
  [-0.06025378 -0.8235884   0.08020803]
  [-0.02131704 -0.8674636   0.09647179]
  [-0.08217113 -0.86570823  0.12155767]
  [ 0.05048526 -0.86177975  0.17014033]
  [-0.08593098 -0.85977495  0.22559309]]]