[[[-0.03943379  0.54808897  0.33436453]
  [ 0.04623416  0.19690324  0.0999914 ]
  [-0.01257113 -0.1718505  -0.0992495 ]
  [ 0.03025998 -0.24667324  0.11312738]
  [ 0.15180399  0.14299512  0.1879372 ]
  [ 0.12932825  0.50504583  0.43093312]
  [ 0.11740439 -0.17168893 -0.27140862]
  [-0.09569225 -0.26582432 -0.24133772]
  [-0.0930969  -0.5189463  -0.21330673]
  [-0.02360792 -0.6015856   0.01338972]
  [-0.00308943 -0.38517803  0.15406466]
  [ 0.16385162 -0.23240903  0.11129775]
  [-0.05662639 -0.6138921  -0.12448686]
  [-0.08598732 -0.77941483 -0.20329711]
  [ 0.0255728  -0.6932749  -0.24758595]
  [ 0.01435968 -0.74536896 -0.22345796]
  [-0.02658701 -0.7140535  -0.26128575]
  [-0.02386001 -0.7547651  -0.13681172]
  [-0.10438209 -0.6936849  -0.21617725]]]