[[[-0.0486205   0.5431224   0.34653053]
  [-0.11832554  0.18829393  0.04946144]
  [-0.1240804  -0.26763073  0.05384226]
  [ 0.11513915 -0.25654495 -0.02711778]
  [ 0.05445454  0.19159122 -0.04921114]
  [ 0.12363984  0.5761736   0.2142902 ]
  [-0.34699306 -0.18178023  0.02096336]
  [-0.24292283 -0.42283517  0.09638502]
  [-0.15077208 -0.69059896  0.03100891]
  [ 0.12936594 -0.6910986  -0.07578325]
  [ 0.20538063 -0.41217965 -0.06669302]
  [ 0.14889278 -0.1814787  -0.19169363]
  [-0.01641453 -0.7656966  -0.04431354]
  [-0.02561    -0.9870274  -0.05486844]
  [-0.0685032  -0.9036469  -0.17986362]
  [-0.02449255 -0.9423157  -0.15466806]
  [-0.08694336 -0.93965185 -0.13041043]
  [ 0.04551742 -0.91659033 -0.08434241]
  [-0.09132221 -0.9117523  -0.03008493]]]