[[[-2.46633366e-01  2.63397723e-01 -2.46405885e-01]
  [-3.99240911e-01 -1.29925057e-01 -1.75120905e-01]
  [-1.08119726e-01 -2.54416436e-01  8.32395330e-02]
  [ 1.19072378e-01 -2.36757442e-01 -4.83273063e-04]
  [ 1.26659170e-01 -2.62429100e-02 -3.53563607e-01]
  [ 1.47341982e-01  4.11430508e-01 -2.71210670e-01]
  [ 5.45780696e-02 -7.91582346e-01  3.89713466e-01]
  [-1.91137835e-01 -7.62873888e-01  4.14645672e-01]
  [ 2.11633965e-02 -6.28437161e-01  3.02704364e-01]
  [ 2.61339456e-01 -6.01087391e-01  2.28548944e-01]
  [ 4.85345900e-01 -7.43769586e-01  2.15342864e-01]
  [ 2.57981122e-01 -7.49049842e-01  3.11367393e-01]
  [ 1.41693071e-01 -6.46918893e-01  2.60144502e-01]
  [ 1.44007847e-01 -8.56481969e-01  2.65106142e-01]
  [ 6.02423251e-02 -7.76659012e-01  1.65106297e-01]
  [ 1.06211737e-01 -8.15160573e-01  1.71018928e-01]
  [ 6.10393435e-02 -8.08177114e-01  2.18237966e-01]
  [ 2.00082555e-01 -7.93445945e-01  2.06645578e-01]
  [ 1.00053892e-01 -7.79916584e-01  3.10160041e-01]]]