[[[-0.14358218  0.48554942  0.3638602 ]
  [-0.17850772  0.17411698  0.01641351]
  [-0.12511104 -0.2788512   0.05132356]
  [ 0.12045252 -0.25915116 -0.017683  ]
  [ 0.06835092  0.18835329 -0.05093332]
  [ 0.0598861   0.6021919   0.17642668]
  [-0.25699976 -0.19998795  0.05270647]
  [-0.20821771 -0.45799583  0.1352688 ]
  [-0.12932755 -0.7163396   0.02563135]
  [ 0.152582   -0.70507807 -0.08429129]
  [ 0.25592548 -0.43195236 -0.06610925]
  [ 0.2063971  -0.19743407 -0.19219895]
  [ 0.00238557 -0.77929765 -0.0582082 ]
  [-0.03548912 -0.99579835 -0.10435554]
  [-0.10740358 -0.8810883  -0.18309242]
  [-0.06571589 -0.92888033 -0.18620157]
  [-0.11092283 -0.92523897 -0.13662806]
  [ 0.03281697 -0.9276318  -0.15063134]
  [-0.06907052 -0.921478   -0.04142654]]]