[[[-1.02002963e-01  3.51079434e-01 -7.35569671e-02]
  [-2.51276761e-01 -1.31551288e-02 -2.83399045e-01]
  [-1.32031947e-01 -2.63731986e-01  4.77830768e-02]
  [ 1.22174606e-01 -2.75305808e-01  4.51274626e-02]
  [ 2.49081120e-01 -1.50229773e-02 -2.77559608e-01]
  [ 2.29122937e-01  3.78455698e-01 -4.05989438e-02]
  [-2.05727980e-01 -2.15941846e-01 -1.84705049e-01]
  [-2.56848335e-01 -4.07683253e-01  1.15596708e-02]
  [-1.48360923e-01 -6.88491940e-01  2.26502158e-02]
  [ 1.68951347e-01 -6.72160745e-01  5.90616185e-03]
  [ 2.69167721e-01 -3.92034709e-01 -3.05378009e-02]
  [ 2.11944208e-01 -2.48065442e-01 -2.58329302e-01]
  [ 1.14799608e-02 -7.56187320e-01  9.19095241e-04]
  [ 3.45539791e-03 -9.79970932e-01 -2.63703428e-02]
  [-9.42160562e-02 -8.80108118e-01 -9.20064449e-02]
  [-4.99186069e-02 -9.22698796e-01 -1.01512715e-01]
  [-8.27220157e-02 -9.19761300e-01 -4.31234241e-02]
  [ 5.53366579e-02 -9.08795059e-01 -8.99941102e-02]
  [-2.25971751e-02 -9.06074345e-01  4.05942909e-02]]]