[[[-1.51905209e-01  4.87146825e-01  2.79889375e-01]
  [-1.81616709e-01  1.47522032e-01 -4.66059311e-04]
  [-1.21183112e-01 -2.80603915e-01  4.30288091e-02]
  [ 1.14557676e-01 -2.58439600e-01 -1.77524239e-02]
  [ 6.44757897e-02  1.73757926e-01 -1.57565274e-03]
  [ 7.22746179e-02  5.17056644e-01  2.81858683e-01]
  [-1.92419410e-01 -1.08062124e+00 -2.81903327e-01]
  [-2.87701935e-01 -8.74749303e-01 -1.47113353e-01]
  [-9.93007421e-02 -7.61506498e-01  1.12685617e-02]
  [ 1.45811811e-01 -7.47153938e-01 -8.19632038e-02]
  [ 1.83042556e-01 -8.32731962e-01 -3.34001005e-01]
  [ 4.90186103e-02 -1.04475367e+00 -4.03038919e-01]
  [ 2.66590882e-02 -7.91691065e-01 -2.87058502e-02]
  [ 3.39095481e-02 -1.00138545e+00 -9.83187649e-03]
  [-3.21138091e-02 -9.45836008e-01 -1.40597343e-01]
  [ 1.69171263e-02 -9.76617932e-01 -1.16298556e-01]
  [-4.11804318e-02 -9.71484780e-01 -8.34364817e-02]
  [ 9.73540097e-02 -9.34236944e-01 -6.21748120e-02]
  [-3.18777189e-02 -9.25053656e-01  1.21453814e-02]]]