[[[-0.12605335  0.57320255  0.28785163]
  [-0.13942988  0.19779527  0.00656728]
  [-0.1236432  -0.25407004  0.03793   ]
  [ 0.11817887 -0.23418638 -0.01278442]
  [ 0.05274217  0.21097076 -0.02141079]
  [ 0.07704131  0.6424714   0.17690516]
  [-0.31922296 -0.14615797  0.00461861]
  [-0.21461827 -0.37920672  0.09560716]
  [-0.13263763 -0.6469022   0.03596918]
  [ 0.13979003 -0.6569042  -0.06044565]
  [ 0.24046867 -0.3881041  -0.05824602]
  [ 0.24409243 -0.14489076 -0.16838583]
  [-0.00519303 -0.72277933 -0.03162231]
  [-0.02885242 -0.93381774 -0.0325019 ]
  [-0.09655905 -0.8504387  -0.14128962]
  [-0.05286566 -0.8934365  -0.12943512]
  [-0.103052   -0.8824448  -0.08780751]
  [ 0.03586025 -0.87508523 -0.08595411]
  [-0.07341708 -0.85369796  0.00314946]]]