[[[ 0.0375969   0.5933127   0.18352993]
  [-0.0465104   0.18663035  0.1204638 ]
  [-0.06460088 -0.21972306  0.11069681]
  [ 0.03587412 -0.20699058 -0.09268418]
  [-0.00162121  0.19704035 -0.08699139]
  [ 0.10412468  0.6093541  -0.09048329]
  [-0.21778075 -0.45456487  0.21744303]
  [-0.0234946  -0.3582093   0.2737438 ]
  [-0.00871354 -0.5735934   0.15523261]
  [ 0.00569649 -0.6421692  -0.06732917]
  [-0.06457325 -0.59630084 -0.30833972]
  [-0.2772739  -0.5629741  -0.23981301]
  [-0.01032128 -0.64810497  0.05598669]
  [-0.01242051 -0.81998634  0.10585098]
  [-0.139283   -0.7423656   0.12179716]
  [-0.11732116 -0.78938353  0.09453439]
  [-0.09438276 -0.7656565   0.1501166 ]
  [-0.04796207 -0.78339607  0.02736213]
  [-0.00503324 -0.7376112   0.14043358]]]