[[[-0.22105154  0.30492052 -0.11403523]
  [-0.32632723 -0.09146699 -0.26065877]
  [-0.12528497 -0.27809027  0.04924781]
  [ 0.12178288 -0.24893902  0.04742274]
  [ 0.26441848 -0.05645442 -0.28174543]
  [ 0.22957098  0.37121415 -0.13899735]
  [ 0.04113251 -0.30714104 -0.23438297]
  [-0.15094249 -0.44659778 -0.09628274]
  [-0.04858769 -0.6947752   0.01771921]
  [ 0.243961   -0.61946034  0.0759115 ]
  [ 0.3353355  -0.33687496  0.08524162]
  [ 0.4017827  -0.11852578 -0.0645211 ]
  [ 0.11168488 -0.7280143   0.03841028]
  [ 0.11446755 -0.9477301  -0.00410402]
  [ 0.04740554 -0.8395481  -0.08848897]
  [ 0.09103471 -0.8825635  -0.0872386 ]
  [ 0.04128364 -0.88264936 -0.04299284]
  [ 0.1852332  -0.8755256  -0.0408368 ]
  [ 0.06994017 -0.8789465   0.05592705]]]