[[[-0.22484213  0.4752856   0.21621922]
  [-0.13534005  0.14778836 -0.06993307]
  [-0.11759971 -0.28944948 -0.03894685]
  [ 0.10817523 -0.2938146   0.07267659]
  [ 0.20127937  0.11546614 -0.00739888]
  [ 0.16114572  0.48250118  0.245556  ]
  [-0.1349825  -0.26399365 -0.22487913]
  [-0.20302764 -0.5070138  -0.14522886]
  [-0.05741616 -0.751278   -0.1359104 ]
  [ 0.19397908 -0.71748245  0.04423606]
  [ 0.2349943  -0.44774342  0.13808575]
  [ 0.30654383 -0.23994204 -0.00385243]
  [ 0.10134612 -0.80297863 -0.06350815]
  [ 0.21145628 -1.0090127  -0.07828503]
  [ 0.28314775 -0.8682046  -0.09394582]
  [ 0.26927656 -0.9170599  -0.05498953]
  [ 0.26604587 -0.9222741  -0.1225848 ]
  [ 0.17894065 -0.9384788  -0.00850537]
  [ 0.16592704 -0.9511869  -0.16031855]]]