[[[ 0.19573133  0.50366694  0.29775956]
  [-0.01367274  0.17318296  0.11929666]
  [-0.06551244 -0.24232298  0.10995683]
  [ 0.03718317 -0.23946205 -0.09904515]
  [ 0.04938485  0.17688581 -0.03937711]
  [ 0.24328503  0.53614306  0.10571361]
  [-0.2976347  -0.11738024  0.26182705]
  [-0.21502155 -0.3571648   0.23037626]
  [-0.24331604 -0.5830327   0.08300222]
  [-0.21558695 -0.552723   -0.18857567]
  [-0.15226541 -0.28928885 -0.23333426]
  [-0.15640461 -0.03858377 -0.23598881]
  [-0.26813152 -0.62353456 -0.0627078 ]
  [-0.3931979  -0.7976116  -0.08809663]
  [-0.4451412  -0.6660753  -0.03790591]
  [-0.44651788 -0.7053132  -0.0838787 ]
  [-0.4309715  -0.7226176  -0.02334742]
  [-0.3710969  -0.7197709  -0.1469426 ]
  [-0.34062666 -0.75977737 -0.01920711]]]