[[[-0.2016134   0.3199398  -0.06241198]
  [-0.3459403  -0.06771297 -0.23959182]
  [-0.12811539 -0.27132317  0.05532729]
  [ 0.12505466 -0.26533017  0.04441782]
  [ 0.28776145 -0.06477702 -0.2846171 ]
  [ 0.20474233  0.35695124 -0.11411333]
  [-0.09233642 -0.23473015 -0.19249445]
  [-0.20575683 -0.40996662 -0.00103403]
  [-0.12036316 -0.6890586   0.08056916]
  [ 0.19252896 -0.65390116  0.05437675]
  [ 0.20098543 -0.36156327 -0.01775451]
  [ 0.05089541 -0.22157568 -0.20869192]
  [ 0.04415489 -0.7541501   0.06780197]
  [ 0.04319312 -0.9844432   0.06039303]
  [-0.0240968  -0.8913082  -0.04273204]
  [ 0.02144231 -0.9328783  -0.03225759]
  [-0.0311617  -0.928323    0.00938985]
  [ 0.11321309 -0.9147294   0.016305  ]
  [-0.00744152 -0.90808743  0.10930745]]]