[[[-9.7227611e-02  3.2861415e-01 -4.7635544e-02]
  [-2.2678743e-01 -1.2165217e-02 -2.9810664e-01]
  [-1.3345408e-01 -2.5944233e-01  4.0695507e-02]
  [ 1.1882694e-01 -2.8239781e-01  5.1911984e-02]
  [ 2.7726564e-01 -2.7170505e-02 -2.5900328e-01]
  [ 2.3677418e-01  3.6317766e-01 -2.5195157e-02]
  [-1.9554873e-01 -1.9500412e-01 -1.5707701e-01]
  [-2.6689914e-01 -4.0239769e-01  1.5471421e-02]
  [-1.7015633e-01 -6.8645525e-01  2.3366502e-02]
  [ 1.4813620e-01 -6.7713398e-01  1.6753078e-02]
  [ 2.3670784e-01 -3.9191395e-01 -6.1559770e-04]
  [ 2.0303366e-01 -1.9571920e-01 -1.9235273e-01]
  [-1.0670356e-02 -7.6015568e-01  5.5255601e-03]
  [-2.4743149e-02 -9.8539770e-01 -2.3429088e-02]
  [-1.1166874e-01 -8.8224083e-01 -9.8186523e-02]
  [-6.7736663e-02 -9.2599249e-01 -1.0316615e-01]
  [-1.0677338e-01 -9.2263323e-01 -4.8792973e-02]
  [ 3.5692066e-02 -9.1526181e-01 -8.0139704e-02]
  [-5.5984937e-02 -9.1120410e-01  4.1224167e-02]]]