[[[ 1.8907554e-02  5.3166032e-01  1.4780560e-01]
  [-9.1949776e-02  1.2231688e-01  1.9075373e-01]
  [ 4.7290489e-02 -2.7520019e-01  1.1186073e-01]
  [-6.0199022e-02 -2.3733029e-01 -8.9692399e-02]
  [-9.7589403e-02  1.7581090e-01  8.6381380e-04]
  [ 5.5438053e-02  5.8069772e-01  2.2014555e-02]
  [-4.5414947e-02 -2.2795208e-01  3.7022504e-01]
  [ 5.4969836e-02 -4.2395401e-01  2.3922099e-01]
  [ 2.4556415e-02 -6.6559881e-01  1.1483034e-01]
  [-7.9513177e-02 -6.6956031e-01 -1.4688987e-01]
  [-9.4603255e-02 -4.1795751e-01 -2.5263703e-01]
  [-1.7692494e-01 -1.8302338e-01 -2.2083530e-01]
  [-3.8301080e-02 -7.3512805e-01 -5.0508464e-03]
  [-4.2879686e-02 -9.5172173e-01  2.0851243e-02]
  [-2.8290430e-02 -8.5057151e-01  1.3446574e-01]
  [-6.3358627e-02 -8.9595258e-01  1.1178983e-01]
  [ 1.8883497e-04 -8.8870978e-01  9.5239401e-02]
  [-1.2459752e-01 -8.8877106e-01  2.8016791e-02]
  [ 1.2674119e-02 -8.7705529e-01 -2.8451849e-03]]]