[[[-5.42955846e-02  5.49129128e-01  1.32674724e-01]
  [-1.18002936e-01  1.64747536e-01 -7.99295306e-02]
  [-1.22086182e-01 -2.54674613e-01  3.12612168e-02]
  [ 1.08052671e-01 -2.74347126e-01 -1.09856864e-02]
  [ 1.55045033e-01  1.65565893e-01 -3.21388729e-02]
  [ 2.72011608e-01  4.15409684e-01  3.23090166e-01]
  [-1.62254065e-01 -1.51985884e-01 -5.35581671e-02]
  [-2.25424245e-01 -3.90380293e-01  4.49518301e-02]
  [-1.89086854e-01 -6.68812633e-01  1.26674529e-02]
  [ 9.63521376e-02 -6.91735566e-01 -3.83346640e-02]
  [ 1.99428469e-01 -4.30663466e-01 -2.38028355e-04]
  [ 2.46698141e-01 -1.83600575e-01 -6.70776442e-02]
  [-6.03239089e-02 -7.54761994e-01 -3.55202630e-02]
  [-1.24359280e-01 -9.66947615e-01 -6.23797178e-02]
  [-2.12043554e-01 -8.43316197e-01 -6.85427487e-02]
  [-1.91343606e-01 -8.92798305e-01 -9.95009989e-02]
  [-1.89629138e-01 -8.90773118e-01 -3.37256789e-02]
  [-9.65097249e-02 -9.00844157e-01 -1.40532553e-01]
  [-9.82242599e-02 -9.00168598e-01  3.48799676e-03]]]