[[[ 0.02788978  0.55740553  0.16063187]
  [ 0.02459363  0.13375445  0.16711746]
  [ 0.08551115 -0.27571106  0.07657667]
  [-0.10513572 -0.23880015 -0.0425461 ]
  [-0.06212311  0.17040841  0.04563574]
  [ 0.0017549   0.59295785  0.04028682]
  [-0.03720295 -0.24708146  0.2998471 ]
  [ 0.06802239 -0.44634604  0.18281405]
  [ 0.04200698 -0.6887194   0.07766406]
  [-0.11884076 -0.66316044 -0.13676971]
  [-0.07024944 -0.40363532 -0.17569569]
  [-0.0728583  -0.16600756 -0.10787282]
  [-0.05154655 -0.7469721  -0.02611438]
  [-0.0754789  -0.9688553  -0.01361849]
  [-0.13045889 -0.8691323   0.08915576]
  [-0.14557819 -0.9097218   0.04471977]
  [-0.08780748 -0.9115993   0.07687522]
  [-0.13097563 -0.89646494 -0.05477381]
  [-0.01049782 -0.9024753   0.01410149]]]