[[[ 1.02565825e-01  5.08026421e-01  9.48666409e-03]
  [ 6.03921362e-04  1.37964383e-01  1.70237705e-01]
  [ 8.13057423e-02 -2.70106792e-01  8.26606601e-02]
  [-9.78226885e-02 -2.43079022e-01 -4.98494692e-02]
  [-7.54169673e-02  1.65279865e-01  3.03060822e-02]
  [-1.59873569e-03  5.77002466e-01 -3.16417105e-02]
  [-3.06086168e-02 -1.96761832e-01  2.44258329e-01]
  [ 5.33477962e-02 -4.31996524e-01  2.14798898e-01]
  [-3.90178431e-03 -6.78385973e-01  1.35496274e-01]
  [-1.35909706e-01 -6.65229678e-01 -9.98105854e-02]
  [-7.00765252e-02 -4.28313673e-01 -1.94241643e-01]
  [-7.93827474e-02 -1.90814525e-01 -1.38880506e-01]
  [-9.12881568e-02 -7.36242950e-01  2.68802755e-02]
  [-1.42434493e-01 -9.43985820e-01  3.19021717e-02]
  [-1.48716316e-01 -8.55265677e-01  1.55842677e-01]
  [-1.81720257e-01 -8.88946652e-01  1.15787342e-01]
  [-1.17263734e-01 -8.98194551e-01  1.24509692e-01]
  [-2.01870203e-01 -8.63725364e-01  1.93762407e-02]
  [-6.56537935e-02 -8.85964572e-01  4.10075933e-02]]]