[[[-0.27541998  0.47057796  0.2708108 ]
  [-0.21495055  0.15182032 -0.06130613]
  [-0.12401868 -0.2856589   0.00890641]
  [ 0.12655309 -0.24116445  0.02845242]
  [ 0.07949039  0.19885589 -0.0242871 ]
  [ 0.01889914  0.56563896  0.2641474 ]
  [-0.2912687  -0.20635459 -0.06028894]
  [-0.21225347 -0.46467137 -0.01106781]
  [-0.05271052 -0.6968662  -0.08546927]
  [ 0.24178556 -0.6399145  -0.05025782]
  [ 0.28268966 -0.36644053  0.04454552]
  [ 0.2684998  -0.10546963 -0.02742635]
  [ 0.1122794  -0.7355411  -0.09889201]
  [ 0.14300273 -0.9486918  -0.12316287]
  [ 0.12138189 -0.86358666 -0.25224084]
  [ 0.16236986 -0.89863527 -0.21890303]
  [ 0.09612552 -0.90395993 -0.20979376]
  [ 0.21141163 -0.8692249  -0.13264239]
  [ 0.0652701  -0.8827037  -0.11309512]]]