[[[-5.99677712e-02  5.60147762e-01  2.58333057e-01]
  [-1.11219957e-01  1.58113286e-01  1.37039751e-01]
  [-6.58281147e-02 -2.51937240e-01  1.04527533e-01]
  [ 4.49367389e-02 -2.15498000e-01 -9.24904794e-02]
  [-1.11637842e-02  1.92393169e-01 -3.83203179e-02]
  [ 9.90762487e-02  5.94800234e-01  6.10363632e-02]
  [-1.88535258e-01 -2.79157758e-01  3.59705597e-01]
  [-1.77457612e-02 -3.99044394e-01  2.40656555e-01]
  [-4.72259521e-03 -6.23589873e-01  1.20154746e-01]
  [ 6.78962097e-04 -6.46268606e-01 -1.37416691e-01]
  [-2.18001027e-02 -4.15966153e-01 -2.63361394e-01]
  [-1.69751927e-01 -2.46429190e-01 -3.38429034e-01]
  [-1.82555001e-02 -6.92776859e-01  4.12559137e-04]
  [-4.74064201e-02 -8.83120120e-01  5.55882342e-02]
  [-1.58976287e-01 -7.82526433e-01  6.43600821e-02]
  [-1.42609373e-01 -8.33018124e-01  3.73568758e-02]
  [-1.18813142e-01 -8.13895106e-01  9.45939124e-02]
  [-6.98863119e-02 -8.38723481e-01 -2.85690166e-02]
  [-2.43890844e-02 -8.01257133e-01  9.14023519e-02]]]