[[[ 0.0094155   0.5595098   0.23143384]
  [-0.06825925  0.14861548  0.14958425]
  [-0.04715738 -0.27388954  0.11348993]
  [ 0.02334304 -0.22987902 -0.10179489]
  [-0.03652474  0.17791773 -0.02052817]
  [ 0.0033595   0.5945962   0.07696912]
  [-0.06830395 -0.26245663  0.3299463 ]
  [ 0.05997128 -0.45950383  0.24318005]
  [ 0.0189964  -0.6776379   0.09807788]
  [-0.00824137 -0.66837204 -0.17155884]
  [-0.01170505 -0.41142696 -0.26126984]
  [-0.11890107 -0.18973705 -0.27357545]
  [-0.01359932 -0.7374413  -0.03587268]
  [-0.02947947 -0.9465783  -0.01516034]
  [-0.15910544 -0.8628945  -0.02006688]
  [-0.12463287 -0.9037686  -0.05052123]
  [-0.12124442 -0.8959291   0.0147595 ]
  [-0.03650712 -0.8843754  -0.09361856]
  [-0.02915076 -0.86958     0.04436797]]]