[[[ 0.0535345   0.5540794   0.24861348]
  [ 0.15585917  0.18449342  0.09069234]
  [ 0.05515516 -0.17012289 -0.08548027]
  [-0.04131169 -0.22826134  0.1041494 ]
  [ 0.17446586  0.09560006  0.22149177]
  [ 0.05376085  0.45312768  0.40151247]
  [ 0.38930592 -0.58402693  0.09140953]
  [ 0.28818455 -0.47607088 -0.08419193]
  [ 0.06019701 -0.554301   -0.13766387]
  [-0.09954759 -0.55632186  0.02003024]
  [-0.21864334 -0.36019522  0.11403325]
  [-0.14904273 -0.296269    0.30822286]
  [-0.01608503 -0.5995399  -0.06715424]
  [-0.03681491 -0.768023   -0.10663436]
  [ 0.09347326 -0.7164427  -0.07076247]
  [ 0.05450714 -0.75487757 -0.05361876]
  [ 0.06253451 -0.736438   -0.11330716]
  [-0.02969611 -0.72753423 -0.02552034]
  [-0.01092606 -0.69654715 -0.14325374]]]