[[[-0.14015679  0.5019983   0.31728488]
  [-0.16600075  0.1382423   0.07716421]
  [-0.10974571 -0.2833526   0.05747984]
  [ 0.09721034 -0.25542316 -0.04996417]
  [ 0.07494444  0.16401115  0.02861317]
  [ 0.13089958  0.56092155  0.2111518 ]
  [-0.32951146 -0.3314877   0.12888259]
  [-0.15581459 -0.4835601   0.22992164]
  [-0.12194891 -0.7012428   0.06322609]
  [ 0.08921614 -0.7208802  -0.12341984]
  [ 0.22868675 -0.48434955 -0.10052302]
  [ 0.12003347 -0.2704786  -0.1631966 ]
  [-0.04242447 -0.7763213  -0.05577523]
  [-0.09787009 -0.98962766 -0.07457571]
  [-0.15702182 -0.8883022  -0.17676145]
  [-0.11633819 -0.9360559  -0.16765812]
  [-0.16710635 -0.92506063 -0.12608728]
  [-0.02626414 -0.9297379  -0.12096894]
  [-0.13723627 -0.90836686 -0.02902179]]]