[[[-0.11586328  0.50202286  0.34200603]
  [-0.14838704  0.17562151  0.00888335]
  [-0.12815341 -0.28356037  0.03299274]
  [ 0.12377123 -0.25725022 -0.00427841]
  [ 0.04580484  0.19160281  0.01708158]
  [ 0.02608144  0.54838955  0.32597584]
  [-0.23373494 -0.1751746  -0.05587151]
  [-0.2049858  -0.43758237  0.02671931]
  [-0.12045807 -0.71203595 -0.02905311]
  [ 0.18159011 -0.68669355 -0.0829433 ]
  [ 0.22956023 -0.39711547 -0.06023493]
  [ 0.17338897 -0.15215397 -0.1669049 ]
  [ 0.03404189 -0.7774328  -0.08143682]
  [ 0.03759462 -1.0041151  -0.11015433]
  [-0.00521842 -0.91051173 -0.22856176]
  [ 0.03963446 -0.95030993 -0.2054678 ]
  [-0.02365781 -0.9512461  -0.18216765]
  [ 0.10968918 -0.9285651  -0.13114193]
  [-0.03077736 -0.9322023  -0.07894364]]]