[[[-0.00410402  0.40519533  0.59238636]
  [-0.01786632  0.16627511  0.23126599]
  [-0.09537312 -0.13767335 -0.03356717]
  [ 0.09503222 -0.2454295   0.02511209]
  [ 0.22334296  0.09544261  0.22241192]
  [ 0.34456643  0.33140785  0.5707767 ]
  [-0.19485866 -0.11415169 -0.19635628]
  [-0.29649    -0.23025584 -0.02197777]
  [-0.24073452 -0.4355022  -0.16162041]
  [-0.00938036 -0.5287597  -0.14942151]
  [ 0.13929987 -0.35053477 -0.03172994]
  [ 0.16259596 -0.24609736 -0.22898   ]
  [-0.14510825 -0.5257876  -0.18897852]
  [-0.2054358  -0.6790735  -0.24419115]
  [-0.22892202 -0.56151277 -0.32879758]
  [-0.20384638 -0.6136089  -0.32993078]
  [-0.2537056  -0.5988545  -0.29321966]
  [-0.12982981 -0.63278985 -0.2759117 ]
  [-0.23126222 -0.6065943  -0.20547113]]]