[[[ 0.0036944   0.4605359   0.13264588]
  [ 0.01612328  0.13002361 -0.1278112 ]
  [-0.12026935 -0.25863692 -0.02452504]
  [ 0.10224397 -0.28422606  0.06446869]
  [ 0.18350095  0.08397776 -0.10338654]
  [ 0.17489699  0.42840987  0.14898318]
  [-0.20457184 -0.38125956 -0.2008023 ]
  [-0.36284328 -0.5240368  -0.07744315]
  [-0.14688963 -0.69320613 -0.11895504]
  [ 0.140521   -0.70668674 -0.01732685]
  [ 0.31395018 -0.53198457  0.1127812 ]
  [ 0.30110034 -0.46635434 -0.11930696]
  [ 0.00547587 -0.75647503 -0.0956606 ]
  [ 0.01083817 -0.9654474  -0.11028421]
  [ 0.00422703 -0.88511777 -0.24166024]
  [ 0.03819712 -0.92348826 -0.20576307]
  [-0.02679012 -0.9180638  -0.19789225]
  [ 0.0912824  -0.8978674  -0.12225308]
  [-0.0559955  -0.88912344 -0.1037923 ]]]