[[[-2.39834003e-02  4.69455630e-01  4.67067473e-02]
  [-7.60080516e-02  1.05689377e-01 -1.92643419e-01]
  [-1.33952796e-01 -2.74064213e-01  1.60227381e-02]
  [ 1.15044944e-01 -2.98229545e-01  4.69471104e-02]
  [ 2.02067405e-01  6.25361949e-02 -1.71255201e-01]
  [ 2.71028191e-01  3.45778227e-01  1.62049934e-01]
  [-2.30708703e-01 -3.89250576e-01 -1.88843220e-01]
  [-3.80987942e-01 -5.31938851e-01 -3.17030400e-02]
  [-1.77172467e-01 -7.30892777e-01 -6.89599216e-02]
  [ 1.35527626e-01 -7.47849822e-01 -1.61981788e-02]
  [ 3.87818784e-01 -6.18687212e-01  2.32939422e-02]
  [ 3.52961600e-01 -6.52415812e-01 -2.26686880e-01]
  [-1.50747700e-02 -7.92678297e-01 -7.29400814e-02]
  [ 8.73366138e-04 -9.96240258e-01 -1.64760590e-01]
  [ 1.83347203e-02 -8.67501795e-01 -2.52173632e-01]
  [ 4.67340052e-02 -9.16882455e-01 -2.24658906e-01]
  [-1.95820071e-02 -9.15637612e-01 -2.33743429e-01]
  [ 7.44387358e-02 -9.28983867e-01 -1.25055254e-01]
  [-7.86307603e-02 -9.26825225e-01 -1.44679695e-01]]]