[[[-0.03374217  0.4520208  -0.01980982]
  [-0.07346228  0.07361259 -0.23630485]
  [-0.13424659 -0.27336723  0.01344949]
  [ 0.11496668 -0.29685646  0.05239695]
  [ 0.2032728   0.06988859 -0.16012955]
  [ 0.26951233  0.3568109   0.1726304 ]
  [-0.22663903 -0.37345818 -0.21352963]
  [-0.37849778 -0.5154979  -0.05631407]
  [-0.1782059  -0.72145396 -0.08329296]
  [ 0.13075751 -0.74888897 -0.0148262 ]
  [ 0.3842705  -0.6304783   0.04840598]
  [ 0.38400844 -0.66610116 -0.20402119]
  [-0.01723225 -0.788263   -0.08006677]
  [ 0.00140138 -0.9945354  -0.16096301]
  [ 0.03316929 -0.8718628  -0.25380605]
  [ 0.05661301 -0.92012316 -0.22003028]
  [-0.00817279 -0.9179419  -0.2372973 ]
  [ 0.07143991 -0.926181   -0.11724789]
  [-0.0783264  -0.92215645 -0.1555127 ]]]