[[[-0.01646216  0.4874339   0.13357122]
  [-0.04323636  0.1335203  -0.10181528]
  [-0.12798524 -0.2737302   0.00150243]
  [ 0.10876448 -0.29985112  0.03744826]
  [ 0.1941129   0.09973466 -0.05720564]
  [ 0.25132972  0.38481316  0.26188654]
  [-0.5420959  -0.8373612  -0.33674797]
  [-0.42192173 -0.780434   -0.11783056]
  [-0.14960259 -0.7755924  -0.06045849]
  [ 0.14211494 -0.75020957 -0.02276538]
  [ 0.40982747 -0.6843878  -0.01223958]
  [ 0.53799826 -0.7869571  -0.20274886]
  [ 0.00144099 -0.8079752  -0.06305953]
  [ 0.01661178 -1.0196521  -0.0806284 ]
  [ 0.01971627 -0.9405539  -0.21655725]
  [ 0.05217136 -0.9747018  -0.17450917]
  [-0.01446765 -0.9757943  -0.17512533]
  [ 0.09144077 -0.94347227 -0.08197637]
  [-0.06191472 -0.9470113  -0.08295248]]]