[[[-7.65612051e-02  4.98621941e-01  1.73976466e-01]
  [-8.74331221e-02  1.40372008e-01 -6.05739132e-02]
  [-1.26298696e-01 -2.82599866e-01  7.43366219e-03]
  [ 1.12112075e-01 -2.94095039e-01  2.64703762e-02]
  [ 1.55891344e-01  1.16049029e-01 -5.60782701e-02]
  [ 1.71134323e-01  4.67928231e-01  1.96212441e-01]
  [-4.43984240e-01 -7.72364199e-01 -1.57978579e-01]
  [-3.98677528e-01 -6.14463091e-01  2.35698558e-02]
  [-1.59414813e-01 -7.55004287e-01 -2.24476866e-02]
  [ 1.43155009e-01 -7.38209426e-01 -2.69228555e-02]
  [ 3.27372730e-01 -5.30296326e-01  3.34322229e-02]
  [ 5.31518996e-01 -5.26872814e-01 -1.03766896e-01]
  [-4.49936930e-03 -8.09408605e-01 -5.60007133e-02]
  [ 7.65135861e-04 -1.02968085e+00 -9.75654051e-02]
  [ 1.12027545e-02 -9.33148623e-01 -2.21212506e-01]
  [ 4.17003371e-02 -9.72920954e-01 -1.82453081e-01]
  [-2.49877498e-02 -9.73529637e-01 -1.87262043e-01]
  [ 7.56500736e-02 -9.54839826e-01 -8.49291608e-02]
  [-7.70847574e-02 -9.57023323e-01 -9.42975283e-02]]]