[[[-1.64320037e-01  5.30087292e-01  1.38631046e-01]
  [-1.36547267e-01  1.48114011e-01 -1.94230117e-02]
  [-1.17017709e-01 -2.61330724e-01  1.41594317e-02]
  [ 1.11434326e-01 -2.44265229e-01  7.13046128e-03]
  [ 5.57972603e-02  1.41017005e-01 -1.02243334e-01]
  [ 7.40245506e-02  5.50189018e-01 -1.87500603e-02]
  [-3.32291394e-01 -5.49287319e-01 -4.58496809e-02]
  [-2.41647348e-01 -5.05530655e-01  1.58612475e-01]
  [-1.10430345e-01 -6.87735736e-01  3.83395664e-02]
  [ 1.51548773e-01 -6.75778329e-01 -1.32315522e-02]
  [ 2.46278226e-01 -4.37265038e-01 -2.15682201e-04]
  [ 1.96670324e-01 -3.85926753e-01 -2.16000423e-01]
  [ 1.50133688e-02 -7.37893701e-01 -1.18067283e-02]
  [-1.26454858e-02 -9.34434295e-01 -2.29107682e-02]
  [-4.04484272e-02 -8.51285636e-01 -1.49146244e-01]
  [-4.26579639e-03 -8.93601775e-01 -1.24695048e-01]
  [-6.42555952e-02 -8.81278455e-01 -1.01761654e-01]
  [ 6.54844269e-02 -8.77893686e-01 -5.47050312e-02]
  [-6.52626082e-02 -8.53749394e-01 -5.56904729e-03]]]