[[[-5.8895987e-02  5.2650404e-01 -1.1177642e-02]
  [ 1.0133291e-01  1.2674901e-01 -9.7921617e-02]
  [-5.4914206e-02 -2.8586209e-01 -9.4846606e-02]
  [ 4.2353086e-02 -2.9170537e-01  1.3088104e-01]
  [ 1.3848780e-01  1.2809405e-01  7.9832509e-02]
  [-4.8708349e-02  5.0603825e-01  2.1924712e-01]
  [ 2.5918147e-01 -5.3847194e-01 -3.3969590e-01]
  [-6.1984081e-04 -5.4097438e-01 -3.4586951e-01]
  [-2.8911261e-02 -7.4555922e-01 -1.4808640e-01]
  [ 6.6660285e-02 -7.3968577e-01  1.5157700e-01]
  [ 7.2741494e-02 -4.8402429e-01  2.8617549e-01]
  [ 2.0378515e-01 -2.7003780e-01  2.2316292e-01]
  [ 3.6515325e-02 -8.1087095e-01 -6.6324798e-03]
  [ 8.6508587e-02 -1.0305220e+00 -5.4313838e-02]
  [ 1.6451445e-01 -9.1216505e-01 -1.1885576e-01]
  [ 1.6638479e-01 -9.6039259e-01 -7.7470906e-02]
  [ 1.1840168e-01 -9.5628309e-01 -1.2438473e-01]
  [ 1.2756792e-01 -9.6431959e-01  2.1684181e-02]
  [ 1.9083932e-02 -9.5559758e-01 -8.7016650e-02]]]