[[[ 0.02488934  0.41369966  0.1844646 ]
  [-0.21534793  0.1086252   0.08438812]
  [-0.05539452 -0.24672332  0.11787069]
  [ 0.03867094 -0.26653224 -0.0890946 ]
  [ 0.16641988  0.1135412  -0.11728781]
  [ 0.45402372  0.40251738 -0.04068923]
  [-0.096838   -0.32633945  0.5159215 ]
  [-0.0117803  -0.48770347  0.35975772]
  [-0.07643721 -0.66943586  0.19270483]
  [-0.0614231  -0.7096598  -0.06235027]
  [ 0.00369008 -0.53510725 -0.23432824]
  [-0.1332235  -0.41599274 -0.38006774]
  [-0.10244705 -0.73496735  0.07519295]
  [-0.16549541 -0.9248422   0.10922871]
  [-0.23729941 -0.8066977   0.17607158]
  [-0.24375449 -0.8524463   0.13749702]
  [-0.1967664  -0.8516349   0.18285783]
  [-0.20356207 -0.856725    0.04383793]
  [-0.10528967 -0.85660046  0.14463581]]]