[[[ 0.02765407  0.44404998  0.12329787]
  [-0.1918413   0.1222639  -0.06916846]
  [-0.11488526 -0.26822788  0.07383893]
  [ 0.09728543 -0.32091185 -0.02288651]
  [ 0.2344387   0.07530505 -0.08948767]
  [ 0.45446897  0.4492579   0.02105792]
  [-0.47958562 -0.31551147  0.00954012]
  [-0.34119502 -0.46885902  0.1729638 ]
  [-0.24922779 -0.7265247   0.12372992]
  [ 0.02329565 -0.8066665   0.0348804 ]
  [ 0.2555713  -0.65039957  0.05983553]
  [ 0.44924203 -0.48658028 -0.0108444 ]
  [-0.13295501 -0.8253901   0.05420248]
  [-0.16670054 -1.0415187   0.03259838]
  [-0.22017634 -0.9501916  -0.08581474]
  [-0.17574039 -0.99226326 -0.06572655]
  [-0.23384058 -0.98481506 -0.03223688]
  [-0.08991139 -0.97480637 -0.00554227]
  [-0.22351016 -0.95799667  0.07225611]]]