[[[ 7.38937706e-02  3.94416451e-01  1.64268628e-01]
  [-1.01213709e-01  4.25338633e-02  2.53139198e-01]
  [ 6.84911907e-02 -2.94975668e-01  9.29976702e-02]
  [-8.06003734e-02 -2.50052691e-01 -6.83929622e-02]
  [ 2.22168816e-03  1.51471332e-01 -7.81316683e-02]
  [ 2.70918548e-01  4.16689545e-01 -2.56132841e-01]
  [ 1.88164264e-01 -3.42009813e-01  2.82287091e-01]
  [ 1.41360492e-01 -5.39537072e-01  1.40660763e-01]
  [-2.80210283e-02 -7.26384819e-01  9.66343060e-02]
  [-2.21072003e-01 -6.71655536e-01 -1.07511744e-01]
  [-3.03804904e-01 -4.32479233e-01 -1.86797500e-01]
  [-4.84212697e-01 -2.67045945e-01 -1.62544295e-01]
  [-1.53623402e-01 -7.57732749e-01  5.75806946e-04]
  [-2.31085613e-01 -9.55908895e-01 -3.16490047e-02]
  [-3.13526034e-01 -8.51608396e-01  4.50956188e-02]
  [-3.05616796e-01 -8.82756054e-01 -8.23526829e-03]
  [-2.79884875e-01 -9.04265225e-01  4.83408794e-02]
  [-2.35060111e-01 -8.66749406e-01 -7.83638731e-02]
  [-1.76278040e-01 -9.14881945e-01  4.65129353e-02]]]