[[[-0.31500837  0.5007841   0.29642597]
  [-0.10624673  0.18863705  0.08016593]
  [-0.0211876  -0.18694738 -0.10086411]
  [ 0.04840234 -0.24259564  0.12084942]
  [-0.02117296  0.16585618  0.18995695]
  [-0.18182226  0.53115547  0.3685364 ]
  [-0.02725466 -0.16139658 -0.46828225]
  [-0.08203682 -0.35999617 -0.33285743]
  [ 0.0251608  -0.5719896  -0.21311224]
  [ 0.09765492 -0.61236626  0.03589384]
  [ 0.03162697 -0.409801    0.196789  ]
  [ 0.08551987 -0.18150908  0.25792894]
  [ 0.07994974 -0.64675677 -0.10397468]
  [ 0.04722382 -0.8244575  -0.13049634]
  [ 0.17845732 -0.7753437  -0.18818627]
  [ 0.15504861 -0.8118536  -0.14699677]
  [ 0.12363976 -0.79428804 -0.20096056]
  [ 0.10723077 -0.78049177 -0.06865275]
  [ 0.04293147 -0.74660504 -0.18046139]]]