[[[-0.21417025  0.48777986  0.40907875]
  [-0.05509992  0.19363995  0.13182017]
  [-0.05122279 -0.16853733 -0.08875374]
  [ 0.07226552 -0.2509195   0.09541709]
  [ 0.06191992  0.14702477  0.22939712]
  [-0.01903056  0.4767844   0.50692713]
  [-0.20328908 -0.04655625 -0.3020522 ]
  [-0.18829313 -0.28572136 -0.24146982]
  [-0.07107788 -0.5231853  -0.24289492]
  [ 0.08602971 -0.5964953  -0.04851035]
  [ 0.1049598  -0.3901863   0.11781202]
  [ 0.21507573 -0.17773487  0.15015146]
  [ 0.01664606 -0.6148108  -0.1751622 ]
  [-0.0217465  -0.7920081  -0.2181989 ]
  [ 0.07166047 -0.720189   -0.31199905]
  [ 0.06857761 -0.7656455  -0.27376416]
  [ 0.01744517 -0.7425351  -0.3056159 ]
  [ 0.05671903 -0.75332063 -0.17899011]
  [-0.04782295 -0.70901144 -0.24532703]]]