[[[-0.42217138  0.47152498  0.10277465]
  [-0.14496404  0.14991736 -0.01276615]
  [-0.05053162 -0.26298982 -0.09480391]
  [ 0.05464055 -0.27800706  0.12379246]
  [ 0.17955977  0.11085854  0.06595493]
  [ 0.1345564   0.53269535  0.1797197 ]
  [ 0.4847673  -0.3324016  -0.32523346]
  [ 0.24982324 -0.44990975 -0.33414263]
  [ 0.11105499 -0.66107184 -0.21566607]
  [ 0.11462253 -0.7204718   0.07144941]
  [ 0.06668101 -0.5393566   0.2748861 ]
  [ 0.19863982 -0.3270288   0.32601747]
  [ 0.13319    -0.7475938  -0.08529479]
  [ 0.16941999 -0.9528481  -0.11976063]
  [ 0.2907857  -0.85624063 -0.12998885]
  [ 0.2627273  -0.90171695 -0.09609115]
  [ 0.24769038 -0.8914697  -0.16046427]
  [ 0.18013115 -0.8923437  -0.03491408]
  [ 0.14728679 -0.87051636 -0.17906085]]]