[[[ 0.03965007  0.5400568   0.3004895 ]
  [-0.04839219  0.16612051  0.12810342]
  [-0.11023184 -0.23768663  0.06139651]
  [ 0.08736471 -0.23297372 -0.06347273]
  [ 0.04496065  0.17095447  0.02673448]
  [ 0.09677505  0.5635983   0.17321311]
  [-0.38093036 -0.49457887  0.16801319]
  [-0.18123826 -0.50345016  0.28688633]
  [-0.12515004 -0.6620547   0.09560879]
  [ 0.01812616 -0.6879521  -0.10504507]
  [ 0.02158632 -0.473411   -0.24177174]
  [-0.20295358 -0.43196547 -0.20127656]
  [-0.07839117 -0.7207039  -0.00318376]
  [-0.16928042 -0.9025071   0.02828482]
  [-0.24518672 -0.77083087  0.00764754]
  [-0.23669842 -0.8252284  -0.01568225]
  [-0.22733712 -0.8111281   0.04751149]
  [-0.15038413 -0.8556902  -0.05829772]
  [-0.13409354 -0.82831     0.07387862]]]