[[[-8.16710219e-02  5.35847783e-01  1.02145895e-01]
  [-1.47723109e-01  1.56941369e-01 -1.67179137e-01]
  [-1.33447096e-01 -2.51352966e-01  3.56862247e-02]
  [ 1.20833874e-01 -2.65141487e-01  2.13292409e-02]
  [ 2.04540968e-01  1.42656922e-01 -1.39457881e-01]
  [ 3.53736937e-01  5.31636417e-01  1.05721965e-01]
  [-3.60718548e-01 -2.15390265e-01 -4.96829376e-02]
  [-2.72012293e-01 -4.27940249e-01  1.02093786e-01]
  [-1.49372041e-01 -6.86048985e-01  4.46749479e-02]
  [ 1.51403517e-01 -6.70609176e-01  7.84079544e-04]
  [ 2.55052477e-01 -3.96020144e-01 -1.98809840e-02]
  [ 2.81985700e-01 -1.77148178e-01 -1.83396637e-01]
  [ 3.89366411e-03 -7.48700202e-01  3.12456349e-03]
  [ 7.50367623e-03 -9.65118289e-01 -1.28814233e-02]
  [-9.68335196e-03 -8.79175663e-01 -1.40338331e-01]
  [ 2.86105648e-02 -9.17073250e-01 -1.07895583e-01]
  [-3.73324007e-02 -9.16725457e-01 -9.72184837e-02]
  [ 8.11899975e-02 -8.92666996e-01 -2.39869580e-02]
  [-6.46782145e-02 -8.92397344e-01 -1.14353374e-04]]]