[[[ 1.23254813e-01  5.26443958e-01  3.15757483e-01]
  [-2.90602446e-02  1.75407141e-01  1.40633702e-01]
  [-1.04509749e-01 -2.24979669e-01  6.76279962e-02]
  [ 8.20062086e-02 -2.23854154e-01 -6.26682937e-02]
  [ 5.26769757e-02  1.85612991e-01 -8.71045236e-03]
  [ 1.63761362e-01  5.70276380e-01  1.28966674e-01]
  [-3.92495632e-01 -7.02077508e-01  1.30960524e-01]
  [-2.86109865e-01 -5.25967419e-01  2.27540284e-01]
  [-1.10981986e-01 -6.46510363e-01  9.26152542e-02]
  [ 6.98532611e-02 -6.37589633e-01 -7.39782453e-02]
  [ 1.14162922e-01 -3.96214426e-01 -1.27752841e-01]
  [-3.92579325e-02 -4.62114424e-01 -2.72615224e-01]
  [-3.19390967e-02 -6.93834245e-01  8.54009949e-03]
  [-1.45754851e-02 -8.67904067e-01  5.70092015e-02]
  [-1.53608486e-01 -8.24392438e-01  1.40813701e-02]
  [-1.09447390e-01 -8.61695826e-01  4.12531197e-04]
  [-1.18937455e-01 -8.37763786e-01  5.99819198e-02]
  [-2.19433885e-02 -8.31845760e-01 -3.51908803e-02]
  [-4.30660397e-02 -7.87023902e-01  8.91728476e-02]]]