[[[ 4.6126239e-02  5.3504747e-01  2.9121968e-01]
  [-3.0917751e-02  1.8133387e-01  7.8895867e-02]
  [-1.1525051e-01 -2.1992713e-01  1.0256376e-04]
  [ 1.0722687e-01 -2.4158931e-01 -4.9949051e-03]
  [ 7.8430712e-02  1.7088947e-01  6.1399620e-02]
  [ 9.8177336e-02  5.5114853e-01  2.4547216e-01]
  [-4.8942739e-01 -3.2155001e-01  1.9687244e-01]
  [-3.0550188e-01 -4.6301228e-01  1.2556547e-01]
  [-1.7839614e-01 -6.4266706e-01  6.6825841e-04]
  [ 5.4049499e-02 -6.5358073e-01 -8.2292825e-02]
  [ 1.4842087e-01 -4.1901386e-01 -6.2206782e-02]
  [ 1.9376311e-01 -2.0168076e-01 -1.4569308e-01]
  [-8.0265567e-02 -6.9758689e-01 -6.5497279e-02]
  [-1.3569857e-01 -8.8269728e-01 -9.5543303e-02]
  [-2.1447751e-01 -7.6885450e-01 -1.5691163e-01]
  [-1.8147865e-01 -8.1727481e-01 -1.6963404e-01]
  [-2.1193813e-01 -8.0975771e-01 -1.1311243e-01]
  [-8.4179521e-02 -8.2372272e-01 -1.5517452e-01]
  [-1.5050884e-01 -8.1043971e-01 -3.9461277e-02]]]