[[[-0.13246238  0.28167757  0.1876896 ]
  [-0.31349543 -0.02063607  0.00284253]
  [-0.05443754 -0.25224587  0.12180184]
  [ 0.05125532 -0.25476292 -0.08802541]
  [ 0.20491111  0.11801427 -0.11353111]
  [ 0.49375048  0.28374645  0.14432466]
  [ 0.29055718 -0.63136125  0.3936825 ]
  [ 0.09930772 -0.6401988   0.23860022]
  [-0.10730454 -0.6742463   0.0827066 ]
  [-0.2364029  -0.6157126  -0.14808285]
  [-0.44851524 -0.49475154 -0.23351277]
  [-0.6775332  -0.43157318 -0.2993695 ]
  [-0.19733375 -0.687072   -0.03348874]
  [-0.2575751  -0.87481976 -0.06809802]
  [-0.36248916 -0.77852356 -0.01463439]
  [-0.34438646 -0.8094781  -0.06231421]
  [-0.32975766 -0.8269035  -0.00135531]
  [-0.262974   -0.78843856 -0.11600429]
  [-0.22958674 -0.82801086  0.01307483]]]