[[[-0.07195802  0.4028196   0.02693441]
  [-0.2347662   0.06163926 -0.1401802 ]
  [-0.11661808 -0.24861728  0.06286291]
  [ 0.10254539 -0.27868235 -0.02448628]
  [ 0.24029358  0.10947338 -0.02986589]
  [ 0.48272613  0.3220315   0.26209748]
  [-0.7225142  -0.6520173  -0.108362  ]
  [-0.48987353 -0.6185044  -0.01167713]
  [-0.22593567 -0.6792949  -0.03300724]
  [ 0.04391094 -0.68361795 -0.10011148]
  [ 0.25613904 -0.51862085 -0.06185109]
  [ 0.4476073  -0.38833863 -0.15100263]
  [-0.1061315  -0.7283866  -0.09350373]
  [-0.1357267  -0.92754287 -0.14249502]
  [-0.24061573 -0.824438   -0.18675599]
  [-0.1990937  -0.86517    -0.20592627]
  [-0.22447062 -0.86762315 -0.14523971]
  [-0.09619365 -0.8535397  -0.20294935]
  [-0.15528744 -0.86045176 -0.07144   ]]]