[[[-6.86768070e-02  6.16627634e-01  2.87922859e-01]
  [-2.30954867e-02  2.14727208e-01  4.99871597e-02]
  [-1.08488798e-01 -2.18801945e-01 -4.60612029e-02]
  [ 1.06366992e-01 -2.48908207e-01  6.30398616e-02]
  [ 1.51094586e-01  1.90450266e-01  2.98719686e-02]
  [ 2.04216510e-01  6.30658627e-01  1.95350841e-01]
  [-2.17120349e-01 -8.83453712e-02 -1.76322430e-01]
  [-2.36057878e-01 -3.44772398e-01 -9.41311568e-02]
  [-1.43979937e-01 -6.11626804e-01 -1.20031737e-01]
  [ 1.11390814e-01 -6.39852881e-01 -7.74622895e-04]
  [ 1.56135082e-01 -3.83217067e-01  1.11925662e-01]
  [ 1.95563152e-01 -1.22408941e-01  8.17889273e-02]
  [-1.10410657e-02 -6.93638563e-01 -8.56173411e-02]
  [-3.86066511e-02 -8.94719422e-01 -9.29158926e-02]
  [-2.38922853e-02 -8.21527421e-01 -2.25205451e-01]
  [ 1.09238550e-03 -8.64254773e-01 -1.87591851e-01]
  [-6.24895804e-02 -8.47846568e-01 -1.84119865e-01]
  [ 4.83306795e-02 -8.43490839e-01 -1.02673717e-01]
  [-8.80345255e-02 -8.12538207e-01 -9.64479595e-02]]]