[[[-0.02866189  0.5156198   0.35030672]
  [-0.08999592  0.15657862  0.12540202]
  [-0.11255029 -0.25878793  0.0554257 ]
  [ 0.09732649 -0.24077962 -0.04838477]
  [ 0.0440561   0.1697045   0.03117158]
  [ 0.0816488   0.54795825  0.23086205]
  [-0.4124777  -0.45338526  0.30351487]
  [-0.20277104 -0.572597    0.2647394 ]
  [-0.12184963 -0.70140964  0.04750703]
  [ 0.08045729 -0.67243034 -0.13026908]
  [ 0.15381297 -0.41971624 -0.09346199]
  [ 0.016763   -0.23152569 -0.14857651]
  [-0.04096123 -0.7446845  -0.06274324]
  [-0.08155468 -0.94808334 -0.05969592]
  [-0.17698057 -0.85409606 -0.13538323]
  [-0.13647708 -0.8995116  -0.14147496]
  [-0.16807725 -0.8877627  -0.08512686]
  [-0.03676944 -0.8900942  -0.13106129]
  [-0.10516369 -0.86758935 -0.00999138]]]