[[[-0.06056174  0.531925    0.21029276]
  [-0.09799202  0.15823388 -0.01956126]
  [-0.12669644 -0.2747512   0.02416205]
  [ 0.11500808 -0.28450128  0.00510046]
  [ 0.09997627  0.14864124 -0.01262531]
  [ 0.11023016  0.54243386  0.19076844]
  [-0.6875934  -0.5330543   0.00318134]
  [-0.44181395 -0.6284765   0.0220033 ]
  [-0.1825522  -0.7386329  -0.01682979]
  [ 0.11209036 -0.7573359  -0.04763392]
  [ 0.38067904 -0.67409587 -0.03718669]
  [ 0.6296443  -0.6025635  -0.0851355 ]
  [-0.03970817 -0.7989134  -0.06062949]
  [-0.05042726 -1.0110241  -0.11991309]
  [-0.07015494 -0.90243864 -0.23115928]
  [-0.03182426 -0.9467625  -0.20638016]
  [-0.09719191 -0.94578993 -0.19233054]
  [ 0.02784039 -0.9399336  -0.12064765]
  [-0.11948037 -0.93842614 -0.08844593]]]