[[[-0.0622461   0.5323468   0.22084877]
  [-0.09952513  0.16150826 -0.0143047 ]
  [-0.12669389 -0.27217048  0.02205651]
  [ 0.11559197 -0.2796755   0.00627805]
  [ 0.09654582  0.15286863 -0.0101335 ]
  [ 0.10775216  0.5443713   0.19828282]
  [-0.6931911  -0.5741499  -0.0267648 ]
  [-0.4414887  -0.6517794  -0.01008953]
  [-0.17064697 -0.73533845 -0.02862193]
  [ 0.12182219 -0.748572   -0.04580537]
  [ 0.39494872 -0.6925653  -0.02859725]
  [ 0.6511501  -0.64680344 -0.06829051]
  [-0.02631791 -0.7903575  -0.06462508]
  [-0.0268795  -1.0006013  -0.12364405]
  [-0.05650581 -0.8935247  -0.23347506]
  [-0.01513864 -0.9359329  -0.21075511]
  [-0.07967009 -0.9380951  -0.19382125]
  [ 0.04744116 -0.9263355  -0.12770678]
  [-0.0972328  -0.9318673  -0.08966327]]]