[[[-1.73811316e-02  4.31516171e-01  2.37259790e-01]
  [-1.11677654e-01  1.47434115e-01 -7.12885782e-02]
  [-1.24462917e-01 -2.76144266e-01  3.38571630e-02]
  [ 1.13128990e-01 -2.89020956e-01  4.12711874e-04]
  [ 7.38453791e-02  1.32910520e-01 -6.99453503e-02]
  [ 1.03960782e-01  5.38590431e-01  9.42110345e-02]
  [-2.31410712e-01 -8.78793299e-01 -2.98702180e-01]
  [-3.33015382e-01 -6.54007792e-01 -2.49959454e-01]
  [-1.94320604e-01 -7.46135354e-01 -3.76718678e-02]
  [ 9.88709033e-02 -7.53523946e-01  9.73838940e-03]
  [ 2.60959506e-01 -5.32036543e-01  5.93974739e-02]
  [ 4.37212378e-01 -5.49756348e-01 -1.11189261e-01]
  [-5.03861755e-02 -8.10617983e-01 -2.96457391e-02]
  [-6.48054704e-02 -1.02984905e+00 -5.24786748e-02]
  [-3.74886505e-02 -9.45202112e-01 -1.81442186e-01]
  [-1.28970370e-02 -9.84139085e-01 -1.36843085e-01]
  [-7.91837573e-02 -9.79969144e-01 -1.47125483e-01]
  [ 1.51126161e-02 -9.60570812e-01 -3.88506465e-02]
  [-1.36232987e-01 -9.51060891e-01 -6.10032007e-02]]]