[[[-0.12333895  0.49378866  0.33439615]
  [-0.0946676   0.152474    0.11071979]
  [-0.10215393 -0.22506034 -0.0414503 ]
  [ 0.10373233 -0.24277411  0.04614019]
  [ 0.0629373   0.14979845  0.13423745]
  [ 0.0118325   0.5170457   0.3098386 ]
  [-0.49440962 -0.33229026 -0.09433237]
  [-0.3179664  -0.48464584 -0.05677357]
  [-0.13476169 -0.64204276 -0.11678479]
  [ 0.09156975 -0.68388283 -0.06052946]
  [ 0.31278408 -0.61104816  0.03461149]
  [ 0.54602456 -0.57678264  0.03519749]
  [-0.02144779 -0.70189697 -0.1124737 ]
  [-0.05211359 -0.871819   -0.09450107]
  [-0.00741931 -0.8361253  -0.23715876]
  [ 0.00824032 -0.8652615  -0.18674466]
  [-0.05368851 -0.85215473 -0.2017847 ]
  [ 0.03320903 -0.8229414  -0.10149467]
  [-0.09863171 -0.79681635 -0.13349926]]]