[[[-0.2661492   0.517182    0.3561294 ]
  [-0.14976482  0.17995963  0.11422149]
  [-0.08291082 -0.17921282 -0.06394899]
  [ 0.08786609 -0.25395787  0.07701113]
  [ 0.17430153  0.10390262  0.2511265 ]
  [ 0.17016667  0.40492523  0.56706   ]
  [-0.23307496 -0.36816254 -0.43071777]
  [-0.3337437  -0.3817793  -0.2211678 ]
  [-0.14638485 -0.5585529  -0.17219187]
  [ 0.07054886 -0.6132383  -0.02668595]
  [ 0.24774542 -0.47844946  0.12213835]
  [ 0.32042268 -0.4083765  -0.08413955]
  [-0.04268228 -0.6338549  -0.11718588]
  [-0.08937442 -0.80047107 -0.10264608]
  [-0.05805675 -0.7569967  -0.24278367]
  [-0.04153223 -0.7946696  -0.20093761]
  [-0.10113116 -0.7697591  -0.20480528]
  [ 0.00193348 -0.76665366 -0.11804272]
  [-0.12404338 -0.71885496 -0.12682545]]]