[[[-0.48656225  0.46015072  0.22012527]
  [-0.23634101  0.14350183  0.04615469]
  [-0.0455442  -0.20276697 -0.09262818]
  [ 0.07090527 -0.23435825  0.11340626]
  [-0.03052154  0.1323571   0.27617761]
  [-0.22182997  0.4298587   0.54438746]
  [ 0.09341899 -0.49013895 -0.48693696]
  [-0.10318735 -0.46499193 -0.35997418]
  [ 0.03769472 -0.6053138  -0.18481234]
  [ 0.16069022 -0.6098076   0.04820917]
  [ 0.15896285 -0.44313622  0.25848228]
  [ 0.33127794 -0.3512254   0.13187855]
  [ 0.11722702 -0.6538382  -0.08278106]
  [ 0.11458499 -0.8324011  -0.09578974]
  [ 0.21938942 -0.7645304  -0.1828112 ]
  [ 0.21278465 -0.80158865 -0.13672473]
  [ 0.1672377  -0.79297066 -0.18279967]
  [ 0.17803913 -0.77417874 -0.04854933]
  [ 0.08391269 -0.75860786 -0.14537293]]]