[[[-0.01571796  0.56836236  0.29495198]
  [-0.07347972  0.18637839  0.12459201]
  [-0.11721411 -0.21260656  0.04676288]
  [ 0.1040725  -0.20860773 -0.036602  ]
  [ 0.02603504  0.19505036 -0.01429844]
  [ 0.06935059  0.6030208   0.10136776]
  [-0.41632456 -0.4127212  -0.02894705]
  [-0.30564684 -0.42035955  0.17134248]
  [-0.14753291 -0.58643484  0.06609974]
  [ 0.04514957 -0.627081   -0.08365574]
  [ 0.05506482 -0.5095085  -0.313262  ]
  [-0.15090577 -0.50043684 -0.41897824]
  [-0.06024712 -0.64876956 -0.00404866]
  [-0.09386683 -0.82691175  0.02114332]
  [-0.18127084 -0.74794406 -0.07134221]
  [-0.14374638 -0.79182774 -0.07102803]
  [-0.17945223 -0.77413946 -0.02039437]
  [-0.04923483 -0.7812911  -0.04993919]
  [-0.12435571 -0.74669147  0.05343129]]]