[[[-0.62218446  0.2161662   0.38831523]
  [-0.31277806  0.04147217  0.1600535 ]
  [-0.03529495 -0.12695849 -0.08202843]
  [ 0.07183299 -0.22792087  0.09844775]
  [-0.10638481  0.0395616   0.34740138]
  [-0.32329762  0.22194913  0.6643299 ]
  [ 0.21643195 -0.5599476  -0.5987838 ]
  [ 0.07262532 -0.43039215 -0.47988307]
  [ 0.06594586 -0.51027614 -0.25436422]
  [ 0.12300846 -0.55699515 -0.07493299]
  [ 0.08396167 -0.48523632  0.15889816]
  [ 0.2834374  -0.4336821   0.23637363]
  [ 0.10434821 -0.5608986  -0.18360415]
  [ 0.05388336 -0.6884363  -0.24369864]
  [ 0.1979169  -0.6612197  -0.27718657]
  [ 0.16528562 -0.69909513 -0.24895379]
  [ 0.14646843 -0.6658851  -0.3007471 ]
  [ 0.11238334 -0.6718911  -0.17461231]
  [ 0.07645131 -0.6103569  -0.27734044]]]