[[[-0.30247062  0.548208    0.17801413]
  [-0.13666141  0.18805599  0.0402035 ]
  [-0.02460859 -0.18012123 -0.09532   ]
  [ 0.05023776 -0.24087901  0.11376229]
  [-0.00763657  0.12957568  0.26257688]
  [-0.12767524  0.4601061   0.5001023 ]
  [ 0.09635116 -0.44208333 -0.47849396]
  [-0.0992457  -0.41846412 -0.3630448 ]
  [-0.01244499 -0.58256227 -0.19605869]
  [ 0.06064938 -0.6144811   0.03273276]
  [ 0.05711182 -0.43547818  0.21527804]
  [ 0.26772863 -0.3617632   0.1811066 ]
  [ 0.03207894 -0.64365506 -0.09741834]
  [-0.03576184 -0.7911463  -0.13048646]
  [ 0.09811861 -0.77108973 -0.19890946]
  [ 0.07095119 -0.80509907 -0.15938051]
  [ 0.04032283 -0.773682   -0.20707385]
  [ 0.03952349 -0.7722029  -0.07340133]
  [-0.02260569 -0.7114258  -0.17242864]]]