[[[-0.5715575   0.37733787  0.23852837]
  [-0.30241868  0.08515253  0.0648379 ]
  [-0.07173741 -0.22708115 -0.07480969]
  [ 0.09634918 -0.19541283  0.09033784]
  [-0.03133041  0.18262202  0.18905093]
  [-0.21488227  0.5027443   0.42312968]
  [-0.0564621  -0.5160808  -0.48841095]
  [-0.14980644 -0.5095399  -0.27546188]
  [ 0.05276536 -0.6031716  -0.13904461]
  [ 0.23731995 -0.5662101   0.03500772]
  [ 0.28463858 -0.36511412  0.20056492]
  [ 0.36553493 -0.23118287  0.02997698]
  [ 0.16043179 -0.62904906 -0.06801522]
  [ 0.16357529 -0.80545855 -0.076082  ]
  [ 0.22340672 -0.734583   -0.19616938]
  [ 0.23727933 -0.7713792  -0.15206182]
  [ 0.17721511 -0.76527613 -0.17677769]
  [ 0.23719017 -0.7445159  -0.05738964]
  [ 0.11433433 -0.7349679  -0.11013516]]]