[[[-0.28881568  0.45058262  0.46547186]
  [-0.16770236  0.15698653  0.16580309]
  [-0.09099961 -0.18043455 -0.05437744]
  [ 0.09753939 -0.25392124  0.06198298]
  [ 0.15193228  0.10292846  0.26719204]
  [ 0.13165045  0.3765587   0.6129788 ]
  [-0.23427837 -0.32521805 -0.41767585]
  [-0.34527564 -0.3604684  -0.2107541 ]
  [-0.15262206 -0.54351205 -0.1984646 ]
  [ 0.08001227 -0.6069319  -0.0737659 ]
  [ 0.23844159 -0.4590359   0.08793172]
  [ 0.26878414 -0.35908917 -0.11912885]
  [-0.04039644 -0.62473726 -0.1609258 ]
  [-0.07469223 -0.79927784 -0.16632731]
  [-0.05902398 -0.7352504  -0.3015071 ]
  [-0.03579643 -0.77648973 -0.26570648]
  [-0.09759997 -0.75694746 -0.26184446]
  [ 0.01249719 -0.75492334 -0.18338943]
  [-0.11771514 -0.71840537 -0.17603931]]]