[[[-0.4856389   0.40306962  0.36411965]
  [-0.26323316  0.11597271  0.1109669 ]
  [-0.09067065 -0.21917588 -0.05709445]
  [ 0.10756914 -0.22547014  0.06792142]
  [ 0.03079016  0.14819938  0.24660887]
  [-0.07638364  0.45575246  0.55247617]
  [-0.15864497 -0.44105092 -0.34415925]
  [-0.30030048 -0.4557589  -0.14959309]
  [-0.07231337 -0.59950286 -0.14933279]
  [ 0.16997686 -0.60924655 -0.01814386]
  [ 0.30439836 -0.4304437   0.14063045]
  [ 0.2908188  -0.3204013  -0.06818654]
  [ 0.05605957 -0.65667367 -0.1040341 ]
  [ 0.0388211  -0.83744395 -0.10802715]
  [ 0.10051794 -0.78103137 -0.23475891]
  [ 0.11181697 -0.8156971  -0.1865674 ]
  [ 0.05152315 -0.80583185 -0.21020737]
  [ 0.11924621 -0.78148496 -0.09508716]
  [-0.00686701 -0.76342577 -0.14371766]]]