[[[-0.08670639  0.5167285   0.39349458]
  [-0.04684015  0.19157891  0.12641132]
  [-0.08054763 -0.17111617 -0.06615822]
  [ 0.09188484 -0.24021244  0.07139743]
  [ 0.10667735  0.15671979  0.1756573 ]
  [ 0.10497656  0.49931675  0.43100142]
  [-0.07070768 -0.33559018 -0.3879205 ]
  [-0.2581312  -0.33301693 -0.25754023]
  [-0.15724315 -0.54328567 -0.17151669]
  [ 0.05906734 -0.60762453 -0.08243022]
  [ 0.2266126  -0.44294098 -0.18015146]
  [ 0.11994716 -0.45031393 -0.38059068]
  [-0.06195596 -0.62044686 -0.13440578]
  [-0.11486077 -0.7915274  -0.16046515]
  [-0.07674101 -0.7083306  -0.2779255 ]
  [-0.061195   -0.7560822  -0.24863729]
  [-0.12094371 -0.7326132  -0.25025225]
  [-0.02744384 -0.75365585 -0.15810387]
  [-0.15006173 -0.70844585 -0.16356373]]]