[[[-0.07761613  0.5335144   0.39454487]
  [-0.03349963  0.20251171  0.10952976]
  [-0.07658555 -0.18142569 -0.0729479 ]
  [ 0.08064421 -0.2556786   0.08466806]
  [ 0.16990845  0.14406955  0.17650828]
  [ 0.20871127  0.50702244  0.42836642]
  [-0.18987107 -0.10569499 -0.30371225]
  [-0.2543725  -0.30693522 -0.17990087]
  [-0.12931965 -0.5409974  -0.20615828]
  [ 0.06636572 -0.608892   -0.03599096]
  [ 0.08958767 -0.40069827  0.1288327 ]
  [ 0.1757077  -0.196517    0.03762211]
  [-0.02667002 -0.6307254  -0.15229747]
  [-0.06157533 -0.8102328  -0.19190796]
  [-0.01922134 -0.72187805 -0.30538642]
  [-0.00381365 -0.7704188  -0.2739771 ]
  [-0.06480825 -0.74940026 -0.27848014]
  [ 0.02666862 -0.7676208  -0.181609  ]
  [-0.10139057 -0.7271886  -0.19342737]]]