[[[ 2.01387197e-01  4.66431946e-01  2.36872479e-01]
  [ 2.77126431e-02  1.39042467e-01  4.51550037e-02]
  [-1.19859308e-01 -2.58819818e-01  4.74326015e-02]
  [ 9.26762745e-02 -2.98385739e-01 -2.98938844e-02]
  [ 1.15246132e-01  1.17387213e-01 -4.59958501e-02]
  [ 2.86815912e-01  4.59600806e-01  1.27450392e-01]
  [-3.47807109e-01 -4.78453040e-01 -6.69874921e-02]
  [-3.38464826e-01 -5.11056364e-01  1.73715293e-01]
  [-2.14470357e-01 -7.27360785e-01  6.87599778e-02]
  [ 5.25373146e-02 -7.79071271e-01 -2.16023475e-02]
  [ 3.20259511e-01 -7.16413260e-01 -2.61898413e-02]
  [ 5.34261346e-01 -7.00919688e-01 -1.49820581e-01]
  [-9.47361365e-02 -8.07410359e-01  8.62884335e-04]
  [-1.22534811e-01 -1.02195704e+00 -1.42590152e-02]
  [-1.90618634e-01 -9.32756901e-01 -1.23499215e-01]
  [-1.46108478e-01 -9.75055754e-01 -1.10964231e-01]
  [-1.97393343e-01 -9.66188490e-01 -7.02695847e-02]
  [-5.40896244e-02 -9.57484543e-01 -6.47234470e-02]
  [-1.69493109e-01 -9.41322625e-01  2.85722595e-02]]]