[[[-0.46503657  0.4705661   0.22119495]
  [-0.23579511  0.14397348  0.04588717]
  [-0.06418645 -0.20856121 -0.08208448]
  [ 0.0841559  -0.23428245  0.10195225]
  [ 0.01576191  0.13638441  0.26784092]
  [-0.13251671  0.44085363  0.5495922 ]
  [-0.03869808 -0.469608   -0.47476527]
  [-0.20041768 -0.46050835 -0.30435133]
  [-0.01590191 -0.60384303 -0.17892648]
  [ 0.15484264 -0.61601776  0.02785019]
  [ 0.21908513 -0.45050246  0.22999108]
  [ 0.3499144  -0.35667542  0.06180355]
  [ 0.08015814 -0.6589486  -0.0917339 ]
  [ 0.05340045 -0.83396155 -0.08641828]
  [ 0.13775215 -0.7894478  -0.20469391]
  [ 0.13925393 -0.822122   -0.15492204]
  [ 0.08421516 -0.8088042  -0.18754864]
  [ 0.13598582 -0.7839497  -0.06374969]
  [ 0.02057223 -0.75916755 -0.13279311]]]