[[[-0.05347729  0.5854563   0.09574769]
  [ 0.01570626  0.19689159  0.01533739]
  [ 0.03295711 -0.18696938 -0.09129852]
  [-0.00999061 -0.24049181  0.12224274]
  [-0.00668053  0.14602304  0.20454244]
  [-0.06666148  0.52450705  0.3411492 ]
  [ 0.2646209  -0.41772717 -0.28016394]
  [ 0.04826152 -0.4077136  -0.33009648]
  [-0.01732017 -0.58688605 -0.18404104]
  [-0.07966275 -0.6052153   0.0427649 ]
  [-0.09754422 -0.40157157  0.17998964]
  [ 0.1077191  -0.4018009   0.25063163]
  [-0.05412399 -0.64401543 -0.07974973]
  [-0.15520813 -0.7501575  -0.14652535]
  [-0.02676864 -0.81558657 -0.10148873]
  [-0.08396989 -0.81391823 -0.09029048]
  [-0.05807818 -0.80129826 -0.1477924 ]
  [-0.12827587 -0.7363208  -0.05696626]
  [-0.0771818  -0.71272373 -0.17398098]]]