[[[-4.69190955e-01 -7.31451690e-01  5.70484698e-01]
  [-2.59027511e-01 -3.93211097e-01  3.26229513e-01]
  [-1.10024326e-01 -1.43036619e-01 -4.73797414e-03]
  [ 1.15763322e-01 -2.11630628e-01  2.19682660e-02]
  [-6.97613209e-02 -4.60527033e-01  3.52289081e-01]
  [-2.33149916e-01 -8.08653951e-01  6.22433960e-01]
  [ 5.27935028e-02  4.28688288e-01 -6.09099984e-01]
  [ 1.75488181e-03  1.80333465e-01 -5.33069849e-01]
  [ 1.42047971e-01 -1.26155512e-02 -4.00138825e-01]
  [ 2.89552838e-01  1.68617023e-03 -2.31251851e-01]
  [ 2.51795083e-01  2.08666027e-01 -3.81294340e-02]
  [ 2.12282896e-01  4.61937696e-01 -5.73124960e-02]
  [ 2.50390619e-01 -6.07707538e-04 -3.46476406e-01]
  [ 3.63758117e-01  8.37807776e-04 -4.94281828e-01]
  [ 3.64429414e-01  1.28075421e-01 -4.06954229e-01]
  [ 3.98851395e-01  8.11709091e-02 -4.25802648e-01]
  [ 3.50863457e-01  1.07866928e-01 -4.62601662e-01]
  [ 3.75905126e-01 -9.89994779e-03 -4.02574092e-01]
  [ 2.83915579e-01  3.84987034e-02 -4.74720508e-01]]]