[[[-0.11860796  0.48439175 -0.04647789]
  [-0.06735178  0.0795927  -0.18804598]
  [-0.12783295 -0.2960749   0.00445414]
  [ 0.11414955 -0.30360454  0.04052619]
  [ 0.11420639  0.12409271 -0.0619741 ]
  [ 0.16332467  0.3137952   0.32394502]
  [-0.23742324 -0.37756532 -0.22173168]
  [-0.3238312  -0.50539017 -0.01643855]
  [-0.18923958 -0.75743    -0.02573671]
  [ 0.12923485 -0.8091221   0.003725  ]
  [ 0.36019337 -0.7245017  -0.12930411]
  [ 0.19272079 -0.807756   -0.3008921 ]
  [-0.02462381 -0.84442097 -0.02428222]
  [ 0.02934741 -1.0666653  -0.0577688 ]
  [ 0.10803384 -0.94844097 -0.12789445]
  [ 0.10537278 -0.99140453 -0.07948067]
  [ 0.06725995 -0.99847794 -0.13439406]
  [ 0.05015285 -0.9856339   0.00837893]
  [-0.04285226 -1.0040952  -0.11591216]]]