[[[-0.16167647  0.50415576  0.11805781]
  [-0.08120472  0.15784368 -0.06580535]
  [-0.10183543 -0.23510806 -0.04352778]
  [ 0.09106891 -0.26492965  0.06177925]
  [ 0.2362122   0.08045769 -0.00569671]
  [ 0.38935372  0.4291791   0.13034743]
  [-0.15071426 -0.52917737 -0.36161682]
  [-0.30690104 -0.55043423 -0.19503975]
  [-0.13303705 -0.6818083  -0.08421841]
  [ 0.07862952 -0.69053763  0.04368614]
  [ 0.2031979  -0.52116114  0.17315477]
  [ 0.21531971 -0.47810027 -0.04362119]
  [-0.02114294 -0.72926426 -0.03913847]
  [-0.05284028 -0.91331196 -0.0421123 ]
  [ 0.00268361 -0.85261583 -0.17114864]
  [ 0.01380517 -0.8909413  -0.12612194]
  [-0.04637259 -0.87339115 -0.141659  ]
  [ 0.03499123 -0.8643179  -0.03328053]
  [-0.09608831 -0.83134395 -0.0677341 ]]]