[[[-2.97075696e-02  5.45846105e-01 -1.16927534e-01]
  [ 3.90628651e-02  1.60500914e-01  6.53384849e-02]
  [ 1.14806987e-01 -2.62698472e-01  9.03134642e-04]
  [-1.16567835e-01 -2.61908650e-01  4.05236669e-02]
  [-3.31549607e-02  1.22149207e-01  1.86852634e-01]
  [-2.87548285e-02  5.48605502e-01  1.05800271e-01]
  [ 1.45181522e-01 -3.31089407e-01  2.24380761e-01]
  [ 2.60702819e-01 -4.59620297e-01  4.15544137e-02]
  [ 1.43079132e-01 -6.99771702e-01  2.76495367e-02]
  [-1.47855446e-01 -6.99070454e-01  2.04092879e-02]
  [-2.87293375e-01 -4.76650953e-01  9.19287130e-02]
  [-3.56137335e-01 -4.09322828e-01  3.21018755e-01]
  [-1.01673445e-02 -7.64749289e-01  2.91535463e-02]
  [-3.41911986e-02 -9.69534934e-01 -1.59407558e-03]
  [-1.18142255e-01 -8.97496343e-01  1.03984505e-01]
  [-1.16692953e-01 -9.20988441e-01  4.63920534e-02]
  [-7.41166025e-02 -9.39627171e-01  9.31783244e-02]
  [-7.19631910e-02 -8.81468594e-01 -3.13855633e-02]
  [ 2.47462206e-02 -9.22189713e-01  6.92486018e-02]]]