[[[-0.47078153  0.41036656  0.11984281]
  [-0.24038394  0.10056295 -0.08867446]
  [-0.11355965 -0.29041928 -0.02431346]
  [ 0.10740625 -0.26866865  0.07378364]
  [ 0.25124452  0.06531967 -0.09012625]
  [ 0.23381771  0.4517798   0.11765406]
  [ 0.25662538 -0.65244836 -0.36720732]
  [ 0.00631397 -0.5906576  -0.36482468]
  [-0.02449055 -0.72958684 -0.13916348]
  [ 0.20369849 -0.7120521   0.03192068]
  [ 0.42660546 -0.56306374  0.00972879]
  [ 0.31127074 -0.7166218  -0.15063788]
  [ 0.09520848 -0.7687346  -0.06262413]
  [ 0.14071931 -0.9681599  -0.11860254]
  [ 0.1685875  -0.85171103 -0.21759558]
  [ 0.19360867 -0.89490247 -0.18047082]
  [ 0.13011009 -0.89933145 -0.19989243]
  [ 0.20247728 -0.89277613 -0.07664628]
  [ 0.05863662 -0.90304106 -0.12273803]]]