[[[ 0.36433673  0.3113453   0.22869146]
  [ 0.00354178  0.15010436  0.17762955]
  [-0.0363103  -0.25130564  0.12647545]
  [ 0.01966591 -0.2382366  -0.10139006]
  [-0.1764275   0.08565912 -0.10300361]
  [ 0.07779936  0.37268868  0.0077464 ]
  [-0.3969753  -0.51001114  0.3346134 ]
  [-0.17398599 -0.5601213   0.34327334]
  [-0.17525986 -0.63874555  0.09942283]
  [-0.14702529 -0.606155   -0.16558446]
  [-0.07048371 -0.38654417 -0.28136405]
  [-0.28819686 -0.38583592 -0.24312198]
  [-0.18881279 -0.6719529  -0.03497188]
  [-0.19819729 -0.86444724 -0.0507738 ]
  [-0.32555714 -0.7966712   0.00186618]
  [-0.30381227 -0.8296204  -0.0426491 ]
  [-0.27720433 -0.829304    0.01666711]
  [-0.2381128  -0.7953284  -0.10984303]
  [-0.18209136 -0.79794294  0.0170889 ]]]