[[[ 0.3939855   0.46057335  0.07571701]
  [ 0.17190905  0.11819058  0.12361163]
  [ 0.02083806 -0.2567228   0.12796122]
  [-0.03032677 -0.23866887 -0.09731328]
  [-0.27663758  0.04315928 -0.05913824]
  [-0.19557136  0.44570172 -0.03832111]
  [-0.4037105  -0.51079124  0.5177901 ]
  [-0.1994503  -0.5280945   0.37998924]
  [-0.11813434 -0.6385567   0.16068965]
  [-0.1920779  -0.64144754 -0.08469243]
  [-0.37439024 -0.52525467 -0.22665179]
  [-0.6163198  -0.50484574 -0.22360916]
  [-0.16862823 -0.6793034   0.04369074]
  [-0.21942991 -0.8631207   0.0495973 ]
  [-0.3117966  -0.76350486  0.12012704]
  [-0.3081116  -0.8021595   0.07511901]
  [-0.26869068 -0.8052541   0.1266756 ]
  [-0.25426018 -0.7892077  -0.00935492]
  [-0.1701614  -0.7989825   0.10386492]]]