[[[ 0.04161964  0.38729957  0.14545235]
  [-0.2195303   0.11113176  0.02158462]
  [-0.08463424 -0.2540007   0.09845923]
  [ 0.07482936 -0.26160893 -0.07074665]
  [ 0.02984889  0.13257118 -0.12477867]
  [ 0.14630795  0.52656996 -0.06096048]
  [-0.38552436 -0.56688386  0.15986772]
  [-0.20086086 -0.5268611   0.29373032]
  [-0.16759956 -0.6619305   0.06962923]
  [-0.02442035 -0.6462641  -0.17241207]
  [ 0.02186947 -0.39874423 -0.24860662]
  [-0.20104377 -0.43050665 -0.27689373]
  [-0.12088428 -0.7130915  -0.0677829 ]
  [-0.17766656 -0.9175255  -0.09298037]
  [-0.26823905 -0.8057219  -0.14438449]
  [-0.23142906 -0.8516168  -0.1608465 ]
  [-0.26006144 -0.84868884 -0.10214988]
  [-0.1317797  -0.85067254 -0.15306562]
  [-0.19354187 -0.8480782  -0.02663609]]]