[[[-0.020679    0.32274687  0.06522109]
  [-0.2805971   0.0457141  -0.06181747]
  [-0.08012512 -0.23959437  0.11075027]
  [ 0.08065587 -0.26585653 -0.06744101]
  [-0.03158592  0.0781868  -0.23929289]
  [ 0.14003618  0.4476115  -0.12801312]
  [-0.22536808 -0.2251348   0.27805606]
  [-0.11497519 -0.44213426  0.28420356]
  [-0.19289887 -0.61419165  0.09180643]
  [-0.07432243 -0.61217594 -0.16458143]
  [ 0.04562933 -0.36905128 -0.20039949]
  [-0.08089323 -0.17396602 -0.2560275 ]
  [-0.17223492 -0.6740066  -0.05414499]
  [-0.2580114  -0.8737351  -0.08112762]
  [-0.3264583  -0.7490386  -0.13304621]
  [-0.29657063 -0.7991894  -0.14898199]
  [-0.3284406  -0.79328567 -0.09218288]
  [-0.20023209 -0.81362176 -0.13535708]
  [-0.2678612  -0.8043512  -0.01301207]]]