[[[-0.13844343  0.25074905  0.21371023]
  [-0.29798272  0.0491129  -0.1385987 ]
  [-0.12041737 -0.27535206  0.07691938]
  [ 0.12264458 -0.28567973 -0.00702491]
  [ 0.05928446  0.07901584 -0.2466331 ]
  [ 0.17834648  0.45577335 -0.02568916]
  [-0.28088418 -0.40674883 -0.04472255]
  [-0.2870804  -0.48598838  0.20624492]
  [-0.18551642 -0.7166594   0.0576917 ]
  [ 0.10511512 -0.73498535 -0.08038738]
  [ 0.20400332 -0.5060999  -0.22445957]
  [-0.02031396 -0.6103921  -0.30937654]
  [-0.04658408 -0.7898134  -0.03228728]
  [-0.04590236 -1.004811   -0.0889475 ]
  [-0.0448455  -0.8928148  -0.2000891 ]
  [-0.0106874  -0.9358763  -0.16700962]
  [-0.07805082 -0.9393358  -0.17040205]
  [ 0.02439673 -0.92737937 -0.07047909]
  [-0.12889394 -0.93720055 -0.07438032]]]