[[[-0.16560695  0.27879387  0.25055107]
  [-0.2021072   0.12527338 -0.17841515]
  [-0.13534896 -0.28159472  0.02858801]
  [ 0.12758087 -0.2834419   0.04482498]
  [ 0.16307628  0.08150525 -0.2135199 ]
  [ 0.14242275  0.5268438  -0.0445044 ]
  [-0.18278454 -0.41607195 -0.18371107]
  [-0.2707404  -0.46154273  0.0699185 ]
  [-0.15647663 -0.7221327  -0.03353982]
  [ 0.1721704  -0.71995974 -0.03034084]
  [ 0.2712615  -0.44620192  0.04340634]
  [ 0.11563478 -0.4997558  -0.17246394]
  [ 0.01496157 -0.79069114 -0.06536593]
  [ 0.04825423 -1.0060457  -0.12684557]
  [ 0.07625543 -0.88899    -0.23024768]
  [ 0.10145173 -0.9323274  -0.18851048]
  [ 0.03777043 -0.93885237 -0.21221526]
  [ 0.10689479 -0.925716   -0.08442861]
  [-0.03966504 -0.94259953 -0.1355994 ]]]