[[[ 0.04646915  0.39189082  0.3666342 ]
  [-0.1758236   0.09422214  0.20131156]
  [-0.02309406 -0.25703755  0.12406783]
  [ 0.0177712  -0.20979777 -0.11076383]
  [-0.20766704  0.09757492 -0.03643483]
  [-0.02363729  0.42180386  0.13222541]
  [-0.33660075 -0.5381811   0.38218078]
  [-0.10591812 -0.5733774   0.3508996 ]
  [-0.13497913 -0.6168215   0.09942823]
  [-0.15727505 -0.5769445  -0.15654513]
  [-0.06770437 -0.3450725  -0.24751511]
  [-0.17867    -0.151776   -0.19439243]
  [-0.18018377 -0.64279777 -0.02301067]
  [-0.2785065  -0.82812905 -0.00509033]
  [-0.34413907 -0.6962436   0.02710185]
  [-0.3450223  -0.7403096  -0.01099705]
  [-0.32477623 -0.74615437  0.05017982]
  [-0.2719423  -0.7600481  -0.0735074 ]
  [-0.22971813 -0.7732968   0.05452944]]]