[[[-0.10438888  0.50816053 -0.1509262 ]
  [-0.12830399  0.05443718 -0.26553422]
  [-0.13323398 -0.27644372  0.04759935]
  [ 0.12683617 -0.27379593  0.02380043]
  [ 0.07581882  0.1136982  -0.23099948]
  [ 0.19693929  0.3186818   0.16390431]
  [-0.20680614 -0.33040822 -0.09052099]
  [-0.27488935 -0.47222394  0.13179064]
  [-0.15460876 -0.7234274   0.0268713 ]
  [ 0.16852957 -0.70660925 -0.01619843]
  [ 0.27422446 -0.4287296   0.00715129]
  [ 0.13909395 -0.40578935 -0.22369567]
  [ 0.00849058 -0.78500295 -0.0205813 ]
  [ 0.00151459 -1.0029483  -0.04080681]
  [-0.0153359  -0.9153804  -0.17107137]
  [ 0.02276042 -0.95522475 -0.13766052]
  [-0.04368848 -0.9508647  -0.12485899]
  [ 0.08249395 -0.93180954 -0.05514447]
  [-0.06844873 -0.9238011  -0.02491309]]]