[[[-0.08020955  0.4940187  -0.10163479]
  [-0.13851053  0.05644465 -0.24865499]
  [-0.13143948 -0.2822464   0.05211795]
  [ 0.12437189 -0.28140196  0.01090382]
  [ 0.06649052  0.16560902 -0.11173101]
  [ 0.17846671  0.38851786  0.2840209 ]
  [-0.27021837 -0.32884964  0.03244237]
  [-0.24042787 -0.5152305   0.22670135]
  [-0.16463833 -0.742003    0.04968541]
  [ 0.14540564 -0.742405   -0.05574235]
  [ 0.28911853 -0.4838165  -0.07565825]
  [ 0.10091206 -0.51703465 -0.26217517]
  [-0.01655325 -0.8078981  -0.03396319]
  [-0.02890548 -1.0258317  -0.06697802]
  [-0.04469462 -0.931015   -0.19367479]
  [-0.00686083 -0.97257257 -0.16083486]
  [-0.07363977 -0.9694394  -0.14924175]
  [ 0.05154571 -0.9525532  -0.07611829]
  [-0.1011138  -0.94735765 -0.04735079]]]