[[[-0.0695213   0.24749298  0.32224923]
  [-0.10669695  0.15952864 -0.1064438 ]
  [-0.13220249 -0.28361624  0.03200719]
  [ 0.12001695 -0.2939802   0.01859759]
  [ 0.09359275  0.11695892 -0.14676207]
  [ 0.11633585  0.5273418   0.05686141]
  [-0.14163022 -0.44911313 -0.17823458]
  [-0.25353676 -0.4653192   0.06092045]
  [-0.1685212  -0.7386421  -0.00399505]
  [ 0.15550174 -0.7471132  -0.02524028]
  [ 0.27715585 -0.48585266  0.04439432]
  [ 0.1450563  -0.4467925  -0.17905454]
  [-0.00780771 -0.8175938  -0.04307683]
  [-0.02384458 -1.0432103  -0.09201775]
  [-0.03000844 -0.9364775  -0.2081188 ]
  [ 0.0046079  -0.9833543  -0.17819904]
  [-0.0621689  -0.9776597  -0.1683672 ]
  [ 0.06179111 -0.9745112  -0.08982885]
  [-0.09162442 -0.96484643 -0.06595251]]]