[[[-0.09401608  0.5465777   0.08369903]
  [-0.09565108  0.1383284  -0.07106095]
  [-0.12683873 -0.28162086  0.03424558]
  [ 0.11815519 -0.2776594   0.00451109]
  [ 0.0401818   0.1365952  -0.11051571]
  [ 0.09405678  0.43083045  0.2064201 ]
  [-0.23356229 -0.61905515 -0.15738624]
  [-0.38258347 -0.603654    0.04512929]
  [-0.15241283 -0.75413686  0.05532596]
  [ 0.11971977 -0.7887422  -0.02454127]
  [ 0.2052012  -0.8086563  -0.2786649 ]
  [-0.036523   -0.74887025 -0.23890948]
  [-0.01149011 -0.81215066  0.01156732]
  [-0.00239371 -1.0251467  -0.02599511]
  [-0.01240472 -0.92586726 -0.14695665]
  [ 0.02440469 -0.96523166 -0.11356673]
  [-0.04207168 -0.96807677 -0.1096307 ]
  [ 0.07003327 -0.94773525 -0.02174837]
  [-0.08108608 -0.9555441  -0.01007917]]]