[[[-7.92772397e-02  5.19796252e-01  1.23314120e-01]
  [-7.70518705e-02  1.42385051e-01 -9.17770118e-02]
  [-1.27074972e-01 -2.76856691e-01  1.36402044e-02]
  [ 1.17314465e-01 -2.81543821e-01  2.27788649e-02]
  [ 8.49803984e-02  1.44097894e-01 -6.39673620e-02]
  [ 7.05407262e-02  4.36967880e-01  2.58921921e-01]
  [ 1.36256283e-02 -7.08518744e-01 -4.06663179e-01]
  [-2.27578253e-01 -7.42307425e-01 -3.12751681e-01]
  [-1.52262866e-01 -7.61587799e-01 -5.32854684e-02]
  [ 1.24281958e-01 -7.63769984e-01 -4.62333597e-02]
  [ 2.45868295e-01 -7.01736867e-01 -2.79034346e-01]
  [ 6.82642800e-04 -6.81084275e-01 -3.40059549e-01]
  [-1.67036057e-02 -8.04451823e-01 -4.51151207e-02]
  [-1.47023611e-02 -1.01617503e+00 -9.41931829e-02]
  [-3.55064124e-02 -9.08936977e-01 -2.04824984e-01]
  [ 3.50596011e-03 -9.51575160e-01 -1.79496720e-01]
  [-6.17688708e-02 -9.52578187e-01 -1.66373104e-01]
  [ 6.22143224e-02 -9.41492796e-01 -9.28351283e-02]
  [-8.62934738e-02 -9.45655107e-01 -6.32015616e-02]]]