[[[ 0.05800327  0.44968882  0.4894966 ]
  [ 0.04791697  0.17185387  0.1858042 ]
  [-0.02030747 -0.11794291 -0.08123758]
  [ 0.04708573 -0.26173913  0.08801962]
  [ 0.11131373  0.09359942  0.25993443]
  [ 0.13978203  0.4233353   0.5098471 ]
  [ 0.03712563 -0.0261748  -0.36753556]
  [-0.10448366 -0.19145776 -0.30507803]
  [-0.11255243 -0.4329708  -0.28945544]
  [-0.01856617 -0.5617636  -0.12995566]
  [ 0.0847438  -0.43532792  0.05848381]
  [ 0.2868861  -0.3540099   0.05906203]
  [-0.07119724 -0.5346769  -0.24283841]
  [-0.11114036 -0.6627393  -0.37181678]
  [ 0.0245674  -0.6111701  -0.34338966]
  [-0.00554875 -0.65925175 -0.3403369 ]
  [-0.01392045 -0.613747   -0.38395622]
  [-0.08127873 -0.6637196  -0.28729513]
  [-0.09765191 -0.5770739  -0.37286687]]]