[[[-0.31127197 -0.02622028  0.7728627 ]
  [-0.15913461 -0.01993626  0.36290085]
  [-0.07885833 -0.10132419 -0.03942975]
  [ 0.09857836 -0.22977139  0.04043682]
  [-0.04664027 -0.04027754  0.37830344]
  [-0.16294771  0.04746567  0.7960532 ]
  [ 0.1493991   0.18654644 -0.540799  ]
  [ 0.00273902  0.01584586 -0.46071604]
  [ 0.16541481 -0.1605056  -0.3846007 ]
  [ 0.30796164 -0.21006486 -0.24832788]
  [ 0.39736667 -0.08896558 -0.03907684]
  [ 0.44811013  0.06056302 -0.20425399]
  [ 0.2648347  -0.18836248 -0.34148946]
  [ 0.37277162 -0.2005629  -0.47559375]
  [ 0.40678665 -0.1100266  -0.36198333]
  [ 0.42564082 -0.1577662  -0.38880855]
  [ 0.39619818 -0.10843761 -0.41797328]
  [ 0.3708339  -0.23201436 -0.39366364]
  [ 0.31591576 -0.14049208 -0.45000157]]]