[[[-0.19103335  0.48821342  0.44013482]
  [-0.13810195  0.16418688  0.1813612 ]
  [-0.09857517 -0.16467282 -0.04866405]
  [ 0.10977834 -0.20200533  0.0460024 ]
  [ 0.07670517  0.14753923  0.23941499]
  [ 0.07590402  0.4656124   0.5174482 ]
  [-0.4584057  -0.4013346  -0.277608  ]
  [-0.3004238  -0.4336447  -0.12434238]
  [-0.08258557 -0.5345816  -0.16291243]
  [ 0.13511965 -0.5390893  -0.12508734]
  [ 0.29921532 -0.3672921  -0.04149173]
  [ 0.41875115 -0.258099   -0.1914434 ]
  [ 0.02069541 -0.570561   -0.17151351]
  [-0.02441196 -0.7252443  -0.23747526]
  [-0.01486657 -0.6071716  -0.32687378]
  [ 0.00775611 -0.65883356 -0.3204474 ]
  [-0.05157629 -0.6426563  -0.303415  ]
  [ 0.05553235 -0.681547   -0.24186072]
  [-0.06173608 -0.65100634 -0.2121913 ]]]