[[[-0.49631578  0.36880612  0.47035056]
  [-0.25720644  0.09188344  0.20718218]
  [-0.10989855 -0.18718725 -0.04750669]
  [ 0.11706654 -0.22221175  0.04436769]
  [ 0.10531309  0.09195971  0.29228222]
  [ 0.18282214  0.45874104  0.54230136]
  [ 0.01680185  0.36692402 -0.4072001 ]
  [ 0.01424384  0.10085525 -0.438554  ]
  [ 0.04567706 -0.16332436 -0.41416076]
  [ 0.24030139 -0.15845747 -0.342094  ]
  [ 0.23205507  0.10734913 -0.29010212]
  [ 0.13031782  0.34883    -0.27893808]
  [ 0.15501812 -0.17289037 -0.4084291 ]
  [ 0.1909101  -0.19175394 -0.58211356]
  [ 0.24487516 -0.06611785 -0.5130608 ]
  [ 0.26144582 -0.11748463 -0.5385033 ]
  [ 0.20617527 -0.08513367 -0.5545328 ]
  [ 0.23876399 -0.20509972 -0.50134265]
  [ 0.12626135 -0.14120162 -0.5359105 ]]]