[[[-0.24741827  0.42627317  0.5514906 ]
  [-0.15042302  0.14176632  0.24263465]
  [-0.10883538 -0.15326795 -0.02880462]
  [ 0.11797081 -0.18261206  0.01990497]
  [ 0.03124578  0.17202908  0.21192832]
  [-0.00360197  0.5004261   0.4910025 ]
  [-0.14626622 -0.01031486 -0.17933646]
  [-0.19157507 -0.21532166 -0.08341516]
  [-0.14794448 -0.3970079  -0.24090129]
  [ 0.06228025 -0.44567877 -0.28454593]
  [ 0.23571905 -0.29818863 -0.16872963]
  [ 0.23289318 -0.09488301 -0.26069507]
  [-0.06303598 -0.44040984 -0.29707348]
  [-0.17830144 -0.50032943 -0.41171077]
  [-0.12969592 -0.3625337  -0.40909922]
  [-0.13214311 -0.40634984 -0.4448838 ]
  [-0.17463444 -0.3930968  -0.39949355]
  [-0.08896881 -0.48580736 -0.42229128]
  [-0.1733919  -0.4584232  -0.33974543]]]