[[[-0.16971308  0.610157    0.17076585]
  [-0.00301804  0.22272311  0.07968226]
  [ 0.06503151 -0.1539119  -0.07069651]
  [-0.04362197 -0.26676592  0.09753848]
  [-0.02661367  0.06888109  0.33401328]
  [-0.21948043  0.38216245  0.5670067 ]
  [ 0.34759685 -0.50835377 -0.3248898 ]
  [ 0.2069605  -0.3317504  -0.37699324]
  [ 0.07336649 -0.5126719  -0.24974626]
  [-0.07889893 -0.58117914 -0.06010256]
  [-0.26296222 -0.49746063  0.1032015 ]
  [-0.08327992 -0.5699179   0.21777761]
  [ 0.00221008 -0.5926863  -0.16660935]
  [-0.05561859 -0.73201746 -0.24050847]
  [ 0.07702536 -0.7508152  -0.17603275]
  [ 0.02141258 -0.7685574  -0.17323914]
  [ 0.04907177 -0.74714106 -0.22715427]
  [-0.04943924 -0.7101456  -0.14933765]
  [ 0.00664767 -0.66960806 -0.25975817]]]