[[[-0.4506221  -0.03007872  0.71052   ]
  [-0.24664436 -0.04095443  0.32355243]
  [-0.09821206 -0.14978872 -0.04289965]
  [ 0.11597953 -0.19770709  0.03333157]
  [ 0.00740035  0.02887023  0.3685398 ]
  [-0.09025473  0.1151461   0.7867933 ]
  [-0.2743306  -0.22973084 -0.41324124]
  [-0.2926668  -0.3138262  -0.19558851]
  [-0.07356005 -0.42621076 -0.2822187 ]
  [ 0.17709497 -0.4248749  -0.241291  ]
  [ 0.2964272  -0.23211545 -0.09679142]
  [ 0.26071355 -0.0841809  -0.2660286 ]
  [ 0.05569791 -0.46665204 -0.29946053]
  [ 0.05253175 -0.62870926 -0.35675842]
  [ 0.06455187 -0.5277313  -0.4639566 ]
  [ 0.09367967 -0.5721387  -0.4400628 ]
  [ 0.0295243  -0.5678374  -0.44231692]
  [ 0.12198357 -0.5668121  -0.3509113 ]
  [-0.00358312 -0.56242496 -0.35658315]]]