[[[-0.13779767  0.09055588  0.8039014 ]
  [-0.08479349  0.02407603  0.36505994]
  [-0.10031857 -0.12145814 -0.02474824]
  [ 0.10990612 -0.22860922  0.02001989]
  [ 0.02106792 -0.00159654  0.35953093]
  [-0.02379032  0.16377027  0.7777266 ]
  [-0.11941478  0.3131635  -0.4017621 ]
  [-0.17125116  0.07301535 -0.3727391 ]
  [ 0.04346678 -0.07020269 -0.40452403]
  [ 0.23170753 -0.12171313 -0.34885064]
  [ 0.43071854 -0.08809446 -0.17900887]
  [ 0.43921658  0.13356188 -0.25840712]
  [ 0.15546784 -0.08181335 -0.40436774]
  [ 0.21787494 -0.00596064 -0.5548898 ]
  [ 0.27230287  0.03535013 -0.41981518]
  [ 0.2886287   0.01000449 -0.47016734]
  [ 0.24340716  0.05670891 -0.4653652 ]
  [ 0.24801299 -0.06950308 -0.49887416]
  [ 0.16098507  0.01910158 -0.49177644]]]