[[[-0.26698112  0.5868459   0.18440753]
  [-0.06329874  0.22223061  0.06746852]
  [ 0.04366717 -0.14638847 -0.08121856]
  [-0.01868704 -0.26945028  0.10318267]
  [ 0.00679265  0.07016651  0.33851317]
  [-0.20668852  0.34031504  0.60892415]
  [ 0.27975082 -0.47057718 -0.4208024 ]
  [ 0.11067154 -0.31200236 -0.42080575]
  [ 0.05513588 -0.5072294  -0.2598797 ]
  [-0.05786219 -0.5806599  -0.0478146 ]
  [-0.25414443 -0.47546452  0.08452623]
  [-0.05898677 -0.4956581   0.1921093 ]
  [ 0.01044113 -0.59084237 -0.16403554]
  [-0.03587241 -0.7397711  -0.22540163]
  [ 0.10696932 -0.7349429  -0.1840585 ]
  [ 0.05623431 -0.76135474 -0.1718972 ]
  [ 0.07071225 -0.7376139  -0.22979419]
  [-0.01772298 -0.71398485 -0.13673727]
  [ 0.01116314 -0.66936857 -0.2549129 ]]]