[[[-0.23143378  0.46814713  0.09281283]
  [-0.18439387  0.10216132 -0.12632737]
  [-0.12526806 -0.27837247  0.02732376]
  [ 0.11555208 -0.2807457   0.02012433]
  [ 0.1782313   0.10092737 -0.11955693]
  [ 0.20408472  0.49766043  0.05564919]
  [-0.2540897  -0.6823254  -0.08674295]
  [-0.31893188 -0.52454627  0.08747758]
  [-0.1475664  -0.7281757   0.04626667]
  [ 0.11137065 -0.7535188  -0.07845858]
  [ 0.09962311 -0.63990843 -0.31685442]
  [-0.1368626  -0.66283697 -0.24079034]
  [-0.01518593 -0.7923068  -0.02130424]
  [-0.02128235 -1.0040725  -0.06449847]
  [-0.0119283  -0.8997535  -0.17931515]
  [ 0.01825158 -0.94321024 -0.14526811]
  [-0.04827657 -0.94128585 -0.14821485]
  [ 0.05461528 -0.93411165 -0.04964659]
  [-0.09586723 -0.9303547  -0.05334978]]]