[[[ 5.94343990e-04  5.99198997e-01  1.82516277e-01]
  [-7.36011192e-02  1.96352616e-01  4.03969549e-02]
  [-1.19865380e-01 -2.22731382e-01  4.15688902e-02]
  [ 1.08601369e-01 -2.26905897e-01 -2.93053705e-02]
  [ 4.94667552e-02  1.90110818e-01 -4.49625477e-02]
  [ 1.10829085e-01  5.88440657e-01  1.26736313e-01]
  [-4.35131788e-01 -3.70010704e-01  1.62451148e-01]
  [-2.23535925e-01 -4.41286296e-01  2.42648423e-01]
  [-1.62420630e-01 -6.07759714e-01  4.74249944e-02]
  [ 4.66443412e-02 -6.12267852e-01 -1.18137673e-01]
  [ 1.01080738e-01 -3.52177203e-01 -1.17448889e-01]
  [-7.52683729e-02 -2.30666190e-01 -2.16343015e-01]
  [-8.33313540e-02 -6.65144444e-01 -5.19150794e-02]
  [-1.78127155e-01 -8.44017386e-01 -5.94075732e-02]
  [-2.38987654e-01 -7.16610551e-01 -1.10920548e-01]
  [-2.21165210e-01 -7.70109832e-01 -1.27926230e-01]
  [-2.39263207e-01 -7.55801499e-01 -6.74168691e-02]
  [-1.26707733e-01 -7.98121512e-01 -1.30134419e-01]
  [-1.67481780e-01 -7.70270646e-01 -4.94284555e-03]]]