[[[ 4.74234298e-02  5.20686924e-01  2.43552387e-01]
  [-7.40849748e-02  1.89732313e-01  1.99903757e-03]
  [-1.22911610e-01 -2.30209738e-01  1.11973193e-02]
  [ 1.14640541e-01 -2.45093212e-01  5.37301763e-04]
  [ 9.32606235e-02  1.74945161e-01 -3.91718298e-02]
  [ 1.53838620e-01  5.10457158e-01  2.29302406e-01]
  [-5.04174471e-01 -3.40956390e-01  2.97542252e-02]
  [-3.09512675e-01 -4.39303905e-01  1.33572564e-01]
  [-1.75020456e-01 -6.23754978e-01 -1.11903232e-02]
  [ 8.79091024e-02 -6.34433746e-01 -8.68898183e-02]
  [ 1.77446589e-01 -3.82275254e-01 -4.23482731e-02]
  [ 1.13815956e-01 -2.17034280e-01 -2.00448498e-01]
  [-6.00049868e-02 -6.90061927e-01 -7.80249462e-02]
  [-1.40504658e-01 -8.79019022e-01 -1.43689156e-01]
  [-1.63704351e-01 -7.46024549e-01 -2.11278528e-01]
  [-1.38648406e-01 -7.99876094e-01 -2.18113512e-01]
  [-1.87501550e-01 -7.88722873e-01 -1.76779211e-01]
  [-5.79789691e-02 -8.30410361e-01 -1.69778883e-01]
  [-1.62424594e-01 -8.08954537e-01 -8.36584270e-02]]]