[[[ 1.51355211e-02  5.68043649e-01  2.78585970e-01]
  [-9.96835753e-02  1.74360842e-01  1.43748105e-01]
  [-8.70049000e-02 -2.37830460e-01  1.00327864e-01]
  [ 7.01888129e-02 -2.23788604e-01 -8.16065520e-02]
  [-6.15105091e-04  1.90639704e-01 -2.70388555e-02]
  [ 1.23069063e-01  5.85936606e-01  1.07255809e-01]
  [-4.56887960e-01 -5.91007411e-01  4.79141593e-01]
  [-2.65024453e-01 -5.51410556e-01  3.30888629e-01]
  [-1.39317647e-01 -6.29925668e-01  1.13134667e-01]
  [-1.40167233e-02 -6.93959892e-01 -8.68812203e-02]
  [ 3.56931202e-02 -7.47759104e-01 -3.37103009e-01]
  [-8.76137242e-02 -8.72281969e-01 -5.04888237e-01]
  [-9.68289822e-02 -6.95919037e-01  1.57852862e-02]
  [-1.46192774e-01 -8.66218209e-01  8.33932385e-02]
  [-2.48973787e-01 -7.99160182e-01 -8.56660306e-03]
  [-2.12676898e-01 -8.46359551e-01 -3.74077260e-03]
  [-2.35697716e-01 -8.13519776e-01  4.78252023e-02]
  [-1.13094307e-01 -8.41279030e-01 -7.04942644e-03]
  [-1.62453562e-01 -7.74854600e-01  1.03232048e-01]]]