[[[-0.06755259  0.50325143  0.0716236 ]
  [-0.07986297  0.12117982 -0.08275816]
  [-0.10531919 -0.29722005 -0.04386595]
  [ 0.09456676 -0.27554542  0.0744739 ]
  [ 0.12301542  0.09670717 -0.07839564]
  [ 0.14757717  0.50188506  0.01828662]
  [ 0.2835648  -0.2947416  -0.24959446]
  [ 0.1464519  -0.5105088  -0.25899202]
  [ 0.10037006 -0.73741686 -0.15416938]
  [ 0.2250514  -0.6956855   0.09550816]
  [ 0.26141474 -0.45576584  0.20418905]
  [ 0.33145437 -0.2136798   0.20008549]
  [ 0.18725634 -0.769746   -0.03161046]
  [ 0.3001781  -0.95658284 -0.02606891]
  [ 0.36966214 -0.8202981  -0.05262538]
  [ 0.3580262  -0.8658043  -0.01095505]
  [ 0.34977645 -0.8748332  -0.07673301]
  [ 0.27155042 -0.88392234  0.04274149]
  [ 0.2512586  -0.90424085 -0.10601665]]]