[[[ 8.2502654e-04  3.9433080e-01  8.2038157e-02]
  [-1.9563408e-01  9.5061883e-02 -1.4274348e-01]
  [-1.1811113e-01 -2.3316403e-01  6.2449608e-02]
  [ 9.8963402e-02 -2.9852071e-01 -1.8036682e-02]
  [ 2.5539187e-01  9.2195004e-02 -6.2381890e-02]
  [ 4.7721094e-01  3.8937661e-01  1.8369637e-01]
  [-6.9614959e-01 -2.0037435e-01 -6.9654882e-02]
  [-5.0284272e-01 -3.5029238e-01  1.8484570e-02]
  [-3.3775473e-01 -5.6703883e-01 -5.5010606e-02]
  [-7.6903604e-02 -6.7650056e-01 -1.3160780e-01]
  [ 1.6271365e-01 -5.6108475e-01 -4.9856119e-02]
  [ 3.7411135e-01 -4.3829024e-01 -1.1719617e-01]
  [-2.3893192e-01 -6.6595578e-01 -1.2901647e-01]
  [-3.3621320e-01 -8.3857483e-01 -2.1184346e-01]
  [-3.7580076e-01 -6.9881582e-01 -2.6057842e-01]
  [-3.4842351e-01 -7.5245392e-01 -2.7552593e-01]
  [-3.8998616e-01 -7.4781817e-01 -2.2439140e-01]
  [-2.5493494e-01 -7.8363270e-01 -2.4668458e-01]
  [-3.4928986e-01 -7.7476263e-01 -1.3496420e-01]]]