[[[-0.0358071   0.4116063   0.13663198]
  [-0.18686262  0.1127045  -0.12940958]
  [-0.12302969 -0.24601297  0.04979755]
  [ 0.10371577 -0.2938222  -0.01017046]
  [ 0.26628673  0.09689678  0.00866198]
  [ 0.4673211   0.3521452   0.3184356 ]
  [-0.623229   -0.2536341  -0.07109776]
  [-0.45762795 -0.42161995  0.04343546]
  [-0.28639293 -0.6336713  -0.03596685]
  [-0.01114034 -0.7112303  -0.09722976]
  [ 0.20914811 -0.5685798   0.00096944]
  [ 0.4051505  -0.40326512 -0.02200259]
  [-0.17412396 -0.7217336  -0.10188362]
  [-0.26239184 -0.90701985 -0.16783848]
  [-0.32789153 -0.7720989  -0.20174074]
  [-0.300449   -0.8230581  -0.22454607]
  [-0.32583457 -0.8223353  -0.16338162]
  [-0.19851501 -0.84396166 -0.22385903]
  [-0.25907674 -0.8435873  -0.08967822]]]