[[[-0.23415652  0.5215982   0.15801148]
  [-0.20960303  0.13506742 -0.10001431]
  [-0.13258323 -0.28406808  0.01547398]
  [ 0.11860623 -0.28803372  0.04929093]
  [ 0.26027176  0.07530152 -0.13131054]
  [ 0.3320377   0.4842992   0.09386683]
  [-0.09650125 -0.36118582 -0.22248557]
  [-0.2635097  -0.45778325 -0.03033276]
  [-0.14133658 -0.7253424  -0.06001529]
  [ 0.16863668 -0.72015256  0.02183424]
  [ 0.27885258 -0.46605098  0.1372152 ]
  [ 0.36905587 -0.27109763 -0.02923713]
  [ 0.0246808  -0.79214907 -0.04853998]
  [ 0.04113925 -1.0102792  -0.09291702]
  [ 0.043171   -0.9090372  -0.21439648]
  [ 0.07677288 -0.94998217 -0.17851263]
  [ 0.00902899 -0.9509335  -0.17810293]
  [ 0.11930466 -0.93445826 -0.08262175]
  [-0.03712997 -0.937223   -0.08143302]]]