[[[-0.05571781  0.42486346  0.18051259]
  [-0.2459288   0.08472815  0.04559949]
  [-0.05939896 -0.25357854  0.11882784]
  [ 0.04752234 -0.25868598 -0.09120417]
  [ 0.17871703  0.1318451  -0.03715957]
  [ 0.40720853  0.46371537  0.10038219]
  [-0.30487055 -0.33265054  0.5141947 ]
  [-0.17563611 -0.49244225  0.3701762 ]
  [-0.17071114 -0.65021425  0.15659711]
  [-0.17781101 -0.6686663  -0.11475556]
  [-0.21321706 -0.4608004  -0.2727335 ]
  [-0.3699617  -0.27292815 -0.28986385]
  [-0.2012315  -0.70184714  0.02701969]
  [-0.30011973 -0.8807904   0.04034468]
  [-0.36789456 -0.75222135  0.0889569 ]
  [-0.36903146 -0.7962476   0.04694062]
  [-0.3397075  -0.8035442   0.10518318]
  [-0.3028576  -0.8068227  -0.03013123]
  [-0.24195796 -0.8247236   0.0968941 ]]]