[[[-0.5135781   0.23014416  0.22053404]
  [-0.18045004  0.16027543 -0.05423875]
  [-0.07272691 -0.2616936  -0.0852735 ]
  [ 0.06398816 -0.27747834  0.12498147]
  [ 0.29640877  0.00143452 -0.00630673]
  [ 0.2558878   0.420983    0.12239265]
  [ 0.47700226 -0.11258787 -0.09786514]
  [ 0.31724468 -0.28066975 -0.23483115]
  [ 0.23331097 -0.5485803  -0.24069463]
  [ 0.2598596  -0.62402606  0.03614638]
  [ 0.23057333 -0.4329882   0.2391072 ]
  [ 0.35738072 -0.20400226  0.23308064]
  [ 0.27605072 -0.6382967  -0.12053883]
  [ 0.36514017 -0.8228077  -0.16147034]
  [ 0.4587136  -0.70156777 -0.13690181]
  [ 0.435931   -0.7548636  -0.11278846]
  [ 0.43457234 -0.74165905 -0.17878097]
  [ 0.34195876 -0.7709843  -0.07511538]
  [ 0.3383055  -0.74119204 -0.22248575]]]