[[[-0.47985926  0.3453149   0.22004928]
  [-0.213163    0.14086224 -0.06704345]
  [-0.09321098 -0.27529687 -0.06077924]
  [ 0.08734061 -0.25435433  0.10549616]
  [ 0.276535    0.05028661 -0.06221033]
  [ 0.22812065  0.48470214  0.00956575]
  [ 0.39985326 -0.21012203 -0.32356077]
  [ 0.21490544 -0.40562785 -0.31437257]
  [ 0.13032727 -0.6388453  -0.19710095]
  [ 0.25456908 -0.6216851   0.05442199]
  [ 0.31616628 -0.3791955   0.17494142]
  [ 0.4451675  -0.15453263  0.12576696]
  [ 0.21575177 -0.6818493  -0.0813733 ]
  [ 0.3150885  -0.86287695 -0.09987677]
  [ 0.38363793 -0.73447376 -0.15171337]
  [ 0.38311905 -0.77774614 -0.10704654]
  [ 0.35422736 -0.78777695 -0.16637063]
  [ 0.3161869  -0.78737515 -0.03052036]
  [ 0.25178653 -0.80887836 -0.1624741 ]]]