[[[-0.47946268  0.35260144  0.24007696]
  [-0.23528604  0.12818865 -0.05153137]
  [-0.10403505 -0.27904826 -0.04473142]
  [ 0.09930959 -0.2558512   0.08849152]
  [ 0.25629228  0.07430482 -0.07460698]
  [ 0.21989523  0.49992132  0.04199211]
  [ 0.37112537 -0.33095697 -0.38606948]
  [ 0.1586903  -0.4855217  -0.3277914 ]
  [ 0.06177367 -0.6820609  -0.17441893]
  [ 0.24420428 -0.64545304  0.02983411]
  [ 0.3789202  -0.4083506   0.02947566]
  [ 0.53016514 -0.26398882 -0.13120139]
  [ 0.16719143 -0.714883   -0.08049536]
  [ 0.26240143 -0.8953187  -0.13065174]
  [ 0.3050903  -0.76179373 -0.19527775]
  [ 0.32036203 -0.8059682  -0.15492418]
  [ 0.27475426 -0.816172   -0.20217675]
  [ 0.28143653 -0.8215147  -0.06126306]
  [ 0.1794885  -0.8434745  -0.16737302]]]