[[[-4.60787028e-01  3.37473929e-01  2.78717250e-01]
  [-2.40425706e-01  1.24818891e-01 -3.80280726e-02]
  [-1.12833753e-01 -2.80381709e-01 -3.06427814e-02]
  [ 1.07585624e-01 -2.64073670e-01  7.38596097e-02]
  [ 2.41521135e-01  8.14538747e-02 -8.52786377e-02]
  [ 2.41046190e-01  4.82218981e-01  1.01232573e-01]
  [ 3.01054180e-01 -4.63845521e-01 -4.80135739e-01]
  [ 7.04401433e-02 -5.43147683e-01 -3.72096121e-01]
  [-2.93254852e-05 -7.03292727e-01 -1.62823558e-01]
  [ 2.25719780e-01 -6.81117117e-01 -4.36106231e-03]
  [ 4.08220112e-01 -5.13976991e-01 -1.14115879e-01]
  [ 4.03936565e-01 -5.21072924e-01 -3.74496937e-01]
  [ 1.16063327e-01 -7.42426753e-01 -8.92920420e-02]
  [ 1.63776875e-01 -9.34710860e-01 -1.66882381e-01]
  [ 1.65695012e-01 -8.07024717e-01 -2.53376961e-01]
  [ 1.99846998e-01 -8.51704895e-01 -2.27855712e-01]
  [ 1.34290010e-01 -8.58856261e-01 -2.35400796e-01]
  [ 2.27596670e-01 -8.60680938e-01 -1.27505958e-01]
  [ 8.02762732e-02 -8.76738429e-01 -1.48033053e-01]]]