[[[-0.08600749  0.53758097  0.36797628]
  [-0.06498309  0.20525774  0.08264288]
  [-0.10585897 -0.1997461  -0.03913269]
  [ 0.10646935 -0.24543196  0.04721084]
  [ 0.14642592  0.16553803  0.1420115 ]
  [ 0.16848615  0.50280243  0.4299032 ]
  [-0.31314972 -0.14485252 -0.09504945]
  [-0.28696585 -0.36369133  0.01183767]
  [-0.17982751 -0.566792   -0.12442108]
  [ 0.08024456 -0.6124399  -0.07266751]
  [ 0.14727758 -0.3935225   0.06623345]
  [ 0.20399131 -0.19901285 -0.06142725]
  [-0.05371081 -0.6460536  -0.13595997]
  [-0.09387732 -0.8301135  -0.18102956]
  [-0.09810912 -0.72770584 -0.29094082]
  [-0.07015692 -0.77731717 -0.2721297 ]
  [-0.13017136 -0.7620512  -0.25371015]
  [-0.00992162 -0.779651   -0.19600111]
  [-0.13716653 -0.7511339  -0.15881929]]]