[[[ 0.02704753  0.5452502   0.27800122]
  [-0.07670569  0.1596032   0.12577277]
  [-0.08447251 -0.25784123  0.0985221 ]
  [ 0.06309398 -0.2381406  -0.08544999]
  [ 0.00385795  0.17032477 -0.00700388]
  [ 0.07315981  0.57345235  0.12616146]
  [-0.251232   -0.3146257   0.27938995]
  [-0.0701447  -0.47502545  0.27973396]
  [-0.10611521 -0.6721756   0.10939077]
  [-0.03109594 -0.6713894  -0.15158698]
  [ 0.01035804 -0.41364634 -0.19719535]
  [-0.17405418 -0.2658871  -0.17316584]
  [-0.09858228 -0.7309169  -0.02340241]
  [-0.18552831 -0.92592454  0.0026698 ]
  [-0.26428786 -0.79561377  0.00752341]
  [-0.25641063 -0.8468215  -0.02358341]
  [-0.24043699 -0.84073013  0.03959919]
  [-0.17596439 -0.8679995  -0.07984766]
  [-0.14461207 -0.8569689   0.05487593]]]