[[[ 0.056348    0.502335    0.35760668]
  [-0.03839641  0.12281669  0.19774866]
  [-0.04322717 -0.2833505   0.11917124]
  [ 0.01845551 -0.23864998 -0.10532872]
  [-0.04427252  0.1564905   0.00485802]
  [ 0.02220399  0.5582684   0.12384281]
  [-0.29569897 -0.504787    0.49455902]
  [-0.09841533 -0.5725877   0.36261043]
  [-0.09595195 -0.6950399   0.12054501]
  [-0.07297465 -0.6900008  -0.15483317]
  [ 0.02070664 -0.45031804 -0.2359958 ]
  [-0.13762581 -0.27930662 -0.19032302]
  [-0.11807661 -0.7490899  -0.01299737]
  [-0.2158328  -0.94707304  0.03117125]
  [-0.28369808 -0.81012803  0.04883947]
  [-0.28344324 -0.8621398   0.01616917]
  [-0.2575094  -0.8580534   0.07666749]
  [-0.21313447 -0.8885372  -0.05318213]
  [-0.15904503 -0.88185745  0.07820542]]]