[[[ 0.08263168  0.4759261   0.19685976]
  [-0.14688101  0.15346107  0.05751663]
  [-0.09070933 -0.2535953   0.09510668]
  [ 0.08061725 -0.25743967 -0.07333454]
  [-0.03001851  0.13261496 -0.14068046]
  [ 0.07688759  0.4937325   0.05662864]
  [-0.39640066 -0.6605893   0.5148629 ]
  [-0.23798926 -0.643748    0.32675752]
  [-0.16665052 -0.6835512   0.07148229]
  [-0.02521968 -0.6538021  -0.16166592]
  [ 0.05294718 -0.3968561  -0.18282452]
  [-0.09513622 -0.20837754 -0.17416461]
  [-0.12577607 -0.7242647  -0.05951912]
  [-0.20291755 -0.92974836 -0.07666571]
  [-0.2834333  -0.8064008  -0.11903604]
  [-0.2542649  -0.8556769  -0.13894264]
  [-0.27801424 -0.8508571  -0.07799561]
  [-0.15481263 -0.8678823  -0.1388959 ]
  [-0.20437476 -0.8594464  -0.008187  ]]]