[[[ 0.08532745  0.4608386   0.22087365]
  [-0.1497811   0.15337606  0.10214552]
  [-0.07126469 -0.24142486  0.10703339]
  [ 0.05306673 -0.2317171  -0.08852792]
  [-0.07199518  0.14962879 -0.08550214]
  [ 0.07483916  0.5260544  -0.00927626]
  [-0.32721856 -0.7034331   0.2844805 ]
  [-0.12972715 -0.6218488   0.356846  ]
  [-0.07589491 -0.66335773  0.11549427]
  [ 0.015271   -0.6586369  -0.11856529]
  [-0.04178975 -0.47920278 -0.2836488 ]
  [-0.25259942 -0.531557   -0.23361565]
  [-0.04975893 -0.7037513   0.00095196]
  [-0.11684469 -0.89203197  0.02308219]
  [-0.21008426 -0.77753836 -0.01519231]
  [-0.18671913 -0.8278106  -0.03500278]
  [-0.19404998 -0.81454164  0.0281113 ]
  [-0.09073971 -0.84057206 -0.05534041]
  [-0.10712762 -0.8138437   0.07710461]]]