[[[-0.04232194  0.4785332   0.27901545]
  [-0.15618007  0.14391156  0.0595568 ]
  [-0.08838695 -0.2623179   0.08660547]
  [ 0.07211573 -0.26602182 -0.06721072]
  [ 0.15578666  0.13231911 -0.10117907]
  [ 0.32117227  0.49271083  0.04842699]
  [ 0.03971147 -0.46563286  0.5577892 ]
  [ 0.03381094 -0.5564816   0.32635432]
  [-0.04831054 -0.7060367   0.12935778]
  [-0.05360354 -0.70016944 -0.13908729]
  [-0.06737369 -0.5076819  -0.31993103]
  [-0.12909397 -0.37266636 -0.517589  ]
  [-0.07998657 -0.75554234 -0.00561404]
  [-0.11471114 -0.95639116 -0.01524197]
  [-0.23971604 -0.8670666  -0.00417804]
  [-0.20729637 -0.90386313 -0.04037064]
  [-0.20199749 -0.906613    0.02475184]
  [-0.11881481 -0.88199115 -0.08356906]
  [-0.10770985 -0.88880074  0.05794186]]]