[[[ 0.02153268  0.41730338  0.10699245]
  [-0.20988941  0.11999901 -0.08736251]
  [-0.11513792 -0.27713662  0.06745446]
  [ 0.10909019 -0.26368383 -0.02266452]
  [ 0.06185453  0.1323565  -0.15957752]
  [ 0.2183314   0.5013926   0.01443057]
  [-0.20343643 -0.99880326 -0.02272299]
  [-0.2801656  -0.7907945   0.08111753]
  [-0.00640703 -0.7656084   0.07339093]
  [ 0.24603435 -0.64829445  0.01255392]
  [ 0.36423573 -0.3979317   0.00996015]
  [ 0.42531765 -0.45613998 -0.21574676]
  [ 0.13529533 -0.7600882   0.02688711]
  [ 0.21222363 -0.9454196   0.05655646]
  [ 0.12373498 -0.9334882  -0.07277429]
  [ 0.18152702 -0.9433101  -0.05047409]
  [ 0.12754066 -0.9522823  -0.01245911]
  [ 0.24557738 -0.87108487 -0.00989637]
  [ 0.12575457 -0.89316684  0.07401864]]]