[[[-0.00757     0.3527404   0.14796795]
  [-0.2356414   0.10773254 -0.10403635]
  [-0.11859117 -0.27796492  0.04852017]
  [ 0.11330074 -0.25584185 -0.00409398]
  [ 0.13411306  0.13640755 -0.12869172]
  [ 0.2299855   0.5026635   0.09127912]
  [-0.22001739 -1.1425838  -0.21112683]
  [-0.1895741  -0.9304649  -0.07178023]
  [ 0.01762364 -0.7621002  -0.01984036]
  [ 0.24456556 -0.6053353  -0.03155444]
  [ 0.3125857  -0.34390777  0.02480842]
  [ 0.36112452 -0.15645745 -0.13309976]
  [ 0.14854111 -0.7290041  -0.04547244]
  [ 0.22902483 -0.90970737 -0.03292414]
  [ 0.16340552 -0.8802     -0.17106318]
  [ 0.21682778 -0.89057606 -0.14098865]
  [ 0.15835476 -0.90892017 -0.11540199]
  [ 0.26593155 -0.82452697 -0.07825292]
  [ 0.13718943 -0.8662006  -0.02308592]]]