[[[-0.01011788  0.33018896  0.14167494]
  [-0.21930394  0.1043822  -0.14449602]
  [-0.12247364 -0.2725054   0.03514253]
  [ 0.11636236 -0.25304207  0.01040279]
  [ 0.15046725  0.13949326 -0.11312573]
  [ 0.2284652   0.4975995   0.13036716]
  [-0.16851926 -1.1867756  -0.25305298]
  [-0.11285188 -0.96097547 -0.14099042]
  [ 0.03581457 -0.7486058  -0.06796332]
  [ 0.24563858 -0.5766637  -0.04006267]
  [ 0.29156226 -0.31274003  0.02939683]
  [ 0.32384965 -0.08849261 -0.0845544 ]
  [ 0.16104668 -0.70351684 -0.07410249]
  [ 0.24488842 -0.8785806  -0.06339584]
  [ 0.22014648 -0.8314558  -0.20917454]
  [ 0.2630806  -0.8431727  -0.16570419]
  [ 0.20217496 -0.8693668  -0.16276145]
  [ 0.28293884 -0.7861191  -0.08313672]
  [ 0.15000582 -0.8437568  -0.07679268]]]