[[[ 0.0493548   0.36952537  0.21177392]
  [-0.13109134  0.14152835 -0.10255376]
  [-0.12810767 -0.28568012  0.01406028]
  [ 0.11403599 -0.27834058  0.03344719]
  [ 0.15839937  0.09996198 -0.13204408]
  [ 0.27240562  0.46393383  0.09147039]
  [ 0.21805155 -0.98488474 -0.5888334 ]
  [ 0.06182333 -0.8827956  -0.40127897]
  [ 0.07447039 -0.765871   -0.15025052]
  [ 0.25008374 -0.60393465  0.01692027]
  [ 0.23032936 -0.3435842   0.1298329 ]
  [ 0.23583815 -0.09194267  0.06381468]
  [ 0.19080393 -0.7297009  -0.07654133]
  [ 0.26957446 -0.9221518  -0.06817004]
  [ 0.3174589  -0.8382202  -0.19119558]
  [ 0.33349583 -0.8635062  -0.13500822]
  [ 0.27953216 -0.8843718  -0.16944519]
  [ 0.30871636 -0.8280837  -0.03948942]
  [ 0.18695608 -0.8759665  -0.11601436]]]