[[[ 5.4146796e-02  5.2887481e-01  3.7431458e-01]
  [-5.0131664e-02  1.9350947e-01  1.2577137e-01]
  [-1.2019655e-01 -2.0627479e-01  5.4768352e-03]
  [ 1.0952793e-01 -2.3205142e-01 -2.2182185e-03]
  [ 1.6331601e-01  1.7566587e-01  2.9459631e-02]
  [ 2.8268906e-01  5.6597227e-01  1.7869076e-01]
  [-5.5807263e-01 -5.5683190e-01 -1.3853416e-01]
  [-3.7463748e-01 -6.1362684e-01  1.0680427e-02]
  [-1.3066520e-01 -6.3417542e-01 -7.9858132e-02]
  [ 1.1188947e-01 -5.8063197e-01 -1.1565475e-01]
  [ 2.4037561e-01 -3.5705924e-01 -4.8477635e-02]
  [ 2.2757119e-01 -1.4201060e-01 -1.5002364e-01]
  [-1.0144554e-02 -6.4747500e-01 -1.2518555e-01]
  [-8.7221172e-03 -8.2318884e-01 -1.6842750e-01]
  [-3.9345913e-02 -7.2701365e-01 -2.8092289e-01]
  [ 6.4423308e-04 -7.6599568e-01 -2.6131237e-01]
  [-6.1686028e-02 -7.6841307e-01 -2.4502128e-01]
  [ 5.4775294e-02 -7.5240541e-01 -1.8257879e-01]
  [-7.3721640e-02 -7.5934619e-01 -1.4955916e-01]]]