[[[-0.09535785  0.31121567  0.15113178]
  [-0.2987549  -0.01610311  0.06555998]
  [-0.04017814 -0.25726545  0.12676218]
  [ 0.03598168 -0.26025656 -0.0971496 ]
  [ 0.10596664  0.14052163 -0.10327747]
  [ 0.38662258  0.4237888   0.0138025 ]
  [-0.35397336 -0.21197213  0.42128706]
  [-0.24722928 -0.41438332  0.33172563]
  [-0.24106975 -0.6013947   0.1458569 ]
  [-0.24626714 -0.61251426 -0.12982649]
  [-0.20359987 -0.3965264  -0.27262676]
  [-0.27505192 -0.16913903 -0.27260664]
  [-0.2754787  -0.6528663   0.01214284]
  [-0.37481907 -0.8337125   0.01220472]
  [-0.45119408 -0.7063415   0.04704938]
  [-0.44391662 -0.7502534   0.00567165]
  [-0.42709485 -0.7573951   0.06855839]
  [-0.36404163 -0.759898   -0.05613151]
  [-0.32982555 -0.7783533   0.07983692]]]