[[[-0.12039234  0.3618962   0.08179311]
  [-0.29935864  0.03160003 -0.09170416]
  [-0.1044327  -0.24355465  0.08121969]
  [ 0.09661273 -0.27799857 -0.03908659]
  [ 0.19394314  0.12468566 -0.08599786]
  [ 0.4333557   0.42952704  0.11505212]
  [-0.712492   -0.3628633  -0.02880409]
  [-0.49454096 -0.43630114  0.08039977]
  [-0.28843042 -0.6107814   0.03328312]
  [-0.04386023 -0.70312595 -0.06486561]
  [ 0.19794673 -0.58365965 -0.05647502]
  [ 0.36811757 -0.48790488 -0.20687819]
  [-0.19710968 -0.7003226  -0.0369693 ]
  [-0.29113573 -0.88152575 -0.0697736 ]
  [-0.35659587 -0.7532721  -0.12241439]
  [-0.33002418 -0.80644834 -0.13808078]
  [-0.3553565  -0.7968495  -0.07812718]
  [-0.23000988 -0.827462   -0.13315539]
  [-0.2893764  -0.8080709  -0.0029138 ]]]