[[[-0.08999251  0.390484    0.14914119]
  [-0.2608008   0.07713969 -0.05357335]
  [-0.10151184 -0.25443318  0.0829915 ]
  [ 0.09043805 -0.274897   -0.04824949]
  [ 0.18925369  0.12413683 -0.05604735]
  [ 0.42030025  0.42968258  0.13662344]
  [-0.6105821  -0.4945576   0.07940745]
  [-0.39383712 -0.51806337  0.19318233]
  [-0.22765183 -0.6738132   0.05944868]
  [-0.01042072 -0.71469235 -0.0876786 ]
  [ 0.19453576 -0.5510289  -0.07989932]
  [ 0.32520592 -0.4231536  -0.2352283 ]
  [-0.15099765 -0.73602426 -0.03640486]
  [-0.23772253 -0.9191733  -0.06651469]
  [-0.32644522 -0.7947555  -0.04739009]
  [-0.3113202  -0.83969164 -0.08580171]
  [-0.29943097 -0.84382236 -0.02112567]
  [-0.22304074 -0.8466151  -0.14057124]
  [-0.20281231 -0.85696226  0.0020759 ]]]