[[[-0.23952463  0.52709144  0.14110567]
  [-0.1981289   0.15250899 -0.12712201]
  [-0.12575467 -0.24944846  0.03697243]
  [ 0.12053561 -0.2416773   0.00569198]
  [ 0.13741474  0.18660508 -0.10244114]
  [ 0.23170272  0.58712     0.13241564]
  [-0.24285604 -0.19277683 -0.13423972]
  [-0.23358464 -0.36597192  0.07002826]
  [-0.15463716 -0.6326937   0.01142136]
  [ 0.12591907 -0.6569673  -0.04479505]
  [ 0.27010143 -0.4168691   0.01952042]
  [ 0.35125473 -0.18381263 -0.07642635]
  [-0.02758934 -0.7090818  -0.04196083]
  [-0.08937906 -0.90937346 -0.0640868 ]
  [-0.15479499 -0.7952654  -0.13887657]
  [-0.12380358 -0.847855   -0.14496869]
  [-0.15683219 -0.83363247 -0.08982668]
  [-0.02464515 -0.85847366 -0.12661842]
  [-0.10066473 -0.8299371  -0.00907367]]]