[[[-0.26339     0.42607653  0.25560883]
  [-0.08445521  0.1701296  -0.06195712]
  [-0.10447072 -0.26302215 -0.05829581]
  [ 0.08369926 -0.30945468  0.09680555]
  [ 0.2997215   0.02599048 -0.03663545]
  [ 0.4403013   0.43213084  0.10574241]
  [ 0.24426673 -0.5791318  -0.12953667]
  [ 0.04282384 -0.48319036 -0.2719394 ]
  [-0.11459919 -0.69956535 -0.17357971]
  [-0.02733393 -0.77501744  0.10905935]
  [-0.05456749 -0.6191486   0.34670305]
  [ 0.03410166 -0.5580865   0.11767776]
  [-0.06099667 -0.7988414  -0.04885804]
  [ 0.00272994 -1.0155725  -0.09885389]
  [ 0.09259297 -0.8892442  -0.11927441]
  [ 0.08052674 -0.9413093  -0.08376832]
  [ 0.05587409 -0.93513244 -0.14594552]
  [ 0.00569306 -0.9529468  -0.01227833]
  [-0.05111881 -0.94203675 -0.15358454]]]