[[[ 0.25660804  0.50052035  0.16460434]
  [ 0.19566242  0.1198067   0.03973396]
  [ 0.03812243 -0.19687545 -0.09501335]
  [-0.02565293 -0.25460812  0.12130132]
  [-0.11022127  0.12729166  0.20319454]
  [-0.3217861   0.4576565   0.34706977]
  [ 0.33583096 -0.15755723 -0.29512706]
  [ 0.21019025 -0.3609246  -0.28558993]
  [ 0.14148565 -0.5759781  -0.1677815 ]
  [ 0.05757706 -0.6040115   0.07663401]
  [ 0.00611958 -0.37150478  0.17696261]
  [ 0.04157012 -0.1518771   0.25168395]
  [ 0.11488894 -0.64568174 -0.05138082]
  [ 0.13181564 -0.8279033  -0.10440242]
  [ 0.25153452 -0.7576733  -0.04757948]
  [ 0.2136078  -0.8006434  -0.03657372]
  [ 0.22819045 -0.7800318  -0.09576292]
  [ 0.1194469  -0.7867092  -0.01924603]
  [ 0.1514614  -0.7452794  -0.14113246]]]