[[[ 0.2893519   0.45616972  0.23723808]
  [ 0.22286607  0.08788243  0.07928196]
  [ 0.04807058 -0.19084746 -0.09132355]
  [-0.03741731 -0.2601396   0.11687294]
  [-0.16195408  0.11089282  0.1979813 ]
  [-0.4048342   0.42866313  0.32499245]
  [ 0.36421788 -0.13259149 -0.28552437]
  [ 0.2530915  -0.34587452 -0.27075276]
  [ 0.18429007 -0.563302   -0.15510988]
  [ 0.08920347 -0.5935374   0.08613459]
  [ 0.04208929 -0.36063334  0.19093314]
  [ 0.06884799 -0.14107667  0.27571502]
  [ 0.15315928 -0.63338864 -0.03878947]
  [ 0.17206582 -0.81549156 -0.0847046 ]
  [ 0.2882991  -0.7473745  -0.01778883]
  [ 0.24773428 -0.78852737 -0.00936162]
  [ 0.26952147 -0.7707244  -0.06744607]
  [ 0.15250213 -0.7707698  -0.00301305]
  [ 0.1991879  -0.7347321  -0.12214895]]]