[[[-0.07262859  0.5960969   0.30761865]
  [-0.01889124  0.21459118  0.04944701]
  [-0.10285555 -0.21376929 -0.05280078]
  [ 0.10430603 -0.24682638  0.06747269]
  [ 0.12195013  0.19470151  0.10185157]
  [ 0.10448021  0.5765471   0.37412527]
  [-0.2606691  -0.06902665 -0.10021171]
  [-0.22577395 -0.33372954 -0.08464742]
  [-0.13298528 -0.5908568  -0.1489134 ]
  [ 0.12232207 -0.6292938  -0.0380021 ]
  [ 0.17339602 -0.38627452  0.09346653]
  [ 0.23265141 -0.131295    0.07981633]
  [-0.00097696 -0.67379993 -0.1272674 ]
  [-0.02625069 -0.87158316 -0.16544509]
  [-0.0448034  -0.7715976  -0.2769702 ]
  [-0.01226847 -0.8203532  -0.25801682]
  [-0.07172077 -0.8071638  -0.23427132]
  [ 0.05660754 -0.81721836 -0.18637456]
  [-0.07161767 -0.79296845 -0.13851076]]]