[[[-0.06817632  0.49361566  0.45740867]
  [ 0.00674265  0.18955292  0.15140405]
  [-0.05164297 -0.16255906 -0.08518308]
  [ 0.06463573 -0.26626557  0.09083117]
  [ 0.1347282   0.12665913  0.23068263]
  [ 0.13642037  0.46174756  0.52003837]
  [-0.18240473 -0.01440651 -0.26215538]
  [-0.21520053 -0.25970295 -0.22983451]
  [-0.1270144  -0.51070166 -0.24982032]
  [ 0.02106091 -0.6017406  -0.05283897]
  [ 0.03086569 -0.37925452  0.09105912]
  [ 0.13219886 -0.15816705  0.08687319]
  [-0.04874746 -0.61399555 -0.18270305]
  [-0.09709132 -0.78970003 -0.23513898]
  [-0.01049365 -0.71119326 -0.32948732]
  [-0.01193691 -0.76004004 -0.29510137]
  [-0.06497682 -0.7326197  -0.31937954]
  [-0.01359812 -0.75682396 -0.19877994]
  [-0.12325193 -0.7033251  -0.25038525]]]