[[[-0.34672564  0.44754434  0.44797006]
  [-0.19137932  0.17736803  0.1223982 ]
  [-0.10224892 -0.19891354 -0.04067045]
  [ 0.11021664 -0.23262179  0.04673845]
  [ 0.09106076  0.15642482  0.23052505]
  [ 0.05355301  0.4518733   0.57448256]
  [-0.24915087 -0.2433039  -0.16393436]
  [-0.25501537 -0.39159453  0.02866138]
  [-0.13923615 -0.5540714  -0.14920245]
  [ 0.12443255 -0.58754814 -0.08612959]
  [ 0.17124055 -0.41559732  0.11727007]
  [ 0.13501322 -0.26257738 -0.06068125]
  [-0.00664602 -0.6264183  -0.155539  ]
  [-0.03180985 -0.8017285  -0.16057938]
  [-0.02463817 -0.7414377  -0.29815271]
  [ 0.00260285 -0.780247   -0.26074675]
  [-0.06060386 -0.7647976  -0.25594932]
  [ 0.05119393 -0.75185347 -0.18256171]
  [-0.08038011 -0.7243382  -0.17186244]]]