[[[-0.41492063  0.3030932   0.55220115]
  [-0.2340247   0.11221632  0.19749324]
  [-0.09993955 -0.19749534 -0.04241581]
  [ 0.11400845 -0.20332381  0.03828168]
  [ 0.01431072  0.15543194  0.2445306 ]
  [-0.07275148  0.4268867   0.58520275]
  [-0.1845224  -0.14288811 -0.09765185]
  [-0.18661529 -0.36523944 -0.00291342]
  [-0.08659824 -0.54245704 -0.16344386]
  [ 0.16921271 -0.5316567  -0.11698482]
  [ 0.15597208 -0.31844744  0.03600809]
  [ 0.04465738 -0.14497946 -0.07951539]
  [ 0.04799888 -0.5944718  -0.17110653]
  [ 0.04665452 -0.76667905 -0.16812281]
  [ 0.04135478 -0.7098462  -0.3056829 ]
  [ 0.07467757 -0.74363166 -0.26980853]
  [ 0.01055494 -0.73742676 -0.26355404]
  [ 0.11844243 -0.7076195  -0.19386278]
  [-0.01104461 -0.6993121  -0.18174747]]]