[[[-0.55082375  0.33673027  0.32828125]
  [-0.33881593  0.04599798  0.09658107]
  [-0.09529641 -0.26020828  0.0273008 ]
  [ 0.10906633 -0.15998574 -0.02042057]
  [-0.11996315  0.18619923 -0.04562561]
  [-0.27963904  0.56876564  0.06532148]
  [-0.22587706 -0.26727274 -0.00415594]
  [-0.14133172 -0.4087202   0.15985405]
  [-0.01863238 -0.5859823   0.0201359 ]
  [ 0.22525682 -0.5435133  -0.04776578]
  [ 0.22824597 -0.3000092   0.03532225]
  [ 0.0744487  -0.16777875 -0.07108183]
  [ 0.10114843 -0.62349683 -0.03059129]
  [ 0.08086023 -0.80584073 -0.01328508]
  [ 0.00972843 -0.73641    -0.12550226]
  [ 0.05012087 -0.77779025 -0.11550627]
  [ 0.00300672 -0.76204413 -0.07403521]
  [ 0.13594042 -0.7572173  -0.076699  ]
  [ 0.03882816 -0.7301942   0.00611966]]]