[[[-0.18599692  0.53231245  0.3541077 ]
  [-0.07030998  0.20460291  0.0833044 ]
  [-0.08866701 -0.19407624 -0.06370483]
  [ 0.09723104 -0.24155876  0.06956458]
  [ 0.11178802  0.16564934  0.18309286]
  [ 0.09579743  0.49956283  0.47780734]
  [-0.23653728 -0.05118056 -0.110805  ]
  [-0.2093201  -0.30262083 -0.11775538]
  [-0.10537292 -0.5302762  -0.21292019]
  [ 0.12173872 -0.5904402  -0.08917897]
  [ 0.1390517  -0.38563463  0.08065401]
  [ 0.18241495 -0.14286089  0.0823788 ]
  [ 0.01520179 -0.6168231  -0.18920046]
  [-0.00853067 -0.8022298  -0.2236175 ]
  [ 0.01179408 -0.7157313  -0.34368846]
  [ 0.03493536 -0.7616847  -0.31218514]
  [-0.02778097 -0.74661005 -0.3104943 ]
  [ 0.07487321 -0.7512657  -0.22489023]
  [-0.05658988 -0.72360057 -0.22307102]]]