[[[-0.372401    0.13108204  0.69897574]
  [-0.23378947  0.03976042  0.28862342]
  [-0.10684234 -0.18216018 -0.03062108]
  [ 0.11712901 -0.21264039  0.02175282]
  [ 0.095912    0.09511112  0.31224728]
  [ 0.07865446  0.23202159  0.73521316]
  [-0.30186847 -0.27783456 -0.2872183 ]
  [-0.27382213 -0.3445654  -0.06156626]
  [-0.12159831 -0.51552457 -0.19441546]
  [ 0.1405209  -0.52834266 -0.17062542]
  [ 0.26109403 -0.3220927  -0.048635  ]
  [ 0.17806987 -0.21774107 -0.23768516]
  [ 0.00929116 -0.5720104  -0.21514232]
  [-0.0030399  -0.74517435 -0.26064387]
  [ 0.00536593 -0.6477595  -0.37307072]
  [ 0.03404421 -0.6928494  -0.34786424]
  [-0.02994125 -0.68550324 -0.3446344 ]
  [ 0.07181593 -0.6850549  -0.2614191 ]
  [-0.05811798 -0.67457646 -0.25525072]]]