[[[ 0.01856971  0.6012604   0.24542765]
  [-0.02346369  0.21322703  0.01576874]
  [-0.12126392 -0.21425258 -0.00822889]
  [ 0.1144346  -0.24090335  0.02728381]
  [ 0.13606243  0.18768927 -0.0437541 ]
  [ 0.19777672  0.5931908   0.15989786]
  [-0.32986736 -0.1001813   0.04765626]
  [-0.25233316 -0.34829324  0.04842979]
  [-0.18076426 -0.5898511  -0.05961797]
  [ 0.09196813 -0.61761034 -0.07468683]
  [ 0.17100717 -0.3657062  -0.0047392 ]
  [ 0.1491042  -0.12420768 -0.08368361]
  [-0.05121294 -0.66523033 -0.09796896]
  [-0.08007094 -0.8597953  -0.1441053 ]
  [-0.09401763 -0.75440687 -0.24986097]
  [-0.06104153 -0.80206406 -0.23136854]
  [-0.12277149 -0.79358053 -0.21317308]
  [-0.00191957 -0.80128187 -0.15458374]
  [-0.13242042 -0.7854552  -0.11716814]]]