[[[-0.07349135  0.5960097   0.23638116]
  [ 0.03624325  0.20261016  0.06600587]
  [-0.0055992  -0.19344842 -0.10239656]
  [ 0.02242984 -0.2533439   0.12547861]
  [ 0.09664481  0.1631347   0.18559802]
  [ 0.03416136  0.5664605   0.36912847]
  [ 0.00100401 -0.05359822 -0.22630073]
  [-0.07202986 -0.29758686 -0.22447422]
  [-0.04900117 -0.56459963 -0.20382711]
  [-0.02189242 -0.622628    0.05481005]
  [-0.02090649 -0.37458482  0.15841493]
  [ 0.10548127 -0.16138056  0.18379915]
  [-0.03218578 -0.66181993 -0.08881655]
  [-0.10441653 -0.8369022  -0.12534273]
  [ 0.04088078 -0.81742865 -0.15915693]
  [ 0.00269357 -0.8475988  -0.12322706]
  [-0.01476509 -0.82385755 -0.18087196]
  [-0.04796056 -0.8057265  -0.05265469]
  [-0.08517084 -0.75945306 -0.17267418]]]