[[[-0.38435867  0.41179946  0.4004079 ]
  [-0.23229173  0.13855967  0.10571348]
  [-0.0991663  -0.21489736 -0.04237428]
  [ 0.10985678 -0.22594167  0.04966854]
  [ 0.08804796  0.14893633  0.21568331]
  [ 0.03366213  0.46402743  0.5081365 ]
  [-0.2587554  -0.3470402  -0.22546823]
  [-0.2555605  -0.4372864  -0.01159048]
  [-0.08441965 -0.57865906 -0.14836276]
  [ 0.1735698  -0.569384   -0.06962112]
  [ 0.22625996 -0.3774656   0.1049426 ]
  [ 0.24256481 -0.29855838 -0.10755736]
  [ 0.05830801 -0.6314982  -0.14022106]
  [ 0.07951194 -0.81473356 -0.13898134]
  [ 0.11338851 -0.7513205  -0.27002108]
  [ 0.13670632 -0.7798543  -0.22313198]
  [ 0.07516386 -0.7868201  -0.24152958]
  [ 0.14225203 -0.74114597 -0.13633668]
  [ 0.01467007 -0.75814325 -0.17262581]]]