[[[-0.5140536   0.19893205  0.56247175]
  [-0.28994137  0.07135243  0.19932131]
  [-0.09206979 -0.186919   -0.05460779]
  [ 0.11040625 -0.21776336  0.05467121]
  [ 0.02533404  0.07831451  0.34515283]
  [-0.09281882  0.23957014  0.746768  ]
  [-0.3865915  -0.39206412 -0.2861769 ]
  [-0.26507103 -0.4379279  -0.08726929]
  [-0.05729166 -0.5395906  -0.21340844]
  [ 0.18698305 -0.5476197  -0.11883762]
  [ 0.2678767  -0.42790854  0.10639073]
  [ 0.3639861  -0.25830472 -0.02058613]
  [ 0.07523976 -0.58550525 -0.2025078 ]
  [ 0.07028802 -0.7516272  -0.2153975 ]
  [ 0.0975228  -0.68674976 -0.34785408]
  [ 0.12093353 -0.72368413 -0.30757713]
  [ 0.05693426 -0.71544003 -0.31517482]
  [ 0.14810795 -0.6936346  -0.22077292]
  [ 0.01667451 -0.6808405  -0.23655379]]]