[[[-0.18224351  0.44503194  0.5102398 ]
  [-0.12445597  0.19100222  0.1567276 ]
  [-0.09490971 -0.17108592 -0.04691479]
  [ 0.0999242  -0.24585326  0.04864029]
  [ 0.14588581  0.11322577  0.26426312]
  [ 0.14103465  0.34539703  0.64397913]
  [-0.3932212  -0.21350615 -0.2497948 ]
  [-0.33317065 -0.35445854 -0.06771781]
  [-0.1654968  -0.51993567 -0.1863282 ]
  [ 0.07034987 -0.5859657  -0.0863622 ]
  [ 0.14545316 -0.4554385   0.13298197]
  [ 0.26979393 -0.2990265   0.01737152]
  [-0.04677023 -0.602532   -0.17302337]
  [-0.07701672 -0.77442485 -0.18372476]
  [-0.05570344 -0.7105377  -0.316733  ]
  [-0.03375507 -0.75134045 -0.27972168]
  [-0.09582102 -0.7339789  -0.27983105]
  [ 0.0073397  -0.72783715 -0.19715436]
  [-0.12142259 -0.69676214 -0.19697198]]]