[[[ 1.78505073e-03  6.11316621e-01  2.34576255e-01]
  [-6.19231686e-02  2.10745037e-01  2.02025678e-02]
  [-1.24782167e-01 -2.28288814e-01  2.44555995e-02]
  [ 1.16725154e-01 -2.35763952e-01  1.40486576e-04]
  [ 9.22690108e-02  1.95362687e-01 -8.21705610e-02]
  [ 1.39766425e-01  6.02466524e-01  1.32392943e-01]
  [-2.83723503e-01 -1.33011118e-01  1.97450206e-01]
  [-2.14704216e-01 -3.79749835e-01  1.34045526e-01]
  [-1.67539716e-01 -6.12886131e-01 -7.87719432e-03]
  [ 9.59400982e-02 -6.29834771e-01 -9.04454440e-02]
  [ 2.01402634e-01 -3.81295621e-01 -2.88161598e-02]
  [ 2.03784347e-01 -1.29959092e-01 -9.02048573e-02]
  [-4.91338298e-02 -6.83279514e-01 -7.86484480e-02]
  [-9.22849476e-02 -8.79755914e-01 -9.46266502e-02]
  [-1.34859174e-01 -7.86832452e-01 -2.06082463e-01]
  [-9.88548249e-02 -8.34294379e-01 -1.91409022e-01]
  [-1.52232617e-01 -8.19586217e-01 -1.56868145e-01]
  [-1.81969441e-02 -8.27494800e-01 -1.36212826e-01]
  [-1.32413030e-01 -7.98924506e-01 -6.35616705e-02]]]