[[[-0.46290624  0.23891272  0.53067786]
  [-0.25353613  0.08821668  0.18991132]
  [-0.07334211 -0.17464471 -0.07109465]
  [ 0.09563784 -0.23551317  0.07270221]
  [-0.01074405  0.02840731  0.36465552]
  [-0.16165212  0.20390856  0.7279146 ]
  [-0.25755605 -0.3797251  -0.42083982]
  [-0.24222714 -0.4646739  -0.20835494]
  [-0.00078281 -0.5387001  -0.2522037 ]
  [ 0.20043187 -0.5336261  -0.09424069]
  [ 0.19036326 -0.39709073  0.12740251]
  [ 0.2995777  -0.2746098  -0.02737461]
  [ 0.1238908  -0.5792395  -0.20222512]
  [ 0.13327852 -0.7478303  -0.19426203]
  [ 0.21140477 -0.6935028  -0.31094828]
  [ 0.21705864 -0.7216332  -0.2591078 ]
  [ 0.16368487 -0.72500163 -0.29533973]
  [ 0.19805396 -0.6797276  -0.17567237]
  [ 0.0884037  -0.689408   -0.24859597]]]