[[[ 0.01712125  0.42496383  0.43190706]
  [-0.11621409  0.0784125   0.23341037]
  [-0.03361286 -0.30890787  0.11653853]
  [ 0.02028852 -0.23863988 -0.10412196]
  [-0.05660465  0.14915147  0.02663087]
  [ 0.04224522  0.5084269   0.22705428]
  [-0.15781783 -0.27479544  0.32697043]
  [-0.09227103 -0.5003813   0.22820437]
  [-0.12985484 -0.70232105  0.04708408]
  [-0.10476897 -0.64763874 -0.23831604]
  [-0.01623058 -0.39052832 -0.26904565]
  [-0.05546276 -0.14556378 -0.24278235]
  [-0.1569856  -0.7353804  -0.10785538]
  [-0.2892835  -0.9210209  -0.11236434]
  [-0.32842582 -0.7829079  -0.05669931]
  [-0.33850616 -0.8243686  -0.10144571]
  [-0.3098466  -0.8409426  -0.04426101]
  [-0.2771394  -0.8438972  -0.1828743 ]
  [-0.21684656 -0.8815186  -0.05510382]]]