[[[-0.48880118  0.37767652  0.23112649]
  [-0.2833403   0.09003269  0.00959151]
  [-0.08900053 -0.25756314 -0.0462748 ]
  [ 0.10709533 -0.206172    0.05820371]
  [-0.00497795  0.17825416  0.10957869]
  [-0.15536535  0.5357623   0.2687916 ]
  [-0.28072092 -0.3187927  -0.09357689]
  [-0.17508444 -0.478503    0.03606563]
  [-0.00300406 -0.63333046 -0.07964509]
  [ 0.23610175 -0.5817963   0.0098775 ]
  [ 0.22754152 -0.36294484  0.14963299]
  [ 0.3098347  -0.20036973  0.01417895]
  [ 0.14150743 -0.66547084 -0.06394898]
  [ 0.18798007 -0.8523067  -0.05933149]
  [ 0.2096811  -0.7830015  -0.1924377 ]
  [ 0.23788512 -0.8089201  -0.14626727]
  [ 0.17667416 -0.82312006 -0.16240463]
  [ 0.24199656 -0.7709299  -0.05741847]
  [ 0.11426152 -0.8031842  -0.09046201]]]