[[[-0.07346838  0.53896457 -0.10470461]
  [-0.13254346  0.10739455 -0.19463778]
  [-0.12044287 -0.26339895  0.04918825]
  [ 0.11540319 -0.24706073  0.00168961]
  [ 0.01983027  0.09350758 -0.24589552]
  [ 0.08646064  0.53303313 -0.1685546 ]
  [-0.3405167  -0.26373753  0.04245681]
  [-0.2270784  -0.48480132  0.12833253]
  [-0.06698588 -0.6994914   0.05835504]
  [ 0.191309   -0.6275649  -0.05824431]
  [ 0.13001654 -0.37622756 -0.1530332 ]
  [-0.09151404 -0.2688918  -0.24160087]
  [ 0.07072587 -0.72594607 -0.01214906]
  [ 0.0590862  -0.93285406 -0.04582286]
  [-0.03772894 -0.82874334 -0.09868674]
  [ 0.00364397 -0.8715212  -0.11379379]
  [-0.02442282 -0.8704123  -0.05453257]
  [ 0.10544381 -0.8627672  -0.10745325]
  [ 0.03983227 -0.86283684  0.02105513]]]