[[[-0.04920227  0.6588124   0.01686171]
  [-0.01042747  0.19268672 -0.10948955]
  [-0.11578134 -0.25400576 -0.03896644]
  [ 0.11239227 -0.24902757  0.0803871 ]
  [ 0.11636705  0.2091145  -0.00875428]
  [-0.04254598  0.5622205   0.2867657 ]
  [-0.18114899 -0.12030593 -0.16178098]
  [-0.2136558  -0.3774376  -0.05518961]
  [-0.13770024 -0.6614541  -0.05639949]
  [ 0.14936613 -0.67912805  0.04779099]
  [ 0.2530917  -0.40474388  0.08778019]
  [ 0.33711082 -0.1636701  -0.02065791]
  [ 0.01017042 -0.74173796 -0.02550312]
  [-0.00406322 -0.95551217 -0.06562442]
  [ 0.03008965 -0.85548097 -0.17821988]
  [ 0.05152414 -0.90237045 -0.14184973]
  [-0.01388218 -0.89216775 -0.1509223 ]
  [ 0.07886183 -0.89524525 -0.0435565 ]
  [-0.06529678 -0.87433493 -0.06411351]]]