[[[-0.03413311  0.5104243   0.14492014]
  [-0.08294577  0.14378272 -0.08153942]
  [-0.12735613 -0.27479264  0.02805075]
  [ 0.11334917 -0.28374407  0.01018799]
  [ 0.11172262  0.13392478 -0.07973697]
  [ 0.14747919  0.50623137  0.14855339]
  [-0.6876433  -0.7251087  -0.00792207]
  [-0.42895195 -0.7225888   0.03189024]
  [-0.1535408  -0.75051683 -0.00478247]
  [ 0.1286972  -0.7545582  -0.05128077]
  [ 0.40248308 -0.74257386 -0.06533999]
  [ 0.65479916 -0.7558268  -0.1337456 ]
  [-0.01600979 -0.79537195 -0.05439823]
  [-0.02356382 -1.0043502  -0.10554697]
  [-0.06721503 -0.90295804 -0.21533725]
  [-0.02366744 -0.9445278  -0.19637533]
  [-0.0848394  -0.9446507  -0.17008439]
  [ 0.05091616 -0.9317838  -0.12391604]
  [-0.08803055 -0.93246055 -0.0650686 ]]]