[[[-0.5061839  -0.06100927  0.6977774 ]
  [-0.25839666 -0.00850676  0.31180206]
  [-0.0747046  -0.13001272 -0.05216322]
  [ 0.09961151 -0.2573795   0.0585836 ]
  [-0.04886391 -0.09764078  0.43061513]
  [-0.2656361  -0.09650094  0.8404107 ]
  [-0.10287619 -0.32249635 -0.5531482 ]
  [-0.2776537  -0.2750876  -0.39103094]
  [-0.11815953 -0.47476947 -0.29891717]
  [ 0.07321226 -0.5768039  -0.13686201]
  [ 0.15772597 -0.57045376  0.12383469]
  [ 0.25844634 -0.41126785 -0.01334742]
  [-0.02154941 -0.568622   -0.24664705]
  [-0.07428763 -0.73205626 -0.2745935 ]
  [ 0.02113329 -0.6833355  -0.3786761 ]
  [ 0.01527731 -0.72294146 -0.33503997]
  [-0.03490006 -0.6994316  -0.3691287 ]
  [ 0.01062119 -0.69601065 -0.24362962]
  [-0.09402302 -0.6509003  -0.3123573 ]]]