[[[ 0.01128542  0.54758584  0.32484564]
  [ 0.10752136  0.16967128  0.16354078]
  [ 0.06387687 -0.16221525 -0.0727803 ]
  [-0.04823971 -0.2628308   0.09723473]
  [ 0.05435468  0.05755526  0.3236614 ]
  [-0.07277979  0.40268394  0.5417367 ]
  [ 0.23073615 -0.29774317 -0.22625421]
  [ 0.03778682 -0.24715593 -0.33380997]
  [ 0.00597581 -0.49094206 -0.2826664 ]
  [-0.09953343 -0.5674992  -0.0676433 ]
  [-0.15980652 -0.35515475  0.05845916]
  [ 0.05882264 -0.359703    0.08964589]
  [-0.04130387 -0.58522475 -0.19196709]
  [-0.07665189 -0.73858994 -0.27914855]
  [ 0.04531246 -0.733139   -0.19558749]
  [-0.00704326 -0.7583726  -0.19926524]
  [ 0.02558728 -0.7374326  -0.24961214]
  [-0.086022   -0.7105725  -0.19075793]
  [-0.02081131 -0.67010593 -0.2935105 ]]]