[[[ 0.3877394   0.41432795  0.32162553]
  [ 0.26954782  0.08649594  0.09351245]
  [ 0.02115079 -0.1842202  -0.09584697]
  [-0.03039424 -0.23399527  0.11774953]
  [ 0.32598662 -0.04984234  0.19448137]
  [ 0.34836107  0.31937167  0.39422542]
  [ 0.07222469 -0.36905506 -0.45113137]
  [-0.11848856 -0.3105283  -0.34611082]
  [-0.21316795 -0.4866623  -0.20290218]
  [-0.23015219 -0.52668715  0.03643591]
  [-0.11009527 -0.3828293   0.2019004 ]
  [ 0.0827116  -0.478626    0.24025612]
  [-0.23437968 -0.5509514  -0.0963252 ]
  [-0.31831682 -0.6960265  -0.1503953 ]
  [-0.17128432 -0.68882376 -0.15838614]
  [-0.21369536 -0.7178552  -0.13332883]
  [-0.21966502 -0.68776584 -0.18858892]
  [-0.2720492  -0.67916197 -0.07086524]
  [-0.28412145 -0.6211378  -0.18537237]]]