[[[-0.00149564  0.39349017  0.5850811 ]
  [ 0.01061839  0.16530216  0.2229933 ]
  [-0.04453222 -0.12519173 -0.07116653]
  [ 0.05864483 -0.2721993   0.07204735]
  [ 0.15970111  0.04651831  0.31031454]
  [ 0.15733418  0.28955317  0.66874695]
  [-0.05513916 -0.3659939  -0.5543173 ]
  [-0.24006596 -0.27551883 -0.4444384 ]
  [-0.17973538 -0.45259142 -0.27224374]
  [-0.0613088  -0.5698958  -0.08999191]
  [ 0.08659541 -0.485956    0.10845511]
  [ 0.24700768 -0.47817305 -0.04905479]
  [-0.13309641 -0.54952747 -0.20520769]
  [-0.23208308 -0.6801475  -0.25559297]
  [-0.10753873 -0.6611182  -0.33514398]
  [-0.13385612 -0.69882596 -0.2991124 ]
  [-0.16524234 -0.65765077 -0.33675572]
  [-0.15092307 -0.67830074 -0.2083398 ]
  [-0.21547261 -0.5976165  -0.2847471 ]]]