[[[ 0.56240547  0.01772813  0.48886305]
  [ 0.34921074 -0.03750857  0.13104407]
  [-0.03572967 -0.07796258 -0.01934851]
  [ 0.0364738  -0.29331353 -0.01522103]
  [ 0.35202563 -0.06081116  0.13790666]
  [ 0.58585906  0.07673842  0.4610116 ]
  [-0.5233744   0.01112531 -0.41689217]
  [-0.42177224 -0.04690555 -0.20581645]
  [-0.41661543 -0.19841135 -0.01401065]
  [-0.37088397 -0.4002455  -0.06055093]
  [-0.21243945 -0.5099262  -0.22166906]
  [-0.17553975 -0.5104539  -0.44766808]
  [-0.43305692 -0.3059894  -0.03213055]
  [-0.61769545 -0.35247236 -0.00304563]
  [-0.5658791  -0.28908363 -0.12889263]
  [-0.5921726  -0.33796647 -0.1086153 ]
  [-0.5999052  -0.2797411  -0.08326972]
  [-0.5480943  -0.39372522 -0.04680917]
  [-0.56707364 -0.28302813  0.00570055]]]