[[[ 0.17424417  0.46692064  0.3005747 ]
  [ 0.07304966  0.2074705  -0.04413706]
  [-0.1176485  -0.18979685 -0.00609531]
  [ 0.1003065  -0.2691955   0.00944656]
  [ 0.22954603  0.14875746  0.10002828]
  [ 0.29378465  0.21288514  0.5414783 ]
  [-0.16834314 -0.08819413 -0.09687133]
  [-0.25144866 -0.31355244  0.0044461 ]
  [-0.24064171 -0.58569044 -0.02463146]
  [ 0.02928701 -0.6201112  -0.05164212]
  [ 0.13355917 -0.36368716 -0.03572904]
  [ 0.22517045 -0.12785307 -0.07955735]
  [-0.11969995 -0.6683533  -0.0655449 ]
  [-0.18729262 -0.8456867  -0.16441841]
  [-0.24534598 -0.71029717 -0.16665195]
  [-0.21975094 -0.752587   -0.19971515]
  [-0.25006393 -0.7665204  -0.14473519]
  [-0.12460399 -0.77458614 -0.1935518 ]
  [-0.19154602 -0.8056239  -0.08092333]]]