[[[-0.06267636  0.3199588   0.00843285]
  [-0.12992747  0.04551272 -0.26018   ]
  [-0.11773224 -0.21379885  0.04416436]
  [ 0.11612186 -0.22087628  0.00780876]
  [-0.03093924 -0.11120052 -0.32123333]
  [-0.02094305  0.19302967 -0.08488501]
  [-0.28858247 -0.98099923  0.0311237 ]
  [-0.31647742 -0.7474783   0.02767726]
  [-0.12926608 -0.6100707   0.08307899]
  [ 0.05787735 -0.6587726  -0.00491077]
  [ 0.01503244 -0.8620426  -0.12498113]
  [-0.07826419 -1.0670141  -0.05236287]
  [-0.0368995  -0.65237826  0.04289526]
  [-0.04876013 -0.82648945  0.08196881]
  [-0.12214307 -0.77949905 -0.03806115]
  [-0.07884611 -0.8139947  -0.02125972]
  [-0.12802562 -0.79776156  0.01667191]
  [ 0.00471263 -0.78148603  0.01700721]
  [-0.09986255 -0.7498647   0.09778821]]]