[[[-5.18245995e-01  2.70156056e-01 -1.90928280e-01]
  [-3.17018509e-01 -1.01339541e-01 -2.24340335e-01]
  [-9.47128385e-02 -2.67717093e-01  7.04343244e-02]
  [ 1.19427599e-01 -1.83948100e-01 -2.93799117e-03]
  [-7.12234825e-02 -8.81809890e-02 -3.46865982e-01]
  [-2.38236859e-01  3.01038593e-01 -3.66597861e-01]
  [-2.07899258e-01 -4.36215073e-01 -4.18438092e-02]
  [-1.88897595e-01 -3.80986810e-01  1.87825620e-01]
  [-4.60606627e-02 -5.83744884e-01  9.27393734e-02]
  [ 2.20926791e-01 -5.71253240e-01  8.02054815e-03]
  [ 3.33353162e-01 -3.28275025e-01 -2.09410395e-03]
  [ 2.22433820e-01 -2.95116127e-01 -2.06319541e-01]
  [ 8.18584338e-02 -6.36820614e-01  3.31388228e-02]
  [ 5.00495471e-02 -8.32263112e-01 -4.91841789e-03]
  [-8.09952617e-05 -7.23863661e-01 -9.47389603e-02]
  [ 3.76330316e-02 -7.69045830e-01 -9.22426507e-02]
  [-1.42170265e-02 -7.63650477e-01 -5.36786057e-02]
  [ 1.20685279e-01 -7.72013307e-01 -3.94712947e-02]
  [ 7.72013143e-03 -7.60737300e-01  4.15613763e-02]]]