[[[ 0.12644781  0.40123352 -0.49374932]
  [ 0.01351648 -0.02868521 -0.37952587]
  [-0.12245543 -0.24288958 -0.01164365]
  [ 0.1013051  -0.25236905  0.08432373]
  [ 0.30194208 -0.02732438 -0.22999068]
  [ 0.40645537  0.37237167 -0.44633365]
  [-0.29606166 -0.7370951   0.43631202]
  [-0.45644808 -0.70396733  0.23757476]
  [-0.2500815  -0.5456467   0.33953223]
  [ 0.00389459 -0.55159163  0.39391175]
  [ 0.21906781 -0.71901274  0.34159046]
  [ 0.00715465 -0.7233637   0.48201436]
  [-0.12532642 -0.575246    0.37009883]
  [-0.11733674 -0.7853529   0.33836257]
  [-0.09866668 -0.6770632   0.2328408 ]
  [-0.07122546 -0.719911    0.26674777]
  [-0.1363714  -0.7201018   0.25695622]
  [-0.04765653 -0.7155041   0.3654803 ]
  [-0.1924695  -0.71670085  0.34532404]]]