[[[-0.71008515  0.06521017  0.151391  ]
  [-0.40145633 -0.19288024  0.01273189]
  [-0.01633409 -0.2881387   0.11470902]
  [ 0.04966891 -0.16820131 -0.0847717 ]
  [-0.3582739  -0.1563838  -0.13371797]
  [-0.612987    0.1606962  -0.00314151]
  [-0.07637945 -0.28262833  0.30340073]
  [ 0.14409581 -0.3647101   0.2668045 ]
  [ 0.18818443 -0.56935954  0.11682948]
  [ 0.26431212 -0.5482074  -0.14348975]
  [ 0.20456238 -0.32549557 -0.27207607]
  [ 0.00689576 -0.21014643 -0.34896496]
  [ 0.22088952 -0.6142326  -0.01150319]
  [ 0.21263233 -0.81145954  0.01928088]
  [ 0.08712214 -0.72635967  0.00302184]
  [ 0.11780791 -0.76967925 -0.02218634]
  [ 0.12234543 -0.7545871   0.04113603]
  [ 0.20773517 -0.7616208  -0.06618026]
  [ 0.21372552 -0.7282513   0.07007411]]]