[[[-3.84003371e-02  5.32299101e-01  2.87996083e-01]
  [-9.00999978e-02  1.64513290e-01  9.57332924e-02]
  [-1.07871540e-01 -2.46047258e-01  4.88404557e-02]
  [ 9.10229161e-02 -2.36578375e-01 -4.78889197e-02]
  [ 6.43934980e-02  1.73086643e-01  2.03114515e-03]
  [ 1.21152833e-01  5.73102832e-01  1.24955408e-01]
  [-2.43895248e-01 -2.34181210e-01 -1.07426226e-01]
  [-1.80090010e-01 -3.75773340e-01  7.91174620e-02]
  [-1.46107242e-01 -6.29123032e-01  5.08458614e-02]
  [ 6.51965588e-02 -6.41762376e-01 -1.11098550e-01]
  [ 9.46786255e-02 -3.85117561e-01 -1.13411263e-01]
  [-4.42390442e-02 -2.16652244e-01 -2.06349194e-01]
  [-5.50112873e-02 -7.04671204e-01 -3.91873196e-02]
  [-7.63663948e-02 -9.07982469e-01 -2.79250331e-02]
  [-1.94861323e-01 -8.16659153e-01 -3.60180512e-02]
  [-1.66074678e-01 -8.62248659e-01 -6.38268739e-02]
  [-1.58464670e-01 -8.49584579e-01 -7.23171979e-04]
  [-7.99477994e-02 -8.52459013e-01 -1.12679452e-01]
  [-6.81733787e-02 -8.29895675e-01  2.21093446e-02]]]