[[[ 0.04818309  0.5603627   0.23991643]
  [-0.0248581   0.15570542  0.16357332]
  [ 0.00974918 -0.24929105  0.12423261]
  [-0.01586163 -0.23398755 -0.10207402]
  [-0.23327339  0.08745705 -0.04069113]
  [-0.43440384  0.45527545 -0.02554222]
  [-0.04449533 -0.08044538  0.23452003]
  [-0.02588122 -0.3268519   0.2120798 ]
  [-0.09974732 -0.5701798   0.20092896]
  [-0.21621665 -0.59755456 -0.02914229]
  [-0.18142346 -0.3842408  -0.16719235]
  [-0.25600046 -0.15748915 -0.2030073 ]
  [-0.19050708 -0.6225134   0.11141963]
  [-0.32459933 -0.7430684   0.1984517 ]
  [-0.27852815 -0.6123494   0.25708157]
  [-0.32599023 -0.6405923   0.23412691]
  [-0.27494508 -0.671718    0.25893313]
  [-0.33800578 -0.66525227  0.13805002]
  [-0.23142743 -0.72964394  0.19583261]]]