[[[-0.00175443  0.52886903 -0.0412091 ]
  [ 0.06458258  0.10342164 -0.14432524]
  [-0.09135316 -0.26225784 -0.0784205 ]
  [ 0.0780069  -0.27765456  0.11377797]
  [ 0.19583902  0.10387358  0.09589524]
  [ 0.19654274  0.50176907  0.31344286]
  [-0.22309837 -0.01871376 -0.24969658]
  [-0.08443837 -0.24235348 -0.30409545]
  [ 0.1665807  -0.378386   -0.33597246]
  [ 0.38182706 -0.37500748 -0.12747301]
  [ 0.39845905 -0.18845585  0.08807762]
  [ 0.41098613  0.07418542  0.1269007 ]
  [ 0.32232973 -0.39269614 -0.26913005]
  [ 0.4953935  -0.4443992  -0.3846504 ]
  [ 0.48513994 -0.3083937  -0.31080133]
  [ 0.5101322  -0.3648263  -0.3101623 ]
  [ 0.48523802 -0.33724937 -0.3659551 ]
  [ 0.4650305  -0.45339942 -0.2872786 ]
  [ 0.407562   -0.39268905 -0.4129613 ]]]