[[[-0.3729908   0.30846924  0.59008646]
  [-0.1928627   0.11627384  0.22958024]
  [-0.09216203 -0.17398874 -0.05393902]
  [ 0.10657997 -0.24107121  0.05276676]
  [ 0.05997672  0.07633698  0.33100402]
  [-0.0193442   0.28575513  0.7209606 ]
  [-0.21652454 -0.3470188  -0.39569727]
  [-0.3379534  -0.3406725  -0.18977645]
  [-0.13484652 -0.5159968  -0.22374003]
  [ 0.11024115 -0.58804077 -0.12842403]
  [ 0.29039168 -0.4972668   0.05620165]
  [ 0.245806   -0.38306496 -0.14301026]
  [-0.01428187 -0.59971684 -0.20681046]
  [-0.05488967 -0.77302563 -0.22889023]
  [-0.00480761 -0.7090348  -0.35548738]
  [ 0.00800936 -0.7510677  -0.31432685]
  [-0.05267343 -0.7313132  -0.32714894]
  [ 0.03241117 -0.72922665 -0.22355522]
  [-0.09382629 -0.69225085 -0.24914968]]]