[[[ 0.01864983  0.62304217 -0.04538545]
  [ 0.10256632  0.19272575  0.00694628]
  [ 0.07705306 -0.23289004 -0.06936243]
  [-0.06651993 -0.238674    0.10935386]
  [ 0.01886213  0.17599006  0.16552858]
  [-0.07197723  0.6110421   0.19385922]
  [ 0.3095448  -0.27640033  0.00253143]
  [ 0.16334507 -0.41141713 -0.15206157]
  [ 0.02693865 -0.6407489  -0.10464262]
  [-0.17634216 -0.6001383   0.06488018]
  [-0.24600266 -0.33839905  0.05309709]
  [-0.20529442 -0.12994766  0.17667718]
  [-0.07827871 -0.6885033  -0.01087271]
  [-0.1323623  -0.8802939  -0.02366666]
  [ 0.00127198 -0.83218014 -0.06662215]
  [-0.02721098 -0.8711283  -0.03040682]
  [-0.05524795 -0.84627587 -0.08311237]
  [-0.07596612 -0.84390736  0.0514222 ]
  [-0.13299143 -0.7976826  -0.06338032]]]