[[[-0.19380681  0.51135385  0.43002108]
  [-0.07507434  0.20081492  0.14378563]
  [-0.05357043 -0.1423833  -0.07392873]
  [ 0.06482405 -0.2702384   0.07496917]
  [ 0.13591309  0.05206903  0.3275314 ]
  [ 0.11407899  0.30943832  0.6883416 ]
  [-0.22345304 -0.3842117  -0.40639895]
  [-0.34136495 -0.22241047 -0.28158814]
  [-0.25162563 -0.45271337 -0.18383871]
  [-0.11226417 -0.5811056  -0.00212091]
  [ 0.02242589 -0.51830626  0.22140369]
  [ 0.11369442 -0.5041976   0.0137709 ]
  [-0.20362043 -0.56393    -0.10821673]
  [-0.3304162  -0.6776617  -0.09285944]
  [-0.22472379 -0.72594064 -0.1868254 ]
  [-0.24974686 -0.73648167 -0.13382313]
  [-0.28109336 -0.7083166  -0.18263374]
  [-0.24046472 -0.6765841  -0.06214411]
  [-0.30744237 -0.619746   -0.15813215]]]