[[[-0.1229272   0.51769406  0.3583262 ]
  [-0.13007112  0.21001035  0.05475366]
  [-0.11362495 -0.19892783  0.04055757]
  [ 0.10943037 -0.20133826 -0.03193887]
  [ 0.01750277  0.20713481 -0.02676881]
  [ 0.02913002  0.5912711   0.181965  ]
  [-0.47739154 -0.08736999 -0.01098221]
  [-0.303428   -0.25331444  0.03920933]
  [-0.22799036 -0.4605272  -0.09889406]
  [-0.06498557 -0.4552938  -0.2779906 ]
  [-0.11792296 -0.20545599 -0.31737894]
  [-0.3091983  -0.06748723 -0.37375224]
  [-0.16509996 -0.49444044 -0.20930263]
  [-0.28639224 -0.5956587  -0.30757803]
  [-0.2899683  -0.4522269  -0.28909048]
  [-0.28368542 -0.4921115  -0.32951182]
  [-0.3153532  -0.5009397  -0.2752667 ]
  [-0.20884708 -0.549681   -0.33262032]
  [-0.27611378 -0.567407   -0.22419453]]]