[[[ 0.09353938  0.554195    0.00947833]
  [ 0.10885983  0.14323567  0.07890103]
  [ 0.10300457 -0.26346564 -0.01855486]
  [-0.10371155 -0.25712004  0.05972397]
  [-0.03036131  0.1381693   0.14232874]
  [-0.0792301   0.5536883   0.09148666]
  [ 0.12451723 -0.51438457  0.1758019 ]
  [ 0.24025474 -0.5119099  -0.03203458]
  [ 0.07551521 -0.70769835 -0.06203924]
  [-0.19461137 -0.6575612  -0.02562078]
  [-0.25495863 -0.4056036  -0.0706674 ]
  [-0.20942268 -0.35111794  0.14748333]
  [-0.0721605  -0.7466327  -0.03335859]
  [-0.12045075 -0.9440544  -0.06130173]
  [-0.05154067 -0.904304    0.06772912]
  [-0.10380928 -0.92502034  0.0421637 ]
  [-0.04635512 -0.93016887  0.0120429 ]
  [-0.16844419 -0.87052304 -0.00966659]
  [-0.04377098 -0.8854098  -0.0755511 ]]]