[[[ 0.09743071  0.53862476  0.09729627]
  [ 0.04744967  0.13195774  0.19526067]
  [ 0.09099976 -0.27192298  0.08115214]
  [-0.0966802  -0.23816389 -0.05134696]
  [-0.19865978  0.11898641  0.1217057 ]
  [-0.10933234  0.53124547  0.06123997]
  [ 0.11349499 -0.30202198  0.3800033 ]
  [ 0.1451683  -0.46390074  0.19131246]
  [ 0.0666817  -0.67530525  0.06280245]
  [-0.11346778 -0.7157307  -0.11723375]
  [-0.31372207 -0.8479148  -0.19773473]
  [-0.44785896 -1.0617828  -0.18130165]
  [-0.0379227  -0.73675376 -0.02420383]
  [-0.09837082 -0.9363297  -0.03184257]
  [-0.17269775 -0.8350924   0.05455233]
  [-0.17521966 -0.8693863   0.00448088]
  [-0.13389534 -0.88255185  0.05350641]
  [-0.12580898 -0.85508    -0.08141275]
  [-0.03442066 -0.88348955  0.0260252 ]]]