[[[-0.49148571  0.39204392  0.11945044]
  [-0.32250667  0.04992745 -0.06740948]
  [-0.09253566 -0.22671147  0.07609916]
  [ 0.11073616 -0.18816303 -0.0378289 ]
  [-0.0904569   0.06350967 -0.26976782]
  [-0.14121816  0.48215204 -0.1988864 ]
  [-0.33462474 -0.08175129  0.09616738]
  [-0.17865553 -0.26522064  0.13559183]
  [-0.18091826 -0.48494124  0.00239157]
  [-0.05985777 -0.49667782 -0.21259278]
  [-0.122311   -0.25109735 -0.25822043]
  [-0.29595345 -0.08260725 -0.28274715]
  [-0.14105736 -0.5361809  -0.11629763]
  [-0.24543393 -0.68522364 -0.14490488]
  [-0.29161552 -0.5501907  -0.17352349]
  [-0.28031152 -0.60015404 -0.19900973]
  [-0.29680777 -0.59426004 -0.13788177]
  [-0.19204542 -0.635911   -0.20525894]
  [-0.23032555 -0.62485147 -0.08073566]]]