[[[-0.02036202  0.50548303  0.25275773]
  [ 0.11173671  0.1609961   0.0324241 ]
  [-0.01637265 -0.22829252 -0.10500747]
  [ 0.01151329 -0.29136586  0.12208688]
  [ 0.13490511  0.10451625  0.2031258 ]
  [ 0.02723516  0.47639737  0.4075066 ]
  [ 0.12868291 -0.15440466 -0.27973115]
  [-0.00780351 -0.3690434  -0.26389757]
  [ 0.02681207 -0.63650024 -0.21626972]
  [ 0.02861641 -0.6936133   0.06394303]
  [-0.05488028 -0.48499256  0.22275317]
  [-0.00439476 -0.29649585  0.38060093]
  [ 0.05583483 -0.72945213 -0.0928889 ]
  [ 0.1058713  -0.93030035 -0.15413193]
  [ 0.14100915 -0.8056161  -0.23541573]
  [ 0.1639492  -0.85383606 -0.2054854 ]
  [ 0.10152513 -0.85212356 -0.22598153]
  [ 0.16965137 -0.8654583  -0.10241001]
  [ 0.03463072 -0.86324173 -0.1525406 ]]]