[[[-0.4981259   0.2787992   0.05434814]
  [-0.39368594 -0.09459122 -0.09826239]
  [-0.08034194 -0.277067    0.0738645 ]
  [ 0.10906439 -0.17521597 -0.02212292]
  [-0.10018933  0.03080149 -0.30104804]
  [-0.22418375  0.41611695 -0.1806252 ]
  [-0.16523899 -0.37712654  0.09986272]
  [-0.01224557 -0.41302204  0.27104694]
  [ 0.03531964 -0.5964204   0.09990634]
  [ 0.25654286 -0.53802776 -0.04995858]
  [ 0.26188886 -0.2760458  -0.0580426 ]
  [ 0.07420059 -0.17827223 -0.1601898 ]
  [ 0.14482832 -0.62667763  0.00605357]
  [ 0.13933034 -0.81968576 -0.0236862 ]
  [ 0.06376097 -0.7263923  -0.11270735]
  [ 0.10847443 -0.7644428  -0.11216576]
  [ 0.05968268 -0.76556045 -0.06931955]
  [ 0.19365868 -0.75095177 -0.06668943]
  [ 0.08942901 -0.75307417  0.02323639]]]