[[[ 0.05567357  0.6091095   0.01653573]
  [ 0.10605294  0.17754036  0.04508271]
  [ 0.07429524 -0.23833853 -0.07089083]
  [-0.06298997 -0.23574726  0.1061976 ]
  [ 0.04029276  0.1767786   0.12791555]
  [-0.06944092  0.6036175   0.13786462]
  [ 0.2298536  -0.26062766  0.08497865]
  [ 0.13426284 -0.4080488  -0.09323458]
  [ 0.03629051 -0.64961785 -0.0709122 ]
  [-0.13771243 -0.5957795   0.12318963]
  [-0.1442081  -0.33052325  0.09817974]
  [-0.05299022 -0.10834239  0.14867453]
  [-0.0520681  -0.6917823   0.03732858]
  [-0.09255301 -0.8872223   0.04553379]
  [ 0.02493677 -0.8317151  -0.02510234]
  [ 0.00771742 -0.8701192   0.01795848]
  [-0.03193104 -0.850773   -0.02903489]
  [-0.02636281 -0.8417622   0.10667853]
  [-0.1076896  -0.8076735   0.00346545]]]