[[[ 0.08139451  0.35842347 -0.5095746 ]
  [-0.0134517  -0.06044485 -0.38516673]
  [-0.1214425  -0.18265599  0.02307787]
  [ 0.11158137 -0.25822338  0.06202009]
  [ 0.04814943 -0.54303586 -0.20009325]
  [ 0.02401823 -0.33227572 -0.5831487 ]
  [-0.53047585 -0.83131665  0.33845395]
  [-0.5089126  -0.5858242   0.24919155]
  [-0.26649988 -0.47826985  0.308365  ]
  [-0.03524692 -0.5743996   0.31984735]
  [ 0.00818105 -0.8250365   0.23735121]
  [-0.1862491  -0.96459866  0.34238866]
  [-0.16019128 -0.542323    0.31213376]
  [-0.22949363 -0.7244977   0.26038978]
  [-0.20330527 -0.61170137  0.16440761]
  [-0.1846247  -0.6642142   0.18143368]
  [-0.24527885 -0.64280957  0.19421425]
  [-0.13606146 -0.6870843   0.26750043]
  [-0.27177942 -0.63898003  0.2951209 ]]]