[[[ 1.21606685e-01  3.15224916e-01 -4.23092276e-01]
  [-3.33509333e-02 -1.11455441e-01 -4.11761254e-01]
  [-1.32559761e-01 -2.42185265e-01  3.39309010e-03]
  [ 1.04980089e-01 -2.59366989e-01  9.46460143e-02]
  [ 3.32632929e-01 -9.12080631e-02 -2.45069042e-01]
  [ 2.98370928e-01  3.59325677e-01 -3.74259442e-01]
  [-6.42118096e-01 -3.30462635e-01  6.84279576e-02]
  [-4.41230357e-01 -4.33664560e-01  2.16862321e-01]
  [-2.37747803e-01 -6.45096183e-01  1.59331739e-01]
  [ 5.66263869e-02 -6.85580850e-01  2.11454809e-01]
  [ 3.00955951e-01 -5.56412220e-01  3.09748977e-01]
  [ 3.53077054e-01 -6.37940228e-01  6.39706999e-02]
  [-9.43731368e-02 -7.15969682e-01  1.56846985e-01]
  [-1.33880407e-01 -9.10513759e-01  7.19275996e-02]
  [-1.46749288e-01 -7.76828349e-01 -6.60776347e-03]
  [-1.15735956e-01 -8.30114722e-01 -7.95863569e-04]
  [-1.75958276e-01 -8.22238505e-01  2.63614357e-02]
  [-4.26240265e-02 -8.54915738e-01  6.95991069e-02]
  [-1.80427879e-01 -8.38556528e-01  1.29205063e-01]]]