[[[-7.15241194e-01  6.82737827e-02  6.35299236e-02]
  [-3.98467422e-01 -2.02276140e-01 -2.49135997e-02]
  [-2.14527063e-02 -2.84254611e-01  1.17656276e-01]
  [ 5.52897193e-02 -1.68879226e-01 -8.21528807e-02]
  [-3.43716711e-01 -1.90732986e-01 -1.65509075e-01]
  [-6.33447349e-01  1.08791582e-01 -7.29715079e-02]
  [-5.71637228e-02 -2.65326262e-01  2.51303196e-01]
  [ 1.62685752e-01 -3.56714636e-01  2.60221958e-01]
  [ 1.94849402e-01 -5.70401192e-01  1.27541438e-01]
  [ 2.75564849e-01 -5.43390572e-01 -1.28364354e-01]
  [ 2.07128018e-01 -3.16741943e-01 -2.42041796e-01]
  [-3.73397302e-03 -2.06514671e-01 -2.89735168e-01]
  [ 2.28411973e-01 -6.10897303e-01 -2.69029289e-04]
  [ 2.02749223e-01 -8.08073878e-01  2.19533760e-02]
  [ 8.83519053e-02 -7.11118519e-01 -5.74636366e-03]
  [ 1.18156262e-01 -7.55860686e-01 -2.90092044e-02]
  [ 1.15541250e-01 -7.43733704e-01  3.50681469e-02]
  [ 2.13218123e-01 -7.54905403e-01 -6.08915761e-02]
  [ 2.04659596e-01 -7.26918578e-01  7.68632442e-02]]]