[[[-0.6068955  -0.1882367   0.37448758]
  [-0.23322804 -0.3321984   0.30417883]
  [ 0.03186205 -0.13434947  0.09589265]
  [-0.00709144 -0.28078386 -0.08032908]
  [-0.19924712 -0.44583094  0.22186518]
  [-0.5821468  -0.31544974  0.17655063]
  [ 0.3009165  -0.44517472  0.22841482]
  [ 0.2769714  -0.21619144  0.22345158]
  [ 0.4316776  -0.16904838  0.06194819]
  [ 0.43104926 -0.27418837 -0.0792734 ]
  [ 0.2466864  -0.38963962 -0.16219595]
  [ 0.33219805 -0.5781164  -0.11932855]
  [ 0.46829322 -0.2307585   0.00263882]
  [ 0.6488528  -0.2719565   0.0440848 ]
  [ 0.5305706  -0.35284865  0.09438758]
  [ 0.576486   -0.35741955  0.05947192]
  [ 0.5737541  -0.31992397  0.11189958]
  [ 0.58784175 -0.30149102 -0.01613328]
  [ 0.582752   -0.22909722  0.0862526 ]]]