[[[-0.33814526  0.47144133  0.20625119]
  [-0.1818787   0.11676805  0.00152423]
  [-0.10624857 -0.311613   -0.0427164 ]
  [ 0.10680606 -0.2760406   0.06909297]
  [ 0.10158326  0.1411494   0.04731745]
  [ 0.05283169  0.48162028  0.32212096]
  [ 0.06565639 -0.65321344 -0.27961302]
  [-0.11895978 -0.5563889  -0.14302874]
  [ 0.04059627 -0.76871246 -0.13637795]
  [ 0.28368998 -0.6845669   0.02196854]
  [ 0.250284   -0.42037848  0.05331739]
  [ 0.32669795 -0.5522006  -0.14335272]
  [ 0.20156752 -0.7808693  -0.08334308]
  [ 0.32231885 -0.95345587 -0.17228903]
  [ 0.33760285 -0.8058555  -0.2253066 ]
  [ 0.36319977 -0.8534096  -0.19070485]
  [ 0.31347358 -0.8646198  -0.23476797]
  [ 0.33998334 -0.8839819  -0.09276273]
  [ 0.22569117 -0.90993005 -0.19145186]]]