[[[ 0.00550151  0.4972004   0.31584808]
  [-0.07927202  0.13504402  0.14669563]
  [-0.07728969 -0.264373    0.09991699]
  [ 0.04916662 -0.23712823 -0.09027575]
  [ 0.0548748   0.15480098  0.01673823]
  [ 0.13608499  0.53761727  0.13994741]
  [-0.08744428 -0.34446597  0.34474885]
  [ 0.03223167 -0.5410358   0.2871913 ]
  [-0.0823162  -0.68499047  0.10658716]
  [ 0.00456248 -0.7110559  -0.11084569]
  [ 0.20370495 -0.55239546 -0.1675587 ]
  [ 0.15715183 -0.40785223 -0.3390875 ]
  [-0.08168951 -0.7437778  -0.00963181]
  [-0.15075514 -0.9377295   0.02004647]
  [-0.25071338 -0.8194113   0.01989031]
  [-0.23483576 -0.8706675  -0.00860823]
  [-0.21926525 -0.85905063  0.05373458]
  [-0.152104   -0.88189286 -0.06530592]
  [-0.12048319 -0.8605088   0.06958368]]]