[[[-0.01816723  0.62164193  0.05316798]
  [ 0.07874968  0.19868858  0.01579674]
  [ 0.05024972 -0.21039611 -0.086719  ]
  [-0.03392456 -0.25633174  0.12035188]
  [ 0.01187429  0.15436706  0.20168343]
  [-0.13016008  0.56083304  0.2909249 ]
  [ 0.27606493 -0.55727655 -0.16689628]
  [ 0.14437792 -0.42529333 -0.31577018]
  [-0.00849947 -0.60734695 -0.20471278]
  [-0.13299417 -0.6278086   0.03293398]
  [-0.20407255 -0.4122996   0.17237373]
  [-0.00564019 -0.49111786  0.25306082]
  [-0.06865472 -0.6761525  -0.09143798]
  [-0.10647784 -0.859504   -0.13480866]
  [ 0.03348389 -0.8241575  -0.09495828]
  [-0.01531664 -0.85521054 -0.07869969]
  [-0.00321507 -0.83914626 -0.13991612]
  [-0.09710801 -0.814215   -0.04775388]
  [-0.07182448 -0.7845542  -0.17733951]]]