[[[ 0.22564156  0.46271533  0.08544647]
  [ 0.29839334  0.07615858 -0.07346203]
  [-0.01422836 -0.20169508 -0.10350473]
  [-0.01008558 -0.23872226  0.13410223]
  [ 0.33588058 -0.01146597  0.14736745]
  [ 0.2604334   0.3822511   0.3108035 ]
  [ 0.06512073 -0.37948895 -0.61410093]
  [-0.04566138 -0.41981825 -0.39709824]
  [-0.09760655 -0.5627978  -0.17974852]
  [-0.09172639 -0.61318445  0.07839722]
  [-0.00694844 -0.48437563  0.29550922]
  [ 0.19972983 -0.43053487  0.41260886]
  [-0.09719872 -0.63549215 -0.06556508]
  [-0.16206037 -0.8040299  -0.10691024]
  [-0.02774335 -0.7660401  -0.16016369]
  [-0.05516043 -0.80461675 -0.12488779]
  [-0.08496756 -0.7737072  -0.17300315]
  [-0.09728865 -0.78075916 -0.03982979]
  [-0.15740347 -0.71820354 -0.14277527]]]