[[[ 0.5247252   0.22830214  0.3516817 ]
  [ 0.37635636 -0.11431508  0.1427506 ]
  [ 0.04827001 -0.16788858 -0.09083895]
  [-0.06383494 -0.23278083  0.09641584]
  [ 0.23644389 -0.01546006  0.3093633 ]
  [ 0.11269374  0.3295128   0.54543847]
  [ 0.29055557 -0.13930108 -0.3175858 ]
  [ 0.06608728 -0.24373448 -0.31765527]
  [-0.10599909 -0.4387576  -0.27540335]
  [-0.21896957 -0.4838642  -0.0556304 ]
  [-0.1818769  -0.2691947   0.08974864]
  [-0.09195932 -0.10292814  0.23916565]
  [-0.17575541 -0.5152716  -0.18561567]
  [-0.24987625 -0.66843814 -0.2642856 ]
  [-0.10717475 -0.6450428  -0.26284218]
  [-0.14786577 -0.68202925 -0.24452886]
  [-0.15409364 -0.6460678  -0.29597658]
  [-0.21086372 -0.65651065 -0.18131065]
  [-0.22304246 -0.58959746 -0.28638306]]]