[[[ 0.01732324  0.50341886  0.30877116]
  [-0.11644992  0.13356315  0.15904726]
  [-0.04284267 -0.27298853  0.12009273]
  [ 0.02652    -0.23504399 -0.10027467]
  [-0.06089899  0.16604662 -0.03878793]
  [ 0.02331826  0.56070536  0.09193726]
  [-0.15199003 -0.29356736  0.42226723]
  [-0.00397578 -0.44611245  0.29320988]
  [ 0.01344848 -0.65833324  0.13393271]
  [-0.02109562 -0.69069    -0.14297764]
  [-0.18412066 -0.5365267  -0.28627932]
  [-0.4250953  -0.48868373 -0.2913979 ]
  [-0.01216174 -0.7344143   0.00270649]
  [-0.06084504 -0.9437769   0.03694557]
  [-0.16341782 -0.8321197   0.0259234 ]
  [-0.14068916 -0.8811872  -0.00128484]
  [-0.1350376  -0.87090605  0.0629636 ]
  [-0.05089828 -0.8871725  -0.0451921 ]
  [-0.03885636 -0.86611474  0.09394457]]]