[[[ 0.2555391   0.42652673  0.3458627 ]
  [ 0.31554905  0.04854381  0.1389956 ]
  [ 0.03926883 -0.1672978  -0.0923664 ]
  [-0.05481917 -0.2615074   0.10083035]
  [ 0.26821592 -0.07123601  0.28561854]
  [ 0.1601356   0.23410659  0.58277285]
  [ 0.33254316 -0.46232828 -0.4128573 ]
  [ 0.12761742 -0.3370663  -0.39677027]
  [-0.03276374 -0.50784177 -0.26849374]
  [-0.1466654  -0.5681982  -0.03410307]
  [-0.23944433 -0.3723386   0.12131168]
  [-0.04572564 -0.32826     0.2413922 ]
  [-0.08996926 -0.59449565 -0.16662934]
  [-0.14252366 -0.76621884 -0.23546726]
  [-0.00253534 -0.74077743 -0.20448223]
  [-0.0492046  -0.77344424 -0.188829  ]
  [-0.04198889 -0.74807817 -0.24704866]
  [-0.12468627 -0.73739845 -0.14643435]
  [-0.10969023 -0.68845046 -0.2688602 ]]]