[[[-0.02585926  0.5883719   0.16324936]
  [ 0.07212993  0.20098273 -0.02610118]
  [-0.05609058 -0.20615654 -0.09040347]
  [ 0.05497221 -0.26324403  0.10595296]
  [ 0.15283749  0.14358422  0.17730318]
  [ 0.15736718  0.51841414  0.42482877]
  [-0.01389471 -0.08199054 -0.18958674]
  [-0.09907568 -0.3228589  -0.20326458]
  [-0.02127039 -0.58204454 -0.20731695]
  [ 0.08155528 -0.6308452   0.04288387]
  [ 0.03504908 -0.41612074  0.2036565 ]
  [ 0.12823257 -0.2000131   0.28881422]
  [ 0.0555304  -0.66641665 -0.1061876 ]
  [ 0.0993801  -0.8571946  -0.16181035]
  [ 0.09822094 -0.74317944 -0.25722358]
  [ 0.13257708 -0.78622365 -0.23278114]
  [ 0.06803539 -0.7902985  -0.23429617]
  [ 0.16615254 -0.7855276  -0.13917102]
  [ 0.02890027 -0.7972471  -0.14776829]]]