[[[ 1.78204149e-01  4.95539218e-01  9.21756104e-02]
  [ 1.85102791e-01  1.04948767e-01  5.80198225e-03]
  [ 2.93266550e-02 -2.36303031e-01 -9.43290293e-02]
  [-2.99255457e-02 -2.70784646e-01  1.20308012e-01]
  [ 5.36440909e-02  1.15303710e-01  1.64859921e-01]
  [ 5.99198416e-03  5.16419351e-01  2.09134415e-01]
  [ 3.98747981e-01 -1.03394020e+00 -2.67143846e-01]
  [ 2.30661169e-01 -8.64076674e-01 -2.47646153e-01]
  [ 8.28789845e-02 -7.11040139e-01 -1.14268526e-01]
  [-3.31227407e-02 -6.57190084e-01  1.14707194e-01]
  [-9.14615914e-02 -4.71784085e-01  2.88992286e-01]
  [ 1.05589330e-01 -3.94726574e-01  3.74976754e-01]
  [ 3.03272624e-02 -7.29051530e-01  1.02521665e-03]
  [-3.45795304e-02 -9.09832895e-01  1.33521752e-02]
  [ 1.16262399e-01 -8.93638909e-01  2.54254509e-03]
  [ 7.04723746e-02 -9.11735237e-01  3.80582511e-02]
  [ 6.45247623e-02 -9.07565713e-01 -2.63931733e-02]
  [ 5.35388850e-03 -8.50992322e-01  8.47593695e-02]
  [-9.04017501e-03 -8.46904993e-01 -5.53408563e-02]]]