[[[ 0.3341028   0.51704764  0.25420016]
  [ 0.21005234  0.14493747  0.09172165]
  [ 0.04390942 -0.18244663 -0.08813511]
  [-0.0345499  -0.25228006  0.11154822]
  [ 0.03402685  0.14366232  0.22300625]
  [-0.05409119  0.5347665   0.3841163 ]
  [ 0.28032777 -0.3901782   0.04365171]
  [ 0.13674945 -0.34016657 -0.14068992]
  [-0.01332708 -0.53389716 -0.21673603]
  [-0.13973662 -0.5723638   0.0033599 ]
  [-0.1359341  -0.34971768  0.13794236]
  [ 0.05271031 -0.27162573  0.24805883]
  [-0.08746363 -0.6123122  -0.12679528]
  [-0.15011321 -0.7877987  -0.17344804]
  [-0.01965278 -0.738889   -0.2182039 ]
  [-0.04509585 -0.780828   -0.18617402]
  [-0.07451796 -0.7496033  -0.23362   ]
  [-0.08920893 -0.76306224 -0.1023804 ]
  [-0.14846607 -0.70453393 -0.20380366]]]