[[[ 3.02981567e-02  4.95941192e-01  2.87906021e-01]
  [-8.08220506e-02  1.32801965e-01  1.53965622e-01]
  [-5.95467985e-02 -2.67780572e-01  1.04203895e-01]
  [ 3.21549624e-02 -2.25374803e-01 -9.35112908e-02]
  [ 2.48663966e-02  1.65465698e-01  3.58615583e-03]
  [ 1.15652055e-01  5.49311817e-01  1.01948015e-01]
  [-1.05297687e-02 -3.87580127e-01  4.41220820e-01]
  [ 7.06452280e-02 -5.13702691e-01  2.59447306e-01]
  [-6.33692369e-04 -6.78979516e-01  8.98412913e-02]
  [ 2.83794887e-02 -6.89298511e-01 -1.43040508e-01]
  [ 1.27800211e-01 -5.16154289e-01 -2.99351990e-01]
  [ 1.25102192e-01 -4.02507961e-01 -5.01125753e-01]
  [-1.50902187e-02 -7.33133852e-01 -2.20120046e-02]
  [-1.61334127e-02 -9.23974454e-01  1.46441413e-02]
  [-1.45124510e-01 -8.46880138e-01  5.04899547e-02]
  [-1.22906573e-01 -8.90892029e-01  1.60680506e-02]
  [-9.39229131e-02 -8.71378720e-01  7.10390136e-02]
  [-6.12196401e-02 -8.77554595e-01 -6.25028163e-02]
  [-1.53205451e-03 -8.38917792e-01  5.65280765e-02]]]