[[[-0.00348464  0.50388616  0.20681006]
  [-0.0428538   0.07925299  0.23928803]
  [ 0.08911445 -0.3004332   0.0833747 ]
  [-0.09880732 -0.26722762 -0.05718942]
  [-0.0642633   0.14747912  0.03842423]
  [ 0.05976051  0.5618607   0.02948096]
  [ 0.07884707 -0.27278975  0.2975531 ]
  [ 0.15409109 -0.47613055  0.15394914]
  [ 0.09923021 -0.7314613   0.05594087]
  [-0.12433272 -0.7177103  -0.14787671]
  [-0.17187807 -0.44892666 -0.20693776]
  [-0.22766212 -0.23779105 -0.07558107]
  [-0.02202282 -0.802405   -0.04001523]
  [-0.04193523 -1.0349784  -0.03061141]
  [-0.01218327 -0.9446378   0.09287871]
  [-0.05452406 -0.9826363   0.06392671]
  [ 0.01072882 -0.9833629   0.04776939]
  [-0.1171028  -0.9595252  -0.01931433]
  [ 0.02875602 -0.9636658  -0.05317235]]]