[[[-0.4028983   0.27542907  0.11913791]
  [-0.41916627 -0.13269573  0.00376869]
  [-0.02081355 -0.2789406   0.13915333]
  [ 0.04528116 -0.19658083 -0.09345813]
  [-0.33982944 -0.35616827 -0.09713758]
  [-0.60962176 -0.06283765  0.05049069]
  [ 0.21823686 -0.8383044   0.08809676]
  [ 0.05296504 -0.76709044  0.24697626]
  [ 0.24321818 -0.613429    0.13648443]
  [ 0.3577122  -0.54310864 -0.0890826 ]
  [ 0.23103616 -0.6195047  -0.307895  ]
  [ 0.25686944 -0.7347327  -0.09602058]
  [ 0.3064489  -0.6009593   0.02850587]
  [ 0.3123479  -0.79993355 -0.00263152]
  [ 0.18119033 -0.71817756 -0.02429805]
  [ 0.22402288 -0.74725616 -0.05317702]
  [ 0.21002626 -0.7561949   0.01145523]
  [ 0.32384217 -0.72132844 -0.06564613]
  [ 0.2917773  -0.73683363  0.07704879]]]