[[[-0.16118422  0.13796894  0.76235384]
  [-0.11161368  0.05734237  0.33718324]
  [-0.09582584 -0.13823986 -0.02847165]
  [ 0.10308506 -0.24716473  0.02117216]
  [ 0.16271113  0.00235801  0.34902453]
  [ 0.16967131  0.09006836  0.7793087 ]
  [-0.3201675  -0.19317216 -0.43715155]
  [-0.39007455 -0.27613574 -0.22887944]
  [-0.18995681 -0.4342684  -0.2753686 ]
  [ 0.05215562 -0.5096479  -0.23237234]
  [ 0.22711158 -0.38046688 -0.08022447]
  [ 0.18995781 -0.24884763 -0.26104784]
  [-0.07900164 -0.5108074  -0.2884036 ]
  [-0.14088595 -0.6658815  -0.33385998]
  [-0.10569482 -0.57753754 -0.44866812]
  [-0.09156638 -0.62857145 -0.42317975]
  [-0.14998727 -0.6022424  -0.4196211 ]
  [-0.05148154 -0.6312972  -0.33731747]
  [-0.17132542 -0.58245355 -0.33035037]]]