[[[-0.0728016   0.6077036   0.2576386 ]
  [-0.10341522  0.20665959  0.01306808]
  [-0.12250584 -0.24328482  0.04448321]
  [ 0.11206805 -0.23566411 -0.02503555]
  [ 0.09360431  0.21035792  0.05083635]
  [ 0.15266614  0.5879394   0.33639657]
  [-0.24861105 -0.13105804  0.09021433]
  [-0.17649981 -0.38274035  0.15892169]
  [-0.14249197 -0.64281654  0.04358377]
  [ 0.09364966 -0.6417272  -0.12265918]
  [ 0.1657168  -0.36456645 -0.1433704 ]
  [ 0.05904295 -0.146616   -0.25209174]
  [-0.04063714 -0.710848   -0.05890409]
  [-0.0836408  -0.9178235  -0.06892205]
  [-0.18733539 -0.8105141  -0.09366655]
  [-0.1572577  -0.85872364 -0.11851025]
  [-0.16247895 -0.8510622  -0.05335016]
  [-0.06112137 -0.8563072  -0.14862558]
  [-0.07594421 -0.843223   -0.0087937 ]]]