[[[-0.58297455  0.03810783  0.22134191]
  [-0.3751115  -0.28673908  0.06040092]
  [ 0.01412198 -0.27127075  0.13507691]
  [ 0.03291933 -0.19793682 -0.10418307]
  [-0.35409313 -0.25850624 -0.0940534 ]
  [-0.5935074   0.06709848  0.02967959]
  [-0.04146921 -0.2010809   0.3019415 ]
  [ 0.09859612 -0.40129998  0.25754243]
  [ 0.09159084 -0.6262082   0.12149158]
  [ 0.11872511 -0.6098238  -0.15888056]
  [ 0.12691398 -0.35009024 -0.21695493]
  [-0.02924178 -0.15685084 -0.22257291]
  [ 0.08429677 -0.6784969  -0.01882562]
  [ 0.04015628 -0.88261676  0.0017093 ]
  [-0.07188862 -0.77602875 -0.00271778]
  [-0.0472681  -0.8210344  -0.03332198]
  [-0.04041472 -0.81356066  0.0320145 ]
  [ 0.04315467 -0.82346827 -0.07946572]
  [ 0.0568229  -0.80400413  0.06351176]]]