[[[ 2.19548151e-01  4.87984240e-01  4.16115448e-02]
  [ 1.24668010e-01  9.97975618e-02  2.12944239e-01]
  [ 1.16418853e-01 -2.90667415e-01  3.24488133e-02]
  [-1.26964301e-01 -2.75572658e-01 -8.51240708e-04]
  [-1.23478636e-01  1.39942795e-01  1.02858320e-01]
  [-8.09360668e-02  5.59979439e-01 -1.59333535e-02]
  [ 2.62412608e-01 -2.07003847e-01  9.07368809e-02]
  [ 2.35749871e-01 -4.61111754e-01  3.45261395e-02]
  [ 1.26101553e-01 -7.24374831e-01  4.84302267e-02]
  [-1.70639351e-01 -7.31435537e-01 -2.14794017e-02]
  [-2.81196296e-01 -4.86509979e-01 -1.04634598e-01]
  [-2.23911136e-01 -3.10016096e-01  6.98592290e-02]
  [-3.15558985e-02 -8.01613867e-01  3.13242748e-02]
  [-8.59118327e-02 -1.02531028e+00  4.28217016e-02]
  [-7.75219649e-02 -9.37546611e-01  1.73806280e-01]
  [-1.15568601e-01 -9.66572821e-01  1.31467417e-01]
  [-5.07514626e-02 -9.83483255e-01  1.38466850e-01]
  [-1.38729215e-01 -9.35065269e-01  3.40832770e-02]
  [ 5.30391932e-03 -9.73356545e-01  4.83182445e-02]]]