[[[-0.29376101  0.18562408  0.7266821 ]
  [-0.10630462  0.09143402  0.32627374]
  [-0.03407554 -0.09285694 -0.05548329]
  [ 0.06133141 -0.28171524  0.0560826 ]
  [ 0.09164018 -0.03398243  0.401248  ]
  [-0.02928962  0.02499241  0.83483744]
  [-0.01315228 -0.31074739 -0.7202569 ]
  [-0.11274832 -0.18756482 -0.5382921 ]
  [-0.10271998 -0.37834582 -0.3581836 ]
  [-0.00115884 -0.5354154  -0.19556376]
  [ 0.08055739 -0.5758399   0.05658852]
  [ 0.28733516 -0.48188895  0.0103707 ]
  [-0.05278411 -0.48795897 -0.30723426]
  [-0.11552087 -0.6239354  -0.3977938 ]
  [ 0.0248213  -0.5838206  -0.42694014]
  [-0.00708921 -0.62774634 -0.40449005]
  [-0.02848943 -0.5875869  -0.45002016]
  [-0.05701186 -0.6155839  -0.32598737]
  [-0.10149352 -0.5381585  -0.41805506]]]