[[[ 0.15882996  0.5665576   0.14833236]
  [ 0.14591238  0.14848177  0.09743245]
  [ 0.09316175 -0.244128   -0.04340179]
  [-0.09182008 -0.21841064  0.08406396]
  [ 0.07641536  0.15227246  0.16701965]
  [ 0.10693488  0.57703626  0.19963396]
  [ 0.2286863  -0.25231805  0.0737634 ]
  [ 0.12487558 -0.40092212 -0.08848619]
  [-0.00512645 -0.61822903 -0.11960339]
  [-0.21686462 -0.5648267   0.01201924]
  [-0.13069995 -0.32357454  0.04753913]
  [ 0.01705288 -0.17721775  0.16284376]
  [-0.12503551 -0.65740424 -0.05869532]
  [-0.1450456  -0.8526544  -0.10505932]
  [-0.05910201 -0.8046093   0.00775256]
  [-0.10779943 -0.8364394  -0.00462737]
  [-0.05968501 -0.82687604 -0.04646991]
  [-0.18988277 -0.7982579  -0.03927062]
  [-0.09048249 -0.78161514 -0.12416317]]]