[[[ 0.09920022  0.5209193   0.34178892]
  [ 0.05916466  0.20090124  0.06086798]
  [-0.07762276 -0.17641035 -0.0695537 ]
  [ 0.07331502 -0.2555247   0.08385089]
  [ 0.26793113  0.10583596  0.03883487]
  [ 0.2729087   0.42758584  0.32303974]
  [-0.29865596 -0.32795548 -0.24909835]
  [-0.3209039  -0.35813773 -0.02542523]
  [-0.20036764 -0.55855256 -0.11324753]
  [ 0.02946131 -0.61445034 -0.02136304]
  [ 0.14126    -0.38908133  0.00667436]
  [ 0.08100984 -0.4054441  -0.2107393 ]
  [-0.09053496 -0.6341122  -0.09062749]
  [-0.1376461  -0.80139834 -0.14728588]
  [-0.07838513 -0.7038751  -0.24120072]
  [-0.06955017 -0.75571465 -0.21628058]
  [-0.12738322 -0.7305227  -0.22486195]
  [-0.05132267 -0.7666495  -0.12375695]
  [-0.17182513 -0.71711683 -0.14301303]]]