[[[-0.2118907   0.3956179   0.5551199 ]
  [-0.10361657  0.16461626  0.20085545]
  [-0.07604457 -0.15812165 -0.06533612]
  [ 0.08842152 -0.2546026   0.06582747]
  [ 0.11949788  0.09558164  0.29035243]
  [ 0.05241385  0.29777175  0.6760308 ]
  [-0.09982838 -0.23585057 -0.35483274]
  [-0.25911245 -0.2629432  -0.18566206]
  [-0.13956603 -0.4884308  -0.23804237]
  [ 0.06776558 -0.577351   -0.09863763]
  [ 0.14659423 -0.39414948  0.07711536]
  [ 0.20145714 -0.36006853 -0.14147459]
  [-0.03793184 -0.58672446 -0.20318836]
  [-0.09182204 -0.7536302  -0.2648721 ]
  [-0.01218893 -0.67025834 -0.358674  ]
  [-0.01119556 -0.72112393 -0.32842597]
  [-0.06541735 -0.69219863 -0.3471481 ]
  [-0.00601251 -0.72367316 -0.23365077]
  [-0.1177182  -0.6678754  -0.27256086]]]