[[[ 0.34191403  0.43374154  0.3891829 ]
  [ 0.22329956  0.10228119  0.15518461]
  [ 0.04732266 -0.17792052 -0.08798376]
  [-0.03967493 -0.2591483   0.10505379]
  [ 0.0397659   0.12088633  0.25653577]
  [-0.04129171  0.5026025   0.44110897]
  [ 0.35568678 -0.3041793  -0.04090327]
  [ 0.168734   -0.34627342 -0.19403714]
  [-0.01236459 -0.5279785  -0.24166493]
  [-0.12769614 -0.56931233 -0.01789299]
  [-0.11861549 -0.3450684   0.11634773]
  [-0.00939392 -0.19368207  0.264239  ]
  [-0.07971586 -0.60801417 -0.15185344]
  [-0.13912831 -0.7820439  -0.21694218]
  [-0.0442286  -0.6959119  -0.28780264]
  [-0.05043998 -0.7497312  -0.26501304]
  [-0.09946629 -0.71356714 -0.2838049 ]
  [-0.05580264 -0.7663248  -0.1692359 ]
  [-0.15621792 -0.69604075 -0.21437722]]]