[[[ 1.9936891e-02  4.3624014e-01 -1.4239614e-01]
  [-6.5765381e-02  3.2130167e-02 -3.0580863e-01]
  [-1.3368015e-01 -2.6504365e-01  1.4871414e-02]
  [ 1.1290507e-01 -2.7885044e-01  6.7715928e-02]
  [ 2.4163654e-01 -5.7583814e-03 -2.3291063e-01]
  [ 2.4005073e-01  4.4493669e-01 -1.7889345e-01]
  [-2.1301174e-01 -6.9225073e-01 -1.6507080e-01]
  [-2.9635090e-01 -4.7769397e-01 -5.5969499e-02]
  [-1.5612620e-01 -7.1250039e-01  1.6586073e-03]
  [ 1.4667119e-01 -7.1128643e-01  4.7515575e-02]
  [ 3.1426892e-01 -4.8434103e-01  3.3716902e-02]
  [ 2.8527263e-01 -6.9758177e-01 -9.8078221e-02]
  [-6.5642223e-04 -7.6618159e-01 -2.8928593e-03]
  [ 2.4202317e-03 -9.2857754e-01 -1.5691362e-01]
  [-4.6241730e-03 -7.7641827e-01 -1.8007500e-01]
  [ 3.0387908e-02 -8.2753807e-01 -1.8426555e-01]
  [-3.5692912e-02 -8.3138615e-01 -1.7685866e-01]
  [ 8.2633510e-02 -8.7749684e-01 -1.0868609e-01]
  [-6.8389826e-02 -8.8575035e-01 -9.3131587e-02]]]