[[[ 0.54671997  0.34693506  0.2801753 ]
  [ 0.27879557  0.09935749  0.05849683]
  [-0.04873287 -0.12467375 -0.07193691]
  [ 0.04263527 -0.28327265  0.05552588]
  [ 0.3031818   0.0154846   0.19157465]
  [ 0.50889075  0.2732488   0.47075763]
  [ 0.00554878 -0.10956503 -0.38716686]
  [-0.18734388 -0.21245745 -0.27272058]
  [-0.33224502 -0.3928098  -0.15996897]
  [-0.18913084 -0.5348742  -0.02408995]
  [-0.01700795 -0.36072445  0.05575644]
  [ 0.13564773 -0.17913559  0.0442172 ]
  [-0.29648617 -0.5055662  -0.10681511]
  [-0.42536673 -0.64533675 -0.13741137]
  [-0.39156476 -0.54123336 -0.2360166 ]
  [-0.39174137 -0.59956414 -0.2272521 ]
  [-0.43168882 -0.5594615  -0.19807665]
  [-0.3343587  -0.64053845 -0.16312301]
  [-0.41863745 -0.56466365 -0.10793655]]]