[[[-0.04872016  0.11536934 -0.45981476]
  [-0.23096983 -0.2913843  -0.3624208 ]
  [-0.1349028  -0.20332977  0.01158459]
  [ 0.09940582 -0.24702993  0.10922625]
  [ 0.3768887  -0.44431138 -0.01685689]
  [ 0.23196873 -0.08754618 -0.24435823]
  [ 0.0488889  -0.40382263 -0.23732418]
  [-0.2252958  -0.4355627  -0.15662232]
  [-0.26877433 -0.5931635   0.09067079]
  [ 0.01942673 -0.6353606   0.15136927]
  [ 0.10537617 -0.42604443 -0.02957124]
  [-0.07755674 -0.4301524  -0.24349329]
  [-0.14123881 -0.6645135   0.12953004]
  [-0.19189148 -0.84477174  0.03270529]
  [-0.19289371 -0.70085317 -0.01947947]
  [-0.16534995 -0.7548306  -0.02400929]
  [-0.22640398 -0.7481228   0.0035204 ]
  [-0.0969771  -0.79671085  0.04453932]
  [-0.23733664 -0.781619    0.10288146]]]