[[[-0.37804642  0.27603987  0.5995469 ]
  [-0.15537834  0.17156136  0.20964289]
  [-0.08229472 -0.15894549 -0.05893625]
  [ 0.09381907 -0.2629742   0.05760487]
  [ 0.08746681  0.07302557  0.33939356]
  [-0.00920173  0.227353    0.76807946]
  [-0.18813163 -0.46170405 -0.49326116]
  [-0.3257109  -0.3153366  -0.34841558]
  [-0.14665201 -0.50651544 -0.25965908]
  [ 0.07037131 -0.599813   -0.11007179]
  [ 0.24286139 -0.50020117  0.08934677]
  [ 0.2636503  -0.4874397  -0.14792241]
  [-0.03973264 -0.6021457  -0.21257398]
  [-0.09235795 -0.770865   -0.23193644]
  [ 0.00163897 -0.72830117 -0.34064037]
  [-0.00445145 -0.7646907  -0.29266042]
  [-0.05539588 -0.7437167  -0.3273671 ]
  [-0.00740691 -0.7310047  -0.20313124]
  [-0.1158269  -0.691124   -0.27294517]]]