[[[-0.00238683  0.5641636   0.22440651]
  [-0.08566362  0.18119118  0.06359315]
  [-0.10732217 -0.23593256  0.05637125]
  [ 0.08870697 -0.22902155 -0.0574003 ]
  [ 0.06875214  0.18305598  0.01309911]
  [ 0.13803096  0.58238494  0.15483215]
  [-0.23852246 -0.18517072  0.15226637]
  [-0.11505325 -0.39557815  0.16487283]
  [-0.1008797  -0.6325682   0.06463629]
  [ 0.02152739 -0.5992944  -0.16260491]
  [-0.04371152 -0.34739602 -0.12983242]
  [-0.21398652 -0.17699353 -0.11473832]
  [-0.05048035 -0.68511266 -0.06379656]
  [-0.10476322 -0.88788944 -0.08504748]
  [-0.18967703 -0.7715185  -0.12623855]
  [-0.15877865 -0.81807595 -0.14722078]
  [-0.18293893 -0.81550336 -0.08731388]
  [-0.06198125 -0.8241824  -0.14410341]
  [-0.11296763 -0.8209492  -0.02225998]]]