[[[ 0.02493365  0.52675086 -0.1136893 ]
  [ 0.12292253  0.12564857 -0.10947286]
  [-0.01392143 -0.25175518 -0.09967829]
  [ 0.01371659 -0.27180558  0.12288929]
  [ 0.04610779  0.12939201  0.17920732]
  [-0.10558888  0.48406202  0.34986734]
  [ 0.53677356 -0.74761975 -0.25732765]
  [ 0.30429724 -0.6494552  -0.2529456 ]
  [ 0.06475791 -0.6876631  -0.15112242]
  [ 0.03144536 -0.6830352   0.12837254]
  [ 0.14407286 -0.5302458   0.314895  ]
  [ 0.35285017 -0.50363487  0.44108543]
  [ 0.04687646 -0.7415057  -0.01715262]
  [ 0.06420802 -0.95294225 -0.0367226 ]
  [ 0.15485227 -0.85473084 -0.10442946]
  [ 0.15116677 -0.8989949  -0.06268576]
  [ 0.10624954 -0.891907   -0.10905527]
  [ 0.11074626 -0.88976806  0.03049423]
  [ 0.01371615 -0.878805   -0.07454388]]]