[[[-0.54155445  0.17128868 -0.513005  ]
  [-0.24714074 -0.05866958 -0.29094383]
  [-0.10817009 -0.25955522 -0.00335886]
  [ 0.1064757  -0.20224053  0.06889218]
  [ 0.26210544  0.07182259 -0.14727338]
  [ 0.46407738  0.4560393  -0.23188427]
  [-0.29932877 -0.37053338 -0.13462064]
  [-0.27525038 -0.40627417  0.10167313]
  [-0.10200931 -0.6045157   0.08207674]
  [ 0.16134284 -0.60865957  0.12975928]
  [ 0.34089136 -0.41329387  0.15972866]
  [ 0.3535823  -0.36446458 -0.07475153]
  [ 0.02909742 -0.6582735   0.09132186]
  [ 0.01004296 -0.84050053  0.10968112]
  [ 0.00127913 -0.7859031  -0.03148779]
  [ 0.03288209 -0.822045    0.00412528]
  [-0.02911159 -0.8062749   0.01615778]
  [ 0.0905659  -0.79211795  0.07830094]
  [-0.04315079 -0.7616403   0.10140274]]]