[[[-0.01145417  0.4751163   0.393718  ]
  [-0.08971022  0.10053387  0.21579124]
  [-0.0341648  -0.2951453   0.11654982]
  [ 0.01736017 -0.23610157 -0.10436749]
  [-0.04984138  0.15568699  0.01737095]
  [-0.00727781  0.54983413  0.16830371]
  [-0.08659659 -0.21647468  0.3277462 ]
  [-0.05594917 -0.44833735  0.22927926]
  [-0.12823322 -0.6693076   0.08693328]
  [-0.10827327 -0.6510116  -0.19466032]
  [ 0.01124112 -0.4109035  -0.22416112]
  [ 0.01124061 -0.1643004  -0.20349549]
  [-0.16552715 -0.71678865 -0.05751249]
  [-0.334812   -0.8643539  -0.02620868]
  [-0.31462893 -0.72518885  0.03136879]
  [-0.34851164 -0.7593086  -0.0069011 ]
  [-0.31175074 -0.78591454  0.04045636]
  [-0.32020098 -0.7925197  -0.09966996]
  [-0.24348363 -0.85023403  0.00648656]]]