[[[-2.61439234e-01  3.81481051e-01 -4.04407769e-01]
  [-1.86924219e-01 -4.48240265e-02 -3.16803306e-01]
  [-1.21482059e-01 -2.76095092e-01  4.41036932e-02]
  [ 1.22861989e-01 -2.30819732e-01  3.02700438e-02]
  [ 4.00627777e-02  8.66353326e-03 -3.16841573e-01]
  [-1.21272057e-01  4.12088752e-01 -4.27889436e-01]
  [ 2.30580326e-02 -8.35088730e-01  1.08429559e-01]
  [-2.26148203e-01 -8.74348879e-01  8.01113173e-02]
  [-3.03027574e-02 -7.18614638e-01  1.80755854e-01]
  [ 2.21383840e-01 -6.67910695e-01  1.46979168e-01]
  [ 4.14115906e-01 -7.21854448e-01 -3.29484306e-02]
  [ 2.18084872e-01 -8.17672253e-01  8.79621729e-02]
  [ 9.72711965e-02 -7.18737006e-01  1.56782746e-01]
  [ 1.26997828e-01 -9.12301004e-01  8.14689919e-02]
  [ 6.20810129e-02 -7.99985945e-01 -4.99062240e-04]
  [ 1.11833125e-01 -8.34808528e-01  6.67856634e-03]
  [ 5.37252426e-02 -8.51588964e-01  3.28612328e-02]
  [ 1.86070740e-01 -8.26670945e-01  7.73444250e-02]
  [ 5.52245155e-02 -8.64321470e-01  1.36048317e-01]]]