[[[ 3.13789472e-02  5.60370088e-01  1.36664420e-01]
  [-1.60017554e-02  1.52501568e-01 -3.13681960e-02]
  [-1.15301177e-01 -2.77774155e-01 -3.24363932e-02]
  [ 1.08843744e-01 -2.94349283e-01  5.33340573e-02]
  [ 7.00211450e-02  1.43047810e-01  1.21422857e-01]
  [-1.28848553e-01  3.89885247e-01  4.38708037e-01]
  [-6.69255912e-01 -5.09199381e-01  7.48156919e-04]
  [-4.22256410e-01 -5.72750807e-01  5.88964336e-02]
  [-2.01741219e-01 -7.47745991e-01 -4.97228466e-03]
  [ 1.07069299e-01 -7.59821594e-01 -2.47334875e-03]
  [ 2.09765747e-01 -4.98175561e-01  4.83334064e-02]
  [ 1.66151568e-01 -2.81430900e-01 -8.53954628e-02]
  [-5.13007119e-02 -8.21595848e-01 -3.60758677e-02]
  [-8.08956698e-02 -1.03472793e+00 -1.30326584e-01]
  [-8.10239986e-02 -9.02015805e-01 -2.13243380e-01]
  [-4.94910404e-02 -9.55644965e-01 -1.97394922e-01]
  [-1.15259074e-01 -9.49556649e-01 -1.86072841e-01]
  [ 6.06867671e-03 -9.74630892e-01 -1.10470474e-01]
  [-1.42362878e-01 -9.62744355e-01 -8.39285627e-02]]]