[[[-0.17572385  0.43375784  0.5493369 ]
  [-0.10611253  0.16512638  0.1994897 ]
  [-0.09573945 -0.17928888 -0.05367239]
  [ 0.10440474 -0.24343318  0.05760475]
  [ 0.10432521  0.13243629  0.25836474]
  [ 0.08203365  0.40357178  0.61749125]
  [-0.3354623  -0.31561777 -0.38099384]
  [-0.3436256  -0.3371117  -0.14233905]
  [-0.1759162  -0.54304814 -0.17231636]
  [ 0.06700967 -0.6169784  -0.08878422]
  [ 0.21885262 -0.4475369   0.05752293]
  [ 0.2954201  -0.3512179  -0.14328508]
  [-0.06194868 -0.6269225  -0.16249566]
  [-0.11892173 -0.7959999  -0.21168008]
  [-0.08146039 -0.70259094 -0.3239677 ]
  [-0.06636588 -0.75399125 -0.29757738]
  [-0.12629807 -0.7290302  -0.29520866]
  [-0.02796178 -0.7592363  -0.20827767]
  [-0.15345    -0.7102246  -0.20472124]]]