[[[-0.2572658   0.29541582  0.65266603]
  [-0.12309453  0.1291135   0.25983426]
  [-0.0846878  -0.15425189 -0.05500319]
  [ 0.09635156 -0.26060656  0.05215449]
  [ 0.09979845  0.04282025  0.35074696]
  [ 0.03732505  0.20156595  0.76788735]
  [-0.18477686 -0.2773974  -0.41863355]
  [-0.33919865 -0.29885408 -0.23425719]
  [-0.1616064  -0.5001319  -0.25123072]
  [ 0.07330226 -0.5841214  -0.14341694]
  [ 0.22613877 -0.4641944   0.04807258]
  [ 0.20185846 -0.31986544 -0.13650215]
  [-0.04636199 -0.5882074  -0.23027508]
  [-0.07688869 -0.76283103 -0.27909675]
  [-0.04028732 -0.6696431  -0.39072916]
  [-0.02219575 -0.7182779  -0.3607236 ]
  [-0.08452911 -0.7008676  -0.36498794]
  [ 0.00801439 -0.7147115  -0.2689282 ]
  [-0.12182167 -0.68286103 -0.27850342]]]