[[[-0.43335277  0.2627917   0.5846454 ]
  [-0.1929066   0.10300856  0.24709111]
  [-0.04301641 -0.12829895 -0.07474308]
  [ 0.07197678 -0.26728702  0.07902592]
  [ 0.002025    0.00953865  0.38914436]
  [-0.17983574  0.13924587  0.7757423 ]
  [-0.04377101 -0.42753935 -0.58888054]
  [-0.19702706 -0.3077916  -0.4501543 ]
  [-0.07969366 -0.48734927 -0.2962858 ]
  [ 0.06431879 -0.5873544  -0.11339496]
  [ 0.19007206 -0.5722597   0.12195449]
  [ 0.3354008  -0.48921767 -0.04015024]
  [-0.00467612 -0.5768175  -0.22686967]
  [-0.06004465 -0.7340308  -0.27072412]
  [ 0.07532981 -0.69925493 -0.32636905]
  [ 0.04766993 -0.73526585 -0.28815237]
  [ 0.01901728 -0.7106564  -0.3407005 ]
  [ 0.00505106 -0.70230407 -0.20962596]
  [-0.05478433 -0.65484226 -0.31595233]]]