[[[-0.59462255  0.12694663  0.01799501]
  [-0.39954796 -0.22374761 -0.06465518]
  [-0.04868165 -0.27230006  0.11769672]
  [ 0.0795564  -0.18910119 -0.07093948]
  [-0.28561124 -0.1574284  -0.24821673]
  [-0.41709015  0.21933481 -0.15038186]
  [-0.1222186  -0.32010603  0.18596093]
  [ 0.05679896 -0.36956593  0.32069266]
  [ 0.1127665  -0.5822764   0.19954437]
  [ 0.29921317 -0.5692352   0.01431583]
  [ 0.36960894 -0.33188373 -0.05330908]
  [ 0.22670819 -0.2768489  -0.22446643]
  [ 0.19357154 -0.63040453  0.10221571]
  [ 0.17563821 -0.8238259   0.1298625 ]
  [ 0.06249134 -0.7439731   0.06274218]
  [ 0.10199824 -0.78580916  0.05250937]
  [ 0.08043425 -0.7702075   0.11233708]
  [ 0.20188251 -0.7748139   0.04780737]
  [ 0.15270051 -0.73957425  0.17516543]]]