[[[-0.29688913  0.5489123   0.11545699]
  [-0.11894817  0.1843386   0.00348125]
  [-0.01063732 -0.20311698 -0.10180126]
  [ 0.04364647 -0.22527751  0.11441028]
  [-0.07276996  0.15909593  0.1946936 ]
  [-0.3161677   0.43782592  0.40751168]
  [ 0.01507088 -0.361259   -0.38321987]
  [-0.10353799 -0.39745116 -0.19101885]
  [-0.003915   -0.61099374 -0.11869472]
  [ 0.11904594 -0.5925344   0.09800839]
  [ 0.09992983 -0.34668672  0.1655465 ]
  [ 0.28823805 -0.24036077  0.1021347 ]
  [ 0.07773553 -0.6591825  -0.0186576 ]
  [ 0.09025832 -0.846709   -0.03976423]
  [ 0.19775157 -0.7600859  -0.09515004]
  [ 0.18686655 -0.8015839  -0.05463537]
  [ 0.1529969  -0.7949066  -0.10862055]
  [ 0.13116612 -0.78680927  0.02079009]
  [ 0.06345441 -0.77544683 -0.0893288 ]]]