[[[-0.02796006  0.5652429   0.1164645 ]
  [-0.01985138  0.16965653 -0.01636129]
  [-0.09183925 -0.24071361 -0.05636384]
  [ 0.0937819  -0.2539358   0.06135448]
  [ 0.07360442  0.15977758  0.05226709]
  [ 0.05058065  0.5663679   0.16209285]
  [ 0.04905296 -0.25918162 -0.11477283]
  [-0.14343046 -0.40196335 -0.07232645]
  [-0.14214161 -0.6514826  -0.08254385]
  [ 0.08642271 -0.67204374  0.05435785]
  [ 0.072749   -0.42408514  0.11204693]
  [ 0.03998066 -0.21634263 -0.00194851]
  [-0.02770106 -0.72964525 -0.02804111]
  [-0.06026231 -0.92402244 -0.00660713]
  [-0.0933848  -0.8572507  -0.13808629]
  [-0.05947865 -0.900849   -0.11138904]
  [-0.11349736 -0.87700635 -0.0838547 ]
  [ 0.02128776 -0.8838183  -0.05452031]
  [-0.09678768 -0.83811045  0.00187816]]]