[[[-0.10862142  0.5195833   0.01254824]
  [ 0.0054448   0.1429882  -0.01873012]
  [ 0.0355474  -0.24789134 -0.09408408]
  [-0.02344616 -0.26980743  0.12125462]
  [-0.0706192   0.12315261  0.11291442]
  [-0.17816135  0.50618863  0.11907504]
  [ 0.07775054 -0.31014895 -0.41535756]
  [ 0.07497731 -0.50199795 -0.27785623]
  [ 0.17756602 -0.665932   -0.1219648 ]
  [ 0.17990692 -0.6684636   0.14398147]
  [ 0.2382411  -0.46264717  0.27688524]
  [ 0.43289092 -0.33713898  0.3080588 ]
  [ 0.20469168 -0.7141066   0.01218027]
  [ 0.27235806 -0.89888304 -0.00629327]
  [ 0.35697582 -0.79937     0.07637272]
  [ 0.31966767 -0.84727705  0.0790571 ]
  [ 0.35329273 -0.83127457  0.02505565]
  [ 0.22158314 -0.8478207   0.06257467]
  [ 0.29320797 -0.8137237  -0.05528424]]]