[[[-0.07276672  0.5236622   0.37456697]
  [ 0.06108157  0.189495    0.13226259]
  [ 0.00306688 -0.16613942 -0.09580034]
  [ 0.01263008 -0.27045104  0.11340093]
  [ 0.1162125   0.11039574  0.2544878 ]
  [ 0.00643714  0.4518726   0.50851864]
  [ 0.12304643 -0.2364615  -0.33585083]
  [-0.10748117 -0.28756756 -0.3599038 ]
  [-0.07188115 -0.5276507  -0.2648809 ]
  [-0.03168516 -0.6058463  -0.01734318]
  [-0.03732249 -0.3906746   0.13392624]
  [ 0.16265939 -0.31706902  0.04314497]
  [-0.04396978 -0.62191397 -0.1631539 ]
  [-0.05167752 -0.8001758  -0.23453029]
  [ 0.06596068 -0.71284693 -0.26087278]
  [ 0.04934689 -0.76227677 -0.23361845]
  [ 0.01833372 -0.7378439  -0.28419873]
  [-0.00846496 -0.7640305  -0.15711424]
  [-0.07102649 -0.71507984 -0.26269245]]]