[[[-0.74554384 -0.12640099  0.29565257]
  [-0.39426026 -0.23380286  0.11397837]
  [-0.0155872  -0.29897267  0.05897719]
  [ 0.03234248 -0.11431494 -0.05836538]
  [-0.3699655  -0.08656955 -0.04707137]
  [-0.7183038   0.10326388  0.07709448]
  [ 0.01458838 -0.46271625 -0.02668235]
  [ 0.09037396 -0.34653533  0.13405588]
  [ 0.26169312 -0.4716184   0.04560801]
  [ 0.3950361  -0.3582781  -0.09285066]
  [ 0.3687442  -0.12202917 -0.12899505]
  [ 0.26272222 -0.22469975 -0.27757668]
  [ 0.3400164  -0.45872986 -0.02839466]
  [ 0.40808982 -0.60787356  0.01001948]
  [ 0.26286688 -0.6027514  -0.03057141]
  [ 0.31186986 -0.6290488  -0.04534042]
  [ 0.2984019  -0.6067908   0.01382372]
  [ 0.38954514 -0.5805066  -0.07794235]
  [ 0.3588216  -0.5417149   0.04031198]]]