[[[ 0.0038073   0.2539241  -0.38453954]
  [-0.04077629 -0.21078786 -0.4118323 ]
  [-0.14553061 -0.25044388  0.01975034]
  [ 0.11570281 -0.25979045  0.10128646]
  [ 0.2934789  -0.19217193 -0.30057356]
  [ 0.23294552  0.2818418  -0.28351924]
  [-0.445798   -0.1619381  -0.12463421]
  [-0.3993193  -0.42331123 -0.01038943]
  [-0.17564234 -0.64276755 -0.05285634]
  [ 0.15636641 -0.6537043  -0.0276207 ]
  [ 0.37690988 -0.43491185 -0.01786957]
  [ 0.3499533  -0.25359893 -0.23720038]
  [-0.01016762 -0.6992239  -0.0746065 ]
  [-0.02686967 -0.85667485 -0.23194088]
  [-0.05426956 -0.7030303  -0.25265908]
  [-0.01594389 -0.7507873  -0.265749  ]
  [-0.07872371 -0.7607626  -0.24178159]
  [ 0.05995558 -0.7958566  -0.20431599]
  [-0.08567351 -0.8193934  -0.15168443]]]