[[[-0.22113383  0.45803106  0.4267806 ]
  [-0.07728135  0.16717786  0.16135475]
  [ 0.00890262 -0.1411184  -0.09041579]
  [ 0.02235922 -0.26685733  0.10513274]
  [-0.05985697  0.07595181  0.2953095 ]
  [-0.21378094  0.38109055  0.54854995]
  [ 0.04469335 -0.04207454 -0.18899544]
  [ 0.03410017 -0.25123957 -0.29013568]
  [ 0.1760321  -0.45917016 -0.26644462]
  [ 0.17833453 -0.55630505 -0.04028444]
  [ 0.00923022 -0.43654937  0.1149701 ]
  [ 0.04096429 -0.23475134  0.21368854]
  [ 0.21577792 -0.5473565  -0.17239222]
  [ 0.3027445  -0.67979884 -0.2720373 ]
  [ 0.38247758 -0.5880965  -0.18553737]
  [ 0.36814302 -0.6440888  -0.19126767]
  [ 0.37202424 -0.60237515 -0.24006067]
  [ 0.2792174  -0.6738915  -0.18291351]
  [ 0.28842765 -0.59195155 -0.27996132]]]