[[[-0.07288907  0.4591576   0.53534144]
  [-0.08145148  0.1681819   0.20322967]
  [-0.10625554 -0.18129215 -0.03821897]
  [ 0.10899735 -0.23886438  0.04120438]
  [ 0.15264392  0.14520647  0.21186861]
  [ 0.20048907  0.44816077  0.5356522 ]
  [-0.5921688  -0.33811152 -0.2546938 ]
  [-0.38998514 -0.38864905 -0.12440707]
  [-0.184169   -0.5549765  -0.14996979]
  [ 0.06115574 -0.60700107 -0.09459578]
  [ 0.19160587 -0.4344064   0.06165791]
  [ 0.3434135  -0.25657448  0.00616871]
  [-0.06937926 -0.6238432  -0.15594034]
  [-0.12212496 -0.7930902  -0.20164606]
  [-0.128358   -0.6883511  -0.30926418]
  [-0.10265613 -0.7398315  -0.29478836]
  [-0.15965089 -0.7209369  -0.2709289 ]
  [-0.03779311 -0.7490938  -0.22297513]
  [-0.15707289 -0.71217674 -0.17580965]]]