[[[-0.6905588   0.06257554  0.3360798 ]
  [-0.3015396  -0.0301884   0.22856523]
  [ 0.03791659 -0.08594427  0.00773877]
  [-0.00546547 -0.3044525   0.03483705]
  [-0.26287785 -0.08944392  0.26303342]
  [-0.65671504 -0.04815897  0.39981532]
  [ 0.5815817  -0.45788947  0.00169669]
  [ 0.5177226  -0.24223748  0.0136866 ]
  [ 0.39844728 -0.3008024  -0.16592783]
  [ 0.2989723  -0.44142267 -0.13651112]
  [ 0.07855299 -0.4643398  -0.04707664]
  [ 0.20986286 -0.59917915  0.03990708]
  [ 0.38099512 -0.3901316  -0.15777656]
  [ 0.5113569  -0.47308007 -0.23334174]
  [ 0.4762541  -0.50986713 -0.09180278]
  [ 0.47380456 -0.5307283  -0.14623311]
  [ 0.5200689  -0.4918066  -0.12371721]
  [ 0.42734325 -0.48493212 -0.21218757]
  [ 0.51493454 -0.41125205 -0.17019442]]]