[[[-0.21458504  0.40188998  0.5627362 ]
  [-0.10253693  0.16812906  0.2018831 ]
  [-0.08268683 -0.16382122 -0.06028429]
  [ 0.09342892 -0.2604362   0.06242697]
  [ 0.09844103  0.08142827  0.3129992 ]
  [ 0.03489981  0.31131935  0.69291604]
  [-0.16396956 -0.29266018 -0.38250232]
  [-0.34780592 -0.31489295 -0.22898793]
  [-0.16640696 -0.5133943  -0.22709736]
  [ 0.05816511 -0.6026228  -0.09597996]
  [ 0.21233243 -0.4784527   0.09278234]
  [ 0.19861141 -0.3885133  -0.12240924]
  [-0.05761304 -0.6086609  -0.19085898]
  [-0.10006043 -0.7867953  -0.22370182]
  [-0.04087723 -0.7131647  -0.34008154]
  [-0.03128537 -0.7580636  -0.30155784]
  [-0.09056968 -0.737315   -0.31727782]
  [-0.01350904 -0.74366605 -0.2079392 ]
  [-0.13767058 -0.70454955 -0.23993568]]]