[[[-0.3120981   0.20560199  0.7113049 ]
  [-0.17919326  0.06823062  0.3016839 ]
  [-0.11194161 -0.1880945  -0.01920688]
  [ 0.11409387 -0.22022867  0.00635367]
  [ 0.11864759  0.12426952  0.2653175 ]
  [ 0.15852842  0.3485462   0.6572    ]
  [-0.37680805 -0.374425   -0.18299264]
  [-0.29374182 -0.39803913  0.04178071]
  [-0.15495741 -0.5560238  -0.12562391]
  [ 0.11281653 -0.5602665  -0.1568335 ]
  [ 0.26321054 -0.3550864  -0.05826061]
  [ 0.11308204 -0.2556613  -0.20962548]
  [-0.02475615 -0.6135238  -0.16872391]
  [-0.01595213 -0.78457284 -0.15118408]
  [-0.05622488 -0.74634373 -0.28929752]
  [-0.01318406 -0.77373534 -0.2575943 ]
  [-0.07479935 -0.76972085 -0.23739903]
  [ 0.04418072 -0.72512966 -0.19947179]
  [-0.08069536 -0.72166955 -0.15688041]]]