[[[-0.00271173  0.14447814 -0.54641366]
  [-0.04399043 -0.28904596 -0.43492252]
  [-0.12727946 -0.23003682 -0.00079604]
  [ 0.10484122 -0.23718505  0.0951788 ]
  [ 0.33293092 -0.23529491 -0.29114157]
  [ 0.3303849   0.20573825 -0.43553472]
  [-0.65765536 -0.7438718   0.31010234]
  [-0.58438945 -0.4917249   0.2656926 ]
  [-0.29954973 -0.49250886  0.3151083 ]
  [-0.02024923 -0.5271764   0.38696966]
  [ 0.26150122 -0.54361075  0.32496634]
  [ 0.06182921 -0.7073221   0.30101505]
  [-0.1758953  -0.54973215  0.35291278]
  [-0.25413564 -0.7476886   0.33710665]
  [-0.2268243  -0.6529689   0.21978319]
  [-0.20975715 -0.7037934   0.24765822]
  [-0.26925746 -0.67731863  0.2581293 ]
  [-0.15631574 -0.71260273  0.33468646]
  [-0.28933334 -0.65498364  0.3574328 ]]]