[[[-2.52122730e-01  4.82553065e-01  1.61792204e-01]
  [-2.46834785e-01  8.65872651e-02  3.32393013e-02]
  [-6.10219985e-02 -2.56360292e-01  1.13029666e-01]
  [ 5.32071479e-02 -2.36143708e-01 -8.91632959e-02]
  [-7.96884298e-03  1.72838628e-01 -6.02304228e-02]
  [ 1.24745809e-01  5.55647075e-01  6.68520182e-02]
  [ 5.17849927e-04 -3.16132218e-01  5.02198100e-01]
  [ 6.53159171e-02 -4.62009847e-01  3.24480057e-01]
  [-4.77369614e-02 -6.30416274e-01  1.55938968e-01]
  [-6.39091134e-02 -6.97857738e-01 -1.02074146e-01]
  [-1.71827704e-01 -6.64783239e-01 -3.36863697e-01]
  [-4.06890541e-01 -6.22815907e-01 -3.43895614e-01]
  [-8.09179395e-02 -7.06119239e-01  3.23660150e-02]
  [-1.56171605e-01 -8.95144403e-01  4.84272800e-02]
  [-2.43845642e-01 -7.82083750e-01 -2.59422511e-03]
  [-2.13629708e-01 -8.32082212e-01 -1.81895718e-02]
  [-2.33422369e-01 -8.20630014e-01  4.28432487e-02]
  [-1.16171896e-01 -8.41249883e-01 -2.24187002e-02]
  [-1.57926276e-01 -8.17372918e-01  1.08747542e-01]]]