[[[ 0.06379254  0.45248604  0.4152479 ]
  [ 0.08881357  0.20916617  0.06308793]
  [-0.05744292 -0.1625057  -0.08265644]
  [ 0.05584249 -0.26283216  0.09346782]
  [ 0.26551577  0.08758187  0.16205958]
  [ 0.20808314  0.39738828  0.46282858]
  [-0.16393864 -0.14438194 -0.41596958]
  [-0.26883948 -0.26583576 -0.24272396]
  [-0.17245172 -0.5061541  -0.20666811]
  [-0.01393009 -0.61209255 -0.03151015]
  [ 0.13989335 -0.47941905  0.13667002]
  [ 0.32671252 -0.41747555  0.01352148]
  [-0.09549697 -0.60642046 -0.14777298]
  [-0.1277055  -0.77731264 -0.22265406]
  [-0.04497745 -0.6771902  -0.2945358 ]
  [-0.04285489 -0.7301566  -0.26951683]
  [-0.09669398 -0.7049364  -0.29333004]
  [-0.05299535 -0.74382657 -0.17540753]
  [-0.16266379 -0.69358605 -0.2266089 ]]]