[[[-0.0849968   0.39417735  0.60011077]
  [-0.09210366  0.1435375   0.23995285]
  [-0.11249244 -0.18285055 -0.02235756]
  [ 0.11234132 -0.23669389  0.02190831]
  [ 0.15764499  0.13598788  0.2108979 ]
  [ 0.20866446  0.41845334  0.5471537 ]
  [-0.4298921  -0.27652943 -0.1579798 ]
  [-0.35457346 -0.38911083  0.03578429]
  [-0.20443772 -0.5518482  -0.10790724]
  [ 0.05605736 -0.5968856  -0.11458311]
  [ 0.19745775 -0.39909953 -0.00404963]
  [ 0.16240034 -0.27172095 -0.19369501]
  [-0.08723956 -0.624679   -0.14200787]
  [-0.1374294  -0.8024297  -0.17160997]
  [-0.15441026 -0.7064524  -0.28521812]
  [-0.12529749 -0.7551875  -0.2686605 ]
  [-0.18244283 -0.7381453  -0.24421279]
  [-0.05762481 -0.75437367 -0.20042402]
  [-0.17643923 -0.7228965  -0.15050772]]]