[[[-2.3906516e-01  5.0661576e-01  3.3191758e-01]
  [-1.7108849e-01  1.5062146e-01  1.0896770e-01]
  [-1.1426814e-01 -2.3855862e-01 -1.0349851e-02]
  [ 1.1548003e-01 -2.2704363e-01  1.0693565e-02]
  [ 9.1275342e-02  1.7584062e-01  9.7906612e-02]
  [ 9.4692752e-02  5.6977284e-01  2.6671833e-01]
  [-3.3739707e-01 -2.0680702e-01  7.7490322e-02]
  [-2.0966040e-01 -4.1503543e-01  7.6480210e-02]
  [-1.2031923e-01 -6.2630194e-01 -5.0841834e-02]
  [ 1.3696872e-01 -6.1647022e-01 -1.2065829e-01]
  [ 1.7559713e-01 -3.5820371e-01 -1.4475979e-01]
  [ 7.8369051e-02 -2.0365617e-01 -2.9990062e-01]
  [ 4.3079937e-03 -6.8504965e-01 -1.0697822e-01]
  [-1.5499040e-02 -8.8424736e-01 -1.1089819e-01]
  [-3.5692438e-02 -8.0771828e-01 -2.4134010e-01]
  [ 6.7172572e-05 -8.4741598e-01 -2.1326293e-01]
  [-6.2535383e-02 -8.3870518e-01 -1.9741195e-01]
  [ 5.7909518e-02 -8.2482594e-01 -1.3796209e-01]
  [-7.2459728e-02 -8.0949551e-01 -1.0448928e-01]]]