[[[-0.10188183  0.52511203  0.22639573]
  [-0.09743065  0.16648835 -0.04886024]
  [-0.12773761 -0.2723963   0.00105653]
  [ 0.11222501 -0.30420858  0.03860648]
  [ 0.20130478  0.09938737 -0.12287675]
  [ 0.14165017  0.4671744   0.13082436]
  [ 0.04172344 -0.34530985 -0.19709389]
  [-0.20334041 -0.41105676 -0.1025303 ]
  [-0.23636362 -0.690435   -0.03591598]
  [ 0.05269353 -0.7606984   0.05748204]
  [ 0.16470237 -0.4997517   0.12774482]
  [ 0.23160283 -0.27122304  0.00663714]
  [-0.10699856 -0.80353576 -0.00891471]
  [-0.18033855 -1.0163901  -0.08076578]
  [-0.1740805  -0.88827705 -0.1692178 ]
  [-0.15016557 -0.94605625 -0.15769663]
  [-0.2098094  -0.92826825 -0.13255832]
  [-0.07949829 -0.972364   -0.08289215]
  [-0.21743344 -0.9342715  -0.0273211 ]]]