[[[-0.7654948   0.0740083   0.13678215]
  [-0.36047542 -0.00983651  0.07376511]
  [ 0.0204337  -0.10408051 -0.06157027]
  [ 0.01838764 -0.2601907   0.10229743]
  [-0.3425038  -0.05053518  0.13889599]
  [-0.7571275   0.03041167  0.13939098]
  [ 0.29266462 -0.01949128  0.0280513 ]
  [ 0.26561773 -0.12233055 -0.17446887]
  [ 0.34530315 -0.34489614 -0.21127103]
  [ 0.32137945 -0.46068305 -0.03569136]
  [ 0.12650484 -0.39442283  0.11013545]
  [ 0.16702202 -0.25398296  0.2697595 ]
  [ 0.3749087  -0.42191625 -0.14122702]
  [ 0.49485722 -0.49616843 -0.24828503]
  [ 0.54001296 -0.3858297  -0.15338066]
  [ 0.55029535 -0.44230643 -0.16528822]
  [ 0.53217447 -0.39805323 -0.20920767]
  [ 0.4797942  -0.50696236 -0.15887403]
  [ 0.44947985 -0.42259103 -0.24285561]]]