[[[-0.3740602   0.15952075  0.6708128 ]
  [-0.18220693  0.106676    0.26917195]
  [-0.07534689 -0.14434163 -0.05773303]
  [ 0.09177808 -0.2657784   0.06184974]
  [ 0.02581598 -0.00154517  0.39114007]
  [-0.10138529  0.13855879  0.80387026]
  [-0.12307404 -0.43574148 -0.59517145]
  [-0.26134458 -0.31856894 -0.4331324 ]
  [-0.09976438 -0.49055284 -0.296772  ]
  [ 0.08614499 -0.5915126  -0.12427069]
  [ 0.22835192 -0.607389    0.10627318]
  [ 0.33557755 -0.46692944 -0.04823942]
  [-0.00860014 -0.5862276  -0.2297872 ]
  [-0.08040646 -0.72492456 -0.19049436]
  [ 0.0043202  -0.7498062  -0.3120857 ]
  [-0.00159981 -0.76363176 -0.25423148]
  [-0.05173023 -0.7455112  -0.29214507]
  [ 0.01441605 -0.69947064 -0.18364725]
  [-0.09233917 -0.66373205 -0.25951052]]]