[[[-0.3930443   0.41573563  0.37270084]
  [-0.20434809  0.12821385  0.13250434]
  [-0.04548736 -0.18212059 -0.09084454]
  [ 0.07181296 -0.24438305  0.0923299 ]
  [-0.0359901   0.07590018  0.31240475]
  [-0.17210183  0.3274352   0.62610203]
  [-0.2302581  -0.2240247  -0.37808764]
  [-0.16339064 -0.42066547 -0.26307234]
  [ 0.04191808 -0.56460786 -0.2516473 ]
  [ 0.19204766 -0.58506304 -0.06230518]
  [ 0.15582103 -0.4106159   0.12281639]
  [ 0.21769735 -0.20533033  0.21643212]
  [ 0.14349739 -0.6105069  -0.18841824]
  [ 0.16107394 -0.77016646 -0.2627663 ]
  [ 0.22378258 -0.6545121  -0.33747318]
  [ 0.23639634 -0.70576507 -0.31082594]
  [ 0.17847575 -0.69234824 -0.33559316]
  [ 0.22864646 -0.71972626 -0.21512718]
  [ 0.11136325 -0.69408685 -0.2691648 ]]]