[[[ 5.9137791e-02  4.7637466e-01  2.1083055e-01]
  [-4.8614666e-02  7.6119557e-02  2.3913233e-01]
  [ 6.3449293e-02 -3.0258778e-01  9.2813410e-02]
  [-7.9201996e-02 -2.3800321e-01 -7.2188154e-02]
  [-3.8685650e-02  1.5933681e-01  4.3660060e-02]
  [ 1.3401142e-01  5.4358327e-01  7.1711130e-02]
  [ 1.1287056e-01 -3.2434836e-01  3.2366601e-01]
  [ 1.3356540e-01 -5.0045288e-01  1.4713165e-01]
  [ 8.3080586e-04 -7.1241146e-01  4.2099480e-02]
  [-1.9713944e-01 -6.6866142e-01 -1.6872181e-01]
  [-3.2350177e-01 -4.4386899e-01 -2.5623453e-01]
  [-4.7320768e-01 -3.4760004e-01 -8.8588752e-02]
  [-1.2085884e-01 -7.5372660e-01 -5.8460616e-02]
  [-2.0489731e-01 -9.6346146e-01 -5.4544739e-02]
  [-1.6544381e-01 -8.8080579e-01  6.8757102e-02]
  [-2.1226642e-01 -9.0669262e-01  3.6484160e-02]
  [-1.4961445e-01 -9.2617220e-01  2.8633393e-02]
  [-2.5322500e-01 -8.7191892e-01 -5.2565787e-02]
  [-1.1643077e-01 -9.1839707e-01 -6.7856617e-02]]]