[[[-0.55429584  0.31947377  0.29049754]
  [-0.3301213   0.03341378  0.09097507]
  [-0.08307227 -0.27241653  0.02515199]
  [ 0.09082339 -0.13655055 -0.03367972]
  [-0.23090306  0.1109121  -0.03456774]
  [-0.4482556   0.44322714  0.09374242]
  [-0.17261623 -0.5455717  -0.10558843]
  [-0.12389538 -0.46766317  0.09024408]
  [ 0.08703531 -0.5723881   0.02078684]
  [ 0.29022238 -0.4802481  -0.0735788 ]
  [ 0.29638714 -0.22876143 -0.098125  ]
  [ 0.17006849 -0.2581411  -0.26888964]
  [ 0.19736934 -0.5786371  -0.03353714]
  [ 0.20784956 -0.7648931  -0.02932191]
  [ 0.11153956 -0.6934332  -0.11742292]
  [ 0.15545915 -0.73044044 -0.12107699]
  [ 0.11588702 -0.72513723 -0.07074458]
  [ 0.24370119 -0.7063856  -0.09180176]
  [ 0.1626592  -0.6991814   0.0045268 ]]]