[[[-0.07740778  0.6091234   0.11141863]
  [-0.0010285   0.19194485 -0.0103938 ]
  [-0.02700982 -0.22426167 -0.10242058]
  [ 0.0477338  -0.24940783  0.12817813]
  [-0.09089558  0.15286393  0.1829656 ]
  [-0.3018147   0.52180606  0.32315356]
  [-0.20515135 -0.1776116  -0.3101565 ]
  [-0.12852368 -0.41165265 -0.23802666]
  [ 0.03041472 -0.6265092  -0.18687755]
  [ 0.14559808 -0.6544687   0.0628908 ]
  [ 0.16378018 -0.4283539   0.21559227]
  [ 0.28846714 -0.20941748  0.2274256 ]
  [ 0.11679345 -0.6955989  -0.07769216]
  [ 0.1729463  -0.8874178  -0.12658104]
  [ 0.27837867 -0.78043836 -0.09800446]
  [ 0.25131083 -0.83068097 -0.07655616]
  [ 0.2533287  -0.8159866  -0.14031892]
  [ 0.15916273 -0.8359467  -0.04412849]
  [ 0.1616761  -0.80529326 -0.17963801]]]