[[[-8.96291509e-02  5.04554033e-01  4.09856588e-01]
  [-5.39996587e-02  1.82413369e-01  1.11139886e-01]
  [-8.93033743e-02 -2.11473554e-01 -6.90137297e-02]
  [ 9.31234211e-02 -2.55439669e-01  7.65785351e-02]
  [ 1.50342658e-01  1.62939832e-01  7.70217478e-02]
  [ 1.94388017e-01  5.74910283e-01  2.38707319e-01]
  [ 1.73566699e-01 -2.66464502e-01 -4.55244690e-01]
  [-4.66264561e-02 -3.57092500e-01 -3.66023391e-01]
  [-6.42228574e-02 -5.90662658e-01 -2.26424813e-01]
  [ 6.66915029e-02 -6.55743778e-01 -6.31958246e-04]
  [ 3.21657322e-02 -4.72979516e-01  1.98248297e-01]
  [ 1.23191603e-01 -2.53594816e-01  2.65024215e-01]
  [ 1.22619504e-02 -6.77640378e-01 -1.40514672e-01]
  [ 2.42055487e-03 -8.62433076e-01 -2.26984531e-01]
  [ 1.04099542e-01 -7.61978626e-01 -2.79806018e-01]
  [ 9.79333967e-02 -8.15267622e-01 -2.50708282e-01]
  [ 5.12097254e-02 -7.90092289e-01 -2.89411098e-01]
  [ 6.43897802e-02 -8.25860083e-01 -1.57848641e-01]
  [-3.39671448e-02 -7.74648249e-01 -2.41074190e-01]]]