[[[-0.5876276   0.06958342  0.468205  ]
  [-0.30353475 -0.01723065  0.18043584]
  [-0.04357594 -0.1690507  -0.09616485]
  [ 0.06266106 -0.22323917  0.10412462]
  [-0.27905372 -0.04668244  0.22742505]
  [-0.60807365  0.11381613  0.42442155]
  [ 0.4523434  -0.07572639 -0.4904008 ]
  [ 0.2612963  -0.17765126 -0.41842103]
  [ 0.36143234 -0.30904678 -0.25298482]
  [ 0.43372566 -0.31790504 -0.0718234 ]
  [ 0.4151005  -0.26663643  0.16973245]
  [ 0.519742   -0.07993343  0.11267698]
  [ 0.43425643 -0.3163868  -0.17918226]
  [ 0.5711396  -0.37992936 -0.280621  ]
  [ 0.59640855 -0.24353586 -0.2141415 ]
  [ 0.61503136 -0.29981428 -0.21373594]
  [ 0.5899811  -0.26880962 -0.2660261 ]
  [ 0.5562155  -0.3740187  -0.18861319]
  [ 0.50939554 -0.31395215 -0.292255  ]]]