[[[-0.26655054  0.51092935  0.13118526]
  [-0.11181268  0.15264185  0.00867412]
  [-0.01023104 -0.23005703 -0.1034217 ]
  [ 0.03323265 -0.2546201   0.1200361 ]
  [-0.10239642  0.12350625  0.16948706]
  [-0.27417207  0.4833995   0.27452886]
  [-0.10380251 -0.2501529  -0.32788306]
  [-0.04895617 -0.4625141  -0.23181559]
  [ 0.11347504 -0.64402896 -0.17446779]
  [ 0.23194554 -0.6441865   0.05324191]
  [ 0.320584   -0.41984272  0.13993368]
  [ 0.4757698  -0.27274916  0.03731052]
  [ 0.1981382  -0.6906706  -0.07110664]
  [ 0.2612566  -0.8691902  -0.12334419]
  [ 0.36473215 -0.7675622  -0.06923807]
  [ 0.33391303 -0.8179337  -0.05631208]
  [ 0.3468535  -0.79815376 -0.11756468]
  [ 0.23673932 -0.8236065  -0.04062875]
  [ 0.2618456  -0.7822761  -0.16976283]]]