[[[-0.36011708  0.4174884  -0.15154721]
  [-0.1603892   0.07624033 -0.23180494]
  [-0.08907276 -0.2429527  -0.0450551 ]
  [ 0.0998082  -0.193111    0.06832833]
  [ 0.09027602  0.14540072 -0.11658354]
  [ 0.00409009  0.5218547   0.0150731 ]
  [ 0.10648403 -0.53066117 -0.38900173]
  [-0.06389636 -0.42828646 -0.28444543]
  [ 0.03619027 -0.58290696 -0.13226335]
  [ 0.24520811 -0.538841   -0.0233539 ]
  [ 0.3156681  -0.30879992  0.02774439]
  [ 0.27646306 -0.24278308 -0.18030754]
  [ 0.15201284 -0.603448   -0.0910387 ]
  [ 0.22223853 -0.76842135 -0.13559969]
  [ 0.16586648 -0.6794534  -0.23763666]
  [ 0.21548997 -0.70473146 -0.221873  ]
  [ 0.15726149 -0.72781247 -0.20772235]
  [ 0.26170105 -0.6834452  -0.13917242]
  [ 0.14288127 -0.7316473  -0.116644  ]]]