[[[ 0.00889094  0.5373241   0.14569929]
  [ 0.01314209  0.16400312 -0.09790591]
  [-0.10860623 -0.2559036  -0.04858021]
  [ 0.10067168 -0.27731073  0.08390073]
  [ 0.17522623  0.16076662  0.03819366]
  [-0.06124381  0.30625755  0.38158125]
  [-0.47205734 -0.22526991 -0.17260718]
  [-0.3393355  -0.43547654 -0.0899567 ]
  [-0.16788833 -0.6659807  -0.12238341]
  [ 0.09707482 -0.7284409   0.00154033]
  [ 0.21729667 -0.5482862   0.1824154 ]
  [ 0.3485955  -0.36013973  0.06937251]
  [-0.02566077 -0.75335735 -0.10281774]
  [ 0.00370877 -0.9341772  -0.2363423 ]
  [ 0.03684266 -0.7885692  -0.27437785]
  [ 0.05967777 -0.8445691  -0.25850245]
  [-0.00229798 -0.83751583 -0.28072715]
  [ 0.06309073 -0.8865381  -0.16626087]
  [-0.07491917 -0.87094235 -0.21446906]]]