[[[-0.5549234  -0.29076654  0.674188  ]
  [-0.27852613 -0.13245018  0.340344  ]
  [-0.06981562 -0.10430672 -0.03827751]
  [ 0.09768964 -0.2566093   0.04400924]
  [-0.00949828 -0.14178392  0.4500628 ]
  [-0.20046347 -0.292096    0.8423799 ]
  [-0.11011922 -0.31345072 -0.72303   ]
  [-0.20677404 -0.21990472 -0.51810724]
  [-0.05619265 -0.38645154 -0.37521604]
  [ 0.13038407 -0.49176273 -0.25253716]
  [ 0.30866838 -0.5208654  -0.04944602]
  [ 0.43154716 -0.36448964 -0.17814879]
  [ 0.0420857  -0.46656808 -0.34496737]
  [-0.00879482 -0.6025804  -0.42592475]
  [ 0.11362783 -0.5383567  -0.48598695]
  [ 0.0946557  -0.58795005 -0.45902684]
  [ 0.05641073 -0.55049324 -0.49572882]
  [ 0.06541068 -0.5855804  -0.36871874]
  [-0.01345486 -0.5141938  -0.44339293]]]