[[[-1.6272683e-01  5.6424218e-01 -1.0161038e-04]
  [ 4.2050537e-02  1.6599941e-01 -5.5771995e-02]
  [-2.3648463e-02 -2.6594123e-01 -1.0471402e-01]
  [ 2.9168416e-02 -2.7027327e-01  1.3285628e-01]
  [ 9.8389789e-02  1.5183574e-01  8.3329223e-02]
  [-6.6205233e-02  5.4719901e-01  2.4231417e-01]
  [ 2.2866149e-01 -2.2874583e-01 -2.6165521e-01]
  [ 3.4938954e-02 -3.9962453e-01 -2.8517121e-01]
  [ 1.5924038e-01 -6.3532382e-01 -1.8393022e-01]
  [ 1.9892973e-01 -6.6795969e-01  1.1415970e-01]
  [ 7.1976051e-02 -4.6505171e-01  2.6876760e-01]
  [ 2.2672012e-01 -2.6579699e-01  2.3463637e-01]
  [ 2.2661722e-01 -7.0629084e-01 -4.3424323e-02]
  [ 3.5081816e-01 -8.8826680e-01 -7.1391113e-02]
  [ 4.1382271e-01 -7.4885237e-01 -6.8445981e-02]
  [ 4.0568277e-01 -8.0315137e-01 -3.7494838e-02]
  [ 3.9588353e-01 -7.9803669e-01 -1.0311106e-01]
  [ 3.2274240e-01 -8.3310282e-01  1.2452893e-02]
  [ 3.0164295e-01 -8.2323998e-01 -1.3399979e-01]]]