[[[-2.3595168e-01  5.7995832e-01  9.3900366e-04]
  [-1.1871709e-01  1.7435578e-01 -9.4697610e-02]
  [-9.9538669e-02 -2.4129458e-01 -3.7701175e-02]
  [ 1.1065364e-01 -1.9318764e-01  5.1963244e-02]
  [-1.3765524e-04  1.9091697e-01 -7.3542155e-02]
  [-9.7133957e-02  6.1736619e-01 -3.7914146e-02]
  [-2.0948936e-01 -1.6405894e-01 -2.2172591e-01]
  [-1.7949098e-01 -3.4778917e-01 -6.1838333e-02]
  [-5.8360942e-02 -5.7902020e-01 -7.4368864e-02]
  [ 1.9926722e-01 -5.5732369e-01 -4.9744029e-02]
  [ 2.0799059e-01 -2.9185885e-01 -5.4454491e-02]
  [ 1.4468326e-01 -9.9395044e-02 -1.9056776e-01]
  [ 7.2983518e-02 -6.2646759e-01 -8.1531279e-02]
  [ 5.6734286e-02 -8.1045818e-01 -1.5086463e-01]
  [ 3.0509364e-02 -6.8921554e-01 -2.3337948e-01]
  [ 6.6271491e-02 -7.3568654e-01 -2.2929530e-01]
  [ 6.3818544e-03 -7.3378479e-01 -2.0515060e-01]
  [ 1.3037066e-01 -7.4872380e-01 -1.5677631e-01]
  [ 6.1295629e-03 -7.4589139e-01 -1.1120311e-01]]]