[[[-0.5290757   0.3892001   0.23440875]
  [-0.29978332  0.08998977  0.05097217]
  [-0.10214844 -0.24894276  0.02521496]
  [ 0.11477558 -0.16398945 -0.00243088]
  [-0.07759171  0.05060934 -0.25798905]
  [-0.19296248  0.4451857  -0.33361846]
  [-0.30224904 -0.2717276  -0.03794236]
  [-0.16924128 -0.3886145   0.09743333]
  [-0.02150954 -0.57452714  0.03266497]
  [ 0.21763821 -0.54809034 -0.01204758]
  [ 0.35939592 -0.3432413   0.0164393 ]
  [ 0.35972327 -0.21523938 -0.16546296]
  [ 0.09661612 -0.60850126 -0.00253029]
  [ 0.11377088 -0.779986    0.00976955]
  [ 0.03431606 -0.72591573 -0.10430741]
  [ 0.08105329 -0.7572071  -0.0937904 ]
  [ 0.03086429 -0.7532199  -0.05417978]
  [ 0.15797558 -0.7221118  -0.04860138]
  [ 0.05276711 -0.7164754   0.02896957]]]