[[[-0.10505237  0.6148152  -0.01704847]
  [ 0.0351255   0.20302121 -0.00289235]
  [ 0.06492829 -0.21583658 -0.07988507]
  [-0.04471447 -0.2414361   0.11879402]
  [-0.00339424  0.17562667  0.16492769]
  [-0.1952308   0.56857455  0.20154521]
  [ 0.30999073 -0.51435286 -0.14043903]
  [ 0.12851056 -0.4197868  -0.26058507]
  [-0.00624913 -0.6184822  -0.1580261 ]
  [-0.13443898 -0.60753596  0.07644439]
  [-0.12977694 -0.37627944  0.20701349]
  [ 0.05482218 -0.44635314  0.32720053]
  [-0.07830966 -0.6750294  -0.04075735]
  [-0.1429372  -0.8548859  -0.06835876]
  [-0.0133044  -0.83667076  0.003525  ]
  [-0.0704099  -0.85434467  0.0099063 ]
  [-0.03953644 -0.8554559  -0.046585  ]
  [-0.14477134 -0.7945833   0.00675829]
  [-0.08173966 -0.7991259  -0.11096574]]]