[[[-0.06774981  0.16733554  0.69952494]
  [ 0.00294784 -0.10219919  0.3962238 ]
  [ 0.09942357 -0.23947725  0.03080676]
  [-0.11006492 -0.17456162 -0.01610861]
  [-0.13761526 -0.05023604  0.36280277]
  [-0.13970543  0.23050499  0.6669877 ]
  [-0.132717   -0.7663609  -0.41548368]
  [ 0.02173208 -0.6131087  -0.31323344]
  [ 0.12142876 -0.40094024 -0.3374402 ]
  [-0.03716666 -0.28087136 -0.40078852]
  [-0.27438965 -0.26755577 -0.43926716]
  [-0.4538771  -0.34370068 -0.56445014]
  [ 0.04990656 -0.34881538 -0.4028006 ]
  [ 0.07051702 -0.36830887 -0.58971465]
  [ 0.00509936 -0.46962854 -0.50683236]
  [-0.00500556 -0.4318589  -0.549396  ]
  [ 0.05090428 -0.45978457 -0.53975326]
  [ 0.00393476 -0.33971372 -0.5358069 ]
  [ 0.11553795 -0.395559   -0.5187648 ]]]