[[[-0.3197888   0.37438494  0.21128114]
  [-0.02223334  0.15380171  0.0021139 ]
  [-0.05217857 -0.27246118 -0.10091524]
  [ 0.04910755 -0.30669037  0.11864055]
  [ 0.09759214  0.10507191  0.13926017]
  [ 0.06081522  0.49930206  0.30730495]
  [-0.22260189 -0.30559474 -0.24154805]
  [-0.07822588 -0.5232575  -0.2457492 ]
  [ 0.12996101 -0.7017354  -0.2025473 ]
  [ 0.2015928  -0.7036479   0.0970571 ]
  [ 0.08669725 -0.50662696  0.26647258]
  [ 0.06684369 -0.27860332  0.38879514]
  [ 0.22111633 -0.75806296 -0.06229932]
  [ 0.35052663 -0.947519   -0.09551058]
  [ 0.4198314  -0.8104435  -0.05621531]
  [ 0.4013994  -0.86826634 -0.03645593]
  [ 0.40838417 -0.85297084 -0.10171591]
  [ 0.30497637 -0.90083116 -0.01171255]
  [ 0.31826133 -0.8681979  -0.16022602]]]