[[[ 0.2846597   0.54516906  0.06848577]
  [ 0.17532045  0.11861375 -0.02231994]
  [-0.01630157 -0.26563522 -0.10758673]
  [ 0.01359178 -0.29670563  0.14007781]
  [-0.0387876   0.13934049  0.16940852]
  [-0.32730588  0.479092    0.27221543]
  [ 0.11372077 -0.6008793  -0.34803972]
  [-0.1358805  -0.5550183  -0.3289902 ]
  [ 0.0105552  -0.7440671  -0.17005733]
  [ 0.08111106 -0.7446115   0.12735954]
  [ 0.06414317 -0.5381477   0.32774904]
  [ 0.27370086 -0.606545    0.20560619]
  [ 0.08466486 -0.7990673  -0.0297023 ]
  [ 0.18722583 -0.9973751  -0.06251247]
  [ 0.2683192  -0.86245656 -0.07762698]
  [ 0.25789866 -0.9146169  -0.04229312]
  [ 0.23919126 -0.9111446  -0.10682771]
  [ 0.17777605 -0.9336026   0.02345347]
  [ 0.13517173 -0.92774224 -0.12184072]]]