[[[-0.23697379  0.4125656   0.4555437 ]
  [-0.08506263  0.21370366  0.09435544]
  [-0.09988508 -0.19396088 -0.04892588]
  [ 0.10291418 -0.23688532  0.04590107]
  [ 0.13106103  0.17919767  0.13564922]
  [ 0.14634724  0.46138442  0.47908714]
  [-0.20063162 -0.1378987  -0.2023712 ]
  [-0.22132982 -0.35749704 -0.09095743]
  [-0.08526871 -0.5804458  -0.14740519]
  [ 0.15714169 -0.54163456 -0.04342639]
  [ 0.17292356 -0.28206792  0.03648166]
  [ 0.2693387  -0.10134579 -0.0927394 ]
  [ 0.05721222 -0.6226519  -0.11941756]
  [ 0.12281902 -0.8038587  -0.15113297]
  [ 0.08435096 -0.7185788  -0.26504183]
  [ 0.12978646 -0.7466016  -0.23995031]
  [ 0.06911545 -0.76520985 -0.23153305]
  [ 0.1673563  -0.71876585 -0.15669613]
  [ 0.04299045 -0.76088434 -0.14147988]]]