[[[-0.15923712  0.3073351   0.6331974 ]
  [-0.05982869  0.15225142  0.24391907]
  [-0.06242898 -0.1297409  -0.06898817]
  [ 0.08525061 -0.24515228  0.05815654]
  [ 0.05418416  0.09575886  0.30175757]
  [-0.03723573  0.33081177  0.6539061 ]
  [ 0.10070792 -0.26196778 -0.505302  ]
  [-0.08927389 -0.24785262 -0.36478597]
  [-0.13483898 -0.4711344  -0.25013685]
  [ 0.01736953 -0.564483   -0.08522906]
  [ 0.05261756 -0.41385418  0.12167016]
  [ 0.19394447 -0.23596808  0.13379224]
  [-0.06643283 -0.56216866 -0.196064  ]
  [-0.11191621 -0.7231639  -0.27261937]
  [-0.0809159  -0.60515904 -0.3539579 ]
  [-0.0635125  -0.65994567 -0.34461725]
  [-0.12328418 -0.63952863 -0.33544952]
  [-0.0261614  -0.68528223 -0.2613623 ]
  [-0.14615957 -0.6484914  -0.24818695]]]