[[[-0.25194722 -0.03238366  0.8538789 ]
  [-0.1401156  -0.07099725  0.39579123]
  [-0.11767037 -0.16810428 -0.0243441 ]
  [ 0.11977763 -0.22181068  0.01297557]
  [-0.08385488 -0.12768713  0.40093353]
  [-0.28163272 -0.03604439  0.824871  ]
  [-0.15082423  0.5627023  -0.4175016 ]
  [-0.10831533  0.28909698 -0.42071536]
  [ 0.02998726  0.05198004 -0.38891095]
  [ 0.19190584  0.08471087 -0.28817326]
  [ 0.04592492  0.31427455 -0.21770695]
  [-0.1385132   0.5011149  -0.2806774 ]
  [ 0.12964205  0.08353603 -0.3597948 ]
  [ 0.17467457  0.22075735 -0.48754433]
  [ 0.18042783  0.2555674  -0.33636007]
  [ 0.21450974  0.24782652 -0.38717952]
  [ 0.15077396  0.26849324 -0.3883858 ]
  [ 0.2233361   0.16082561 -0.43205765]
  [ 0.09799629  0.20026284 -0.43878496]]]