[[[-0.78082496 -0.05630916  0.08429898]
  [-0.37907207 -0.0727432   0.05289263]
  [ 0.01864857 -0.09228557 -0.03496045]
  [ 0.00902742 -0.27791008  0.08780136]
  [-0.36072814 -0.11245111  0.11237306]
  [-0.75765103 -0.02640458  0.14103663]
  [ 0.5802846  -0.26555845 -0.00161185]
  [ 0.44907993 -0.12415753 -0.10333463]
  [ 0.3887272  -0.32449552 -0.16679192]
  [ 0.32959342 -0.4542055  -0.06494136]
  [ 0.12728086 -0.49642462  0.05462706]
  [ 0.3001296  -0.5327255   0.15592645]
  [ 0.39772376 -0.4010532  -0.12291744]
  [ 0.53824097 -0.46005252 -0.20492424]
  [ 0.56073505 -0.39230332 -0.07018932]
  [ 0.5683072  -0.4437787  -0.09625824]
  [ 0.57173806 -0.3862394  -0.12587216]
  [ 0.49375266 -0.49065238 -0.13328555]
  [ 0.50304747 -0.3830827  -0.18848312]]]