[[[ 0.03655251  0.4154679   0.40652594]
  [-0.10060037  0.2009066   0.06488562]
  [-0.11004125 -0.2193508   0.05655998]
  [ 0.08915944 -0.2309896  -0.05758633]
  [ 0.15198606  0.17412226  0.06515116]
  [ 0.33351812  0.3951974   0.38992184]
  [-0.27787718 -0.16301525 -0.03636599]
  [-0.23201776 -0.3739587   0.0904863 ]
  [-0.15552852 -0.61192954 -0.00329824]
  [ 0.01240623 -0.5591042  -0.20248434]
  [-0.00349913 -0.28648502 -0.2040599 ]
  [-0.09389025 -0.05620477 -0.20448993]
  [-0.07720415 -0.6516251  -0.12456453]
  [-0.10760364 -0.84719145 -0.19107412]
  [-0.21417329 -0.7475441  -0.17111996]
  [-0.18616715 -0.77994037 -0.21193707]
  [-0.19006096 -0.7975893  -0.15027852]
  [-0.09384485 -0.7624007  -0.23722962]
  [-0.10390428 -0.80263466 -0.11188613]]]