[[[-0.25023302  0.49166277  0.28945544]
  [-0.11556492  0.17173284  0.05594407]
  [-0.07143196 -0.22255224 -0.07630377]
  [ 0.08776193 -0.21916763  0.08183274]
  [-0.02523959  0.17560866  0.09939002]
  [-0.17341232  0.49878564  0.32763457]
  [ 0.00971727 -0.5650811  -0.3117339 ]
  [-0.16990778 -0.491491   -0.19223198]
  [-0.01639406 -0.6512941  -0.10236415]
  [ 0.19512437 -0.6080127   0.008682  ]
  [ 0.20248532 -0.3761514  -0.04819368]
  [ 0.14523984 -0.50286055 -0.22507331]
  [ 0.09703454 -0.67609495 -0.05985451]
  [ 0.0902012  -0.8553736  -0.09388048]
  [ 0.08693285 -0.75675106 -0.20610157]
  [ 0.11792273 -0.80181444 -0.18385276]
  [ 0.05530674 -0.7928956  -0.17225434]
  [ 0.16927166 -0.79694265 -0.10078667]
  [ 0.03885669 -0.7815951  -0.08056693]]]