[[[ 0.08175463  0.5417357   0.16830793]
  [ 0.03122566  0.12282293  0.18754262]
  [ 0.08686399 -0.28205132  0.08294094]
  [-0.10052742 -0.24338245 -0.04873387]
  [-0.12832865  0.13067675  0.1216047 ]
  [-0.08267998  0.5545937   0.13484731]
  [ 0.0105696  -0.43084866  0.34203556]
  [ 0.1753423  -0.48118576  0.17284286]
  [ 0.05485169 -0.6981082   0.07344031]
  [-0.13177037 -0.6766424  -0.13762654]
  [-0.13839251 -0.43015075 -0.23985279]
  [-0.23098084 -0.42704755 -0.02321615]
  [-0.06086495 -0.75063586 -0.02372584]
  [-0.12255052 -0.95872205 -0.03457662]
  [-0.19120875 -0.8580222   0.05949799]
  [-0.1962207  -0.8909591   0.0074135 ]
  [-0.15337771 -0.906936    0.05477387]
  [-0.14953391 -0.87276024 -0.07970859]
  [-0.05573707 -0.9093385   0.02299751]]]