[[[ 0.06387256  0.3820082   0.21898666]
  [-0.1525593   0.03440367  0.27159187]
  [ 0.05780729 -0.29385948  0.10342784]
  [-0.06024156 -0.22847883 -0.08744116]
  [-0.13460101  0.1551972   0.06295077]
  [ 0.08139764  0.525324    0.06732528]
  [-0.00641909 -0.2823348   0.33603036]
  [ 0.07311685 -0.47046775  0.1898567 ]
  [-0.05090487 -0.681409    0.07549922]
  [-0.18939397 -0.6127022  -0.17062427]
  [-0.16705637 -0.3445552  -0.20849904]
  [-0.24096434 -0.18289974 -0.03670074]
  [-0.15256853 -0.7117746  -0.04695402]
  [-0.25835797 -0.90806234 -0.05022882]
  [-0.25806636 -0.8115677   0.06694847]
  [-0.2916856  -0.83708245  0.02227179]
  [-0.23536834 -0.8638624   0.0430064 ]
  [-0.28812823 -0.8144147  -0.0774302 ]
  [-0.16647893 -0.8749438  -0.03012499]]]