[[[-0.06005543  0.5027618   0.23280746]
  [-0.00464609  0.14211056  0.00562955]
  [-0.09716339 -0.27569747 -0.06623089]
  [ 0.08539547 -0.30527827  0.0914173 ]
  [ 0.16807555  0.11950042  0.07207481]
  [-0.04562381  0.3057697   0.39451778]
  [-0.07528535 -0.28711918 -0.31716108]
  [-0.23298827 -0.4513706  -0.19261134]
  [-0.19004478 -0.71485394 -0.10269781]
  [ 0.05092276 -0.81997216  0.06480003]
  [ 0.30766305 -0.90722847  0.10500827]
  [ 0.4616336  -1.0550871  -0.04407733]
  [-0.07641047 -0.82609475 -0.02749119]
  [-0.1129069  -1.0509338  -0.05342222]
  [-0.00503082 -0.97650015 -0.14129378]
  [-0.0163442  -1.0175328  -0.09333551]
  [-0.06406888 -1.0020435  -0.1375457 ]
  [-0.04265751 -0.99462223  0.00617188]
  [-0.15535988 -0.960892   -0.09357183]]]