[[[-0.10167497  0.551015    0.40791437]
  [ 0.07484512  0.20484729  0.18859749]
  [ 0.04747449 -0.1255047  -0.07491499]
  [-0.02168491 -0.27163735  0.08951519]
  [ 0.03622125  0.05597832  0.35786235]
  [-0.1744435   0.31837302  0.65672636]
  [ 0.27407312 -0.49881825 -0.5107013 ]
  [ 0.15161633 -0.30583417 -0.44152778]
  [-0.0531591  -0.42080954 -0.32804692]
  [-0.14858988 -0.52095854 -0.12151062]
  [-0.22344273 -0.4026451   0.10168681]
  [-0.02426374 -0.44939044  0.19880871]
  [-0.10884628 -0.5110403  -0.2516298 ]
  [-0.1961444  -0.6180153  -0.35439306]
  [-0.0564535  -0.65345216 -0.32733536]
  [-0.11098915 -0.6727855  -0.31954318]
  [-0.09314479 -0.63597775 -0.36839908]
  [-0.16970351 -0.625767   -0.2658752 ]
  [-0.13631293 -0.55591965 -0.3654394 ]]]