[[[-0.19476146  0.12091509  0.76048636]
  [-0.12159846  0.04470345  0.34000078]
  [-0.08660183 -0.12814249 -0.03492239]
  [ 0.09835968 -0.25438952  0.02978745]
  [ 0.14366361 -0.03090083  0.37449592]
  [ 0.11787847  0.03990552  0.8048245 ]
  [-0.24931942 -0.220496   -0.5465218 ]
  [-0.36527753 -0.24810886 -0.3438844 ]
  [-0.17482595 -0.41767722 -0.30244923]
  [ 0.04207944 -0.52141815 -0.22373815]
  [ 0.2291655  -0.45881706 -0.04676149]
  [ 0.27720973 -0.32064235 -0.21885793]
  [-0.07675083 -0.50475454 -0.2954786 ]
  [-0.15948515 -0.6475446  -0.3398327 ]
  [-0.08605313 -0.5833603  -0.45294106]
  [-0.08756257 -0.63210994 -0.42018062]
  [-0.13908505 -0.59572273 -0.43203405]
  [-0.06622766 -0.6299849  -0.3278303 ]
  [-0.1728149  -0.56019735 -0.35147145]]]