[[[-0.38354534  0.2163775   0.14033054]
  [-0.3286552  -0.08259445 -0.16156231]
  [-0.08918482 -0.23334405  0.0991431 ]
  [ 0.11906365 -0.18431684 -0.04914758]
  [-0.15816227 -0.13989672 -0.29605517]
  [-0.23823681  0.22831732 -0.09005556]
  [-0.5276507   0.04195382 -0.06296834]
  [-0.37634382 -0.17415223 -0.05557481]
  [-0.26989537 -0.41208023 -0.08070908]
  [-0.18102248 -0.38149762 -0.2785976 ]
  [-0.34580618 -0.18447228 -0.23704715]
  [-0.52487236 -0.00661574 -0.16768949]
  [-0.2388659  -0.4247175  -0.1953319 ]
  [-0.3957548  -0.49068847 -0.27433938]
  [-0.3596613  -0.34569225 -0.26638806]
  [-0.36836687 -0.38834086 -0.30423766]
  [-0.39639774 -0.3845687  -0.24593666]
  [-0.31038922 -0.46726832 -0.30927062]
  [-0.37048572 -0.46198082 -0.1902163 ]]]