[[[-4.3559272e-04  5.7669580e-01  3.1458944e-01]
  [-4.5447595e-02  1.7535052e-01  1.7708394e-01]
  [-8.9424483e-02 -2.2565848e-01  9.7254872e-02]
  [ 6.7046151e-02 -2.0303324e-01 -7.9293504e-02]
  [ 6.5113730e-03  2.0238799e-01 -3.2145128e-02]
  [ 6.1260752e-02  6.2067348e-01  4.8908852e-02]
  [-3.5058847e-01 -7.1346742e-01  3.1307137e-01]
  [-1.7562729e-01 -5.6220233e-01  3.5638130e-01]
  [-6.6660158e-02 -6.0526532e-01  1.2824616e-01]
  [ 3.8912307e-02 -6.6511291e-01 -5.5983316e-02]
  [ 9.7995333e-02 -8.0855477e-01 -2.5813800e-01]
  [-8.8574998e-02 -9.5080405e-01 -2.8258261e-01]
  [-2.7995478e-02 -6.6358852e-01  3.8626671e-02]
  [-4.3566242e-02 -8.1912792e-01  1.1864480e-01]
  [-1.6412438e-01 -7.8179342e-01  3.4678645e-02]
  [-1.2128049e-01 -8.2183230e-01  3.9216299e-02]
  [-1.4395043e-01 -7.8721726e-01  8.9368060e-02]
  [-2.6294667e-02 -8.0171108e-01  2.5120966e-02]
  [-7.4287847e-02 -7.3257148e-01  1.2995113e-01]]]