[[[-0.14131616  0.29540044  0.6649887 ]
  [-0.0928922   0.12372338  0.26904646]
  [-0.09525887 -0.15533823 -0.04231102]
  [ 0.10224097 -0.25146505  0.03897432]
  [ 0.14876187  0.06186919  0.30743513]
  [ 0.14683944  0.24322984  0.706633  ]
  [-0.32318795 -0.21034311 -0.4627011 ]
  [-0.37158293 -0.29720104 -0.24904001]
  [-0.1746664  -0.47076917 -0.26073068]
  [ 0.06314974 -0.55596924 -0.18728259]
  [ 0.22942328 -0.43127704 -0.02044671]
  [ 0.26471484 -0.28563613 -0.19448052]
  [-0.06375909 -0.55501986 -0.25935048]
  [-0.11711161 -0.7206275  -0.31380942]
  [-0.08471484 -0.6236109  -0.42308584]
  [-0.06799696 -0.67523026 -0.39932537]
  [-0.12809542 -0.6523434  -0.3952386 ]
  [-0.02869339 -0.6815495  -0.3117145 ]
  [-0.15344921 -0.63785064 -0.30455634]]]