[[[ 0.3740754   0.33022916  0.4712907 ]
  [ 0.25283745  0.09996085  0.13954437]
  [-0.02035169 -0.1216576  -0.08483948]
  [ 0.0275277  -0.27895418  0.07773482]
  [ 0.3467463  -0.02930613  0.14466074]
  [ 0.54019374  0.21902415  0.42923403]
  [-0.46596697 -0.5077148  -0.50941426]
  [-0.39288747 -0.33839548 -0.3659721 ]
  [-0.38409635 -0.35107747 -0.11955674]
  [-0.3132401  -0.45902824  0.0537312 ]
  [-0.150213   -0.40485662  0.23898456]
  [ 0.04011432 -0.51282275  0.21327275]
  [-0.37891403 -0.42988068 -0.03842185]
  [-0.54289836 -0.4877754   0.00069232]
  [-0.4617074  -0.5656992  -0.0990473 ]
  [-0.48656732 -0.56989586 -0.04601308]
  [-0.5091838  -0.53332216 -0.09330362]
  [-0.45788023 -0.51537067  0.02471767]
  [-0.507144   -0.44260627 -0.06597153]]]