[[[-0.57084584  0.18320559  0.06926261]
  [-0.39209267 -0.1396846  -0.09639458]
  [-0.0643464  -0.30906814  0.06034539]
  [ 0.09297635 -0.16743731 -0.02551794]
  [-0.17959021 -0.04598302 -0.2880793 ]
  [-0.33797452  0.3018922  -0.14922458]
  [ 0.01157643 -0.30148137 -0.17025428]
  [-0.01760867 -0.41938382  0.03064936]
  [ 0.12324731 -0.61711746  0.05609154]
  [ 0.34174585 -0.5152116  -0.05421285]
  [ 0.2613982  -0.2795111  -0.09746034]
  [ 0.04064792 -0.23725131 -0.16865043]
  [ 0.25140357 -0.62241715  0.0017483 ]
  [ 0.3085849  -0.8090974   0.01625197]
  [ 0.19186161 -0.77029085 -0.07157347]
  [ 0.2464937  -0.793485   -0.07298987]
  [ 0.20889437 -0.79369175 -0.01943571]
  [ 0.3316543  -0.74328196 -0.05482487]
  [ 0.24808487 -0.746334    0.05561938]]]