[[[-0.5211647   0.2904485   0.10470492]
  [-0.38378778 -0.05155678 -0.09590617]
  [-0.07901344 -0.2838961   0.05193954]
  [ 0.10212427 -0.15572609 -0.01478598]
  [-0.16074261  0.07919455 -0.2338654 ]
  [-0.2850727   0.4631425  -0.09865707]
  [-0.10169045 -0.5771007   0.05797543]
  [-0.05628977 -0.41104865  0.2029477 ]
  [ 0.10649733 -0.58067024  0.11551203]
  [ 0.31509534 -0.49991596 -0.02284286]
  [ 0.27307484 -0.3321113  -0.21040928]
  [ 0.20414272 -0.54821247 -0.23317835]
  [ 0.2253107  -0.587876    0.0447582 ]
  [ 0.27894586 -0.7633097   0.04187356]
  [ 0.1637002  -0.71765184 -0.04087233]
  [ 0.21732968 -0.7405416  -0.04478337]
  [ 0.17984597 -0.746325    0.00750954]
  [ 0.29961872 -0.6938184  -0.02122681]
  [ 0.2188371  -0.70710653  0.08616486]]]