[[[-0.2925084   0.508157    0.34076193]
  [-0.16630362  0.18667786  0.10013667]
  [-0.10523532 -0.1869447  -0.02693395]
  [ 0.11373016 -0.19257143  0.02227072]
  [ 0.03873233  0.20290306  0.09161904]
  [ 0.00285276  0.5910186   0.2564347 ]
  [-0.3200439  -0.19729151 -0.10137688]
  [-0.23966882 -0.36635327  0.03025831]
  [-0.12145038 -0.50968325 -0.13386202]
  [ 0.12054121 -0.507228   -0.16184781]
  [ 0.19794387 -0.26935065 -0.11214442]
  [ 0.09318966 -0.09318968 -0.20978136]
  [-0.00464087 -0.55210906 -0.1758154 ]
  [-0.02182837 -0.71264243 -0.23717341]
  [-0.04329945 -0.60048836 -0.32781142]
  [-0.00866918 -0.6455664  -0.32004243]
  [-0.06913172 -0.6428012  -0.30082214]
  [ 0.0464021  -0.6518361  -0.24560705]
  [-0.07364734 -0.64875036 -0.21045032]]]