[[[-2.79179811e-01  4.31836188e-01  2.69621491e-01]
  [-2.07574487e-01  1.06546313e-01 -1.54274004e-03]
  [-1.20305978e-01 -3.06172848e-01 -3.88428103e-04]
  [ 1.14985175e-01 -2.88349777e-01  2.59504635e-02]
  [ 1.38471261e-01  1.25221059e-01  1.85807399e-03]
  [ 1.47420257e-01  4.81965125e-01  2.49288648e-01]
  [-9.40018818e-02 -6.75265789e-01 -2.57429361e-01]
  [-2.45445698e-01 -5.45907617e-01 -1.11900367e-01]
  [-1.06763572e-01 -7.73723304e-01 -8.14734250e-02]
  [ 1.88095674e-01 -7.35985160e-01 -2.39022747e-02]
  [ 2.23690286e-01 -4.69628215e-01 -2.38105766e-02]
  [ 2.31815919e-01 -6.56238139e-01 -1.79049492e-01]
  [ 5.40657081e-02 -8.22444856e-01 -7.94298723e-02]
  [ 7.95392543e-02 -1.03643167e+00 -1.65975511e-01]
  [ 4.88113649e-02 -9.11114991e-01 -2.55725622e-01]
  [ 9.16742906e-02 -9.55021262e-01 -2.38147348e-01]
  [ 2.64977887e-02 -9.63903844e-01 -2.25397974e-01]
  [ 1.51516497e-01 -9.56749678e-01 -1.50629908e-01]
  [ 2.77676433e-03 -9.78101313e-01 -1.22429207e-01]]]