[[[-0.27174917  0.37032762  0.4134564 ]
  [-0.23599906  0.05336091  0.15351126]
  [-0.06368037 -0.2825868   0.09922659]
  [ 0.05332917 -0.22471589 -0.09504731]
  [ 0.00303921  0.16534235  0.00869431]
  [ 0.02315732  0.5444959   0.1754136 ]
  [-0.2855766  -0.37726322  0.43274027]
  [-0.12698457 -0.49991095  0.2911424 ]
  [-0.11765614 -0.654166    0.07625008]
  [-0.07590015 -0.6477384  -0.19589226]
  [-0.077593   -0.40521228 -0.2955079 ]
  [-0.2711153  -0.27350387 -0.33371663]
  [-0.1282529  -0.7063951  -0.05973588]
  [-0.24224974 -0.89515066 -0.03465498]
  [-0.29526752 -0.7535473  -0.01402658]
  [-0.29964417 -0.80311495 -0.04852431]
  [-0.27699488 -0.80446684  0.0127289 ]
  [-0.22894853 -0.833971   -0.11405677]
  [-0.18343094 -0.83905524  0.01828375]]]