[[[-4.0004317e-02  5.5869275e-01  2.8585309e-01]
  [ 7.0914917e-02  1.5667184e-01  1.7666773e-01]
  [ 8.5945688e-02 -1.9333248e-01 -6.2555760e-02]
  [-6.7893721e-02 -2.7106491e-01  8.7604299e-02]
  [ 8.4662512e-03  9.8180853e-02  2.7225929e-01]
  [-1.4567834e-01  4.6756196e-01  4.4477147e-01]
  [ 2.9459259e-01 -2.1985500e-01 -4.0157776e-02]
  [ 1.6838841e-01 -3.2067931e-01 -2.2349498e-01]
  [ 6.4844064e-02 -5.5848885e-01 -2.5636864e-01]
  [-1.2831719e-01 -6.0395718e-01 -8.0266215e-02]
  [-1.4777449e-01 -3.6233348e-01  2.3625072e-02]
  [-2.6021712e-02 -1.8575387e-01  1.3273554e-01]
  [-3.7223347e-02 -6.4621991e-01 -1.8577927e-01]
  [-8.7579951e-02 -8.1282860e-01 -2.7995738e-01]
  [ 6.1717629e-04 -8.2151508e-01 -1.6014545e-01]
  [-5.4577954e-02 -8.3342743e-01 -1.8110216e-01]
  [-2.8108656e-03 -8.2861811e-01 -2.1909526e-01]
  [-1.1805394e-01 -7.6630187e-01 -2.0195061e-01]
  [-1.2173187e-02 -7.5802141e-01 -2.8187379e-01]]]