[[[-0.49363464  0.2480194   0.5445658 ]
  [-0.23230793  0.11812747  0.19825022]
  [-0.06226096 -0.15672724 -0.07485642]
  [ 0.0876186  -0.25353444  0.08376195]
  [-0.04995818  0.04512364  0.35960352]
  [-0.27362192  0.22098489  0.7151748 ]
  [-0.02449474 -0.39143315 -0.49733657]
  [-0.21711764 -0.3246293  -0.36829478]
  [-0.08677934 -0.53074473 -0.25000846]
  [ 0.06655449 -0.61076295 -0.04035839]
  [ 0.0829155  -0.5476641   0.22273397]
  [ 0.22621614 -0.4116037   0.10006879]
  [-0.00555542 -0.6199904  -0.16704343]
  [-0.05805748 -0.787483   -0.1773764 ]
  [ 0.05203658 -0.75574005 -0.27400616]
  [ 0.03902295 -0.7881823  -0.22567984]
  [-0.00567771 -0.7690505  -0.26901144]
  [ 0.022958   -0.74823374 -0.13975823]
  [-0.07083705 -0.711516   -0.2282115 ]]]