[[[-0.35048074  0.32516485  0.57841176]
  [-0.1829066   0.15251264  0.20076191]
  [-0.09148873 -0.17284542 -0.05212412]
  [ 0.10523945 -0.22730753  0.04310063]
  [ 0.01931526  0.08634697  0.32438278]
  [-0.08935505  0.24529369  0.7323544 ]
  [-0.00371293 -0.1680502  -0.31861225]
  [-0.14374769 -0.2648198  -0.14434585]
  [-0.09631938 -0.51928514 -0.19971503]
  [ 0.14343303 -0.5475083  -0.09634762]
  [ 0.19780841 -0.35310513  0.08135171]
  [ 0.16221052 -0.16224086 -0.0537275 ]
  [ 0.0255878  -0.5908854  -0.17934024]
  [ 0.05530995 -0.7672408  -0.22741054]
  [-0.04195819 -0.6855383  -0.2981316 ]
  [ 0.006155   -0.71865666 -0.30646563]
  [-0.03383577 -0.7267055  -0.2565087 ]
  [ 0.09236772 -0.6898825  -0.2755186 ]
  [ 0.00811496 -0.7127222  -0.17749487]]]