[[[-0.46602964 -0.1771929   0.7250583 ]
  [-0.22982025 -0.07025165  0.3552188 ]
  [-0.06518945 -0.09871147 -0.04011321]
  [ 0.09290463 -0.25438106  0.04102043]
  [ 0.02782139 -0.09234329  0.43238658]
  [-0.14695334 -0.20575553  0.83300316]
  [-0.1888268  -0.41740915 -0.68162   ]
  [-0.2554298  -0.2721739  -0.50334364]
  [-0.08248389 -0.39350367 -0.35332477]
  [ 0.09835907 -0.49525002 -0.24561074]
  [ 0.2881391  -0.5518733  -0.06838055]
  [ 0.43053964 -0.44244528 -0.21502744]
  [ 0.01188888 -0.46799698 -0.33001482]
  [-0.02889312 -0.60643923 -0.41477016]
  [ 0.07929868 -0.5250411  -0.4773124 ]
  [ 0.06899948 -0.57769525 -0.4531718 ]
  [ 0.02441236 -0.54385775 -0.48496506]
  [ 0.04482713 -0.5839811  -0.362743  ]
  [-0.04457641 -0.5204637  -0.42671412]]]