[[[ 0.49282324  0.3540086  -0.1269542 ]
  [ 0.21447307  0.08712368  0.05611159]
  [ 0.07431611 -0.3132948   0.0883607 ]
  [-0.09625184 -0.24154706 -0.05675482]
  [-0.15531713  0.08661395  0.16586071]
  [-0.11291835  0.48728704  0.2977017 ]
  [-0.15342951 -0.3684338   0.31647456]
  [ 0.02955636 -0.5042311   0.21946868]
  [-0.0746002  -0.72476506  0.10321698]
  [-0.18053631 -0.69604325 -0.15950398]
  [-0.05548611 -0.49315906 -0.2817778 ]
  [-0.22266701 -0.42214447 -0.12604749]
  [-0.16446468 -0.76896733 -0.01945912]
  [-0.2644785  -0.9697745   0.0035866 ]
  [-0.2849276  -0.8503892   0.10273895]
  [-0.31149963 -0.8869389   0.05859664]
  [-0.2559847  -0.9057878   0.0907418 ]
  [-0.2963304  -0.88257927 -0.04505185]
  [-0.17502642 -0.92618     0.02778203]]]