[[[-0.6743225   0.11935008 -0.35210192]
  [-0.3235531  -0.06789214 -0.20785287]
  [-0.10793436 -0.2578832   0.01150335]
  [ 0.1126475  -0.19635114  0.04873784]
  [ 0.2380499   0.03012645 -0.20943907]
  [ 0.41751766  0.35812157 -0.41923806]
  [-0.2764138  -0.30763844 -0.03482875]
  [-0.25047874 -0.43922776  0.16052759]
  [-0.07126249 -0.6116042   0.09100578]
  [ 0.17925543 -0.5981945   0.1176551 ]
  [ 0.29430264 -0.39972353  0.24184898]
  [ 0.29984602 -0.2251556   0.08542173]
  [ 0.05531808 -0.6531969   0.08397551]
  [ 0.04233244 -0.83142877  0.10600741]
  [ 0.02337588 -0.7810652  -0.03601297]
  [ 0.05795904 -0.81530976 -0.00216995]
  [-0.00367021 -0.8018471   0.01273011]
  [ 0.11734384 -0.78147566  0.06744279]
  [-0.01406626 -0.7564743   0.0975903 ]]]