[[[ 0.29611778  0.4439034   0.34506083]
  [ 0.24137737  0.05006646  0.21553572]
  [ 0.08986008 -0.23921192 -0.03751807]
  [-0.09986766 -0.18819949  0.0722923 ]
  [ 0.12100893  0.12563996  0.22297458]
  [ 0.20530966  0.5403074   0.2562193 ]
  [ 0.08967052 -0.5366419   0.24224702]
  [ 0.08719772 -0.49117848  0.01022195]
  [-0.09343033 -0.56934345 -0.14195158]
  [-0.29717353 -0.46541357 -0.05197347]
  [-0.2682005  -0.23921359  0.06128088]
  [-0.21166342 -0.15319544  0.26681066]
  [-0.22094034 -0.5636691  -0.11033569]
  [-0.32824916 -0.7176742  -0.14642979]
  [-0.18929149 -0.72330415 -0.10141665]
  [-0.24328753 -0.73792124 -0.08586758]
  [-0.22453515 -0.7306746  -0.14625041]
  [-0.3110344  -0.67275006 -0.06533452]
  [-0.2716065  -0.66386616 -0.18802007]]]