[[[-0.06904612  0.45821196 -0.02291448]
  [ 0.1233637   0.0917981  -0.08491421]
  [-0.03404382 -0.27698907 -0.10388945]
  [ 0.03139583 -0.28052652  0.12679332]
  [ 0.09770259  0.11796402  0.10567934]
  [-0.15006045  0.42829484  0.2611201 ]
  [ 0.10198671 -0.31191152 -0.46407107]
  [ 0.01786218 -0.50829047 -0.33690414]
  [ 0.21500626 -0.6312188  -0.19219539]
  [ 0.31307596 -0.6131698   0.08568441]
  [ 0.17733088 -0.4827485   0.28283662]
  [ 0.26948068 -0.25938547  0.26931643]
  [ 0.31870788 -0.65625334 -0.06856383]
  [ 0.44633034 -0.82377124 -0.10319835]
  [ 0.48963058 -0.6875012  -0.16179387]
  [ 0.50155765 -0.7320915  -0.11920884]
  [ 0.46337044 -0.74339646 -0.17208278]
  [ 0.4526994  -0.74798757 -0.02992608]
  [ 0.3690064  -0.775564   -0.15029341]]]