[[[-0.10206802  0.52687144  0.37476864]
  [ 0.02004008  0.1957781   0.12184945]
  [-0.01954477 -0.16852248 -0.09511466]
  [ 0.03771089 -0.26617834  0.1092033 ]
  [ 0.09393999  0.12754844  0.23954812]
  [ 0.01041286  0.47001997  0.5018873 ]
  [ 0.02046031 -0.22333059 -0.4045179 ]
  [-0.18613884 -0.3080089  -0.3262006 ]
  [-0.08982164 -0.53809154 -0.24641095]
  [ 0.01112003 -0.6130878  -0.01458821]
  [ 0.02646192 -0.40797633  0.15146366]
  [ 0.20236963 -0.32567957  0.0262395 ]
  [-0.03038338 -0.63003516 -0.15555902]
  [-0.04737284 -0.8084585  -0.22259726]
  [ 0.05561507 -0.71760243 -0.2813257 ]
  [ 0.04880249 -0.7676215  -0.2505692 ]
  [ 0.00386957 -0.744193   -0.29010522]
  [ 0.01554643 -0.77032274 -0.1602387 ]
  [-0.07632484 -0.72438616 -0.24383882]]]