[[[-0.4803294   0.00807716  0.68900764]
  [-0.25336406  0.00884815  0.29484642]
  [-0.08016843 -0.13750777 -0.05229793]
  [ 0.10317725 -0.24379243  0.05140646]
  [-0.04171843 -0.07346091  0.41370055]
  [-0.22297895 -0.01102713  0.82948506]
  [-0.08671251 -0.38906226 -0.4549506 ]
  [-0.24043265 -0.24343783 -0.34194496]
  [-0.13193592 -0.47848403 -0.26090166]
  [ 0.06349348 -0.57979965 -0.1065982 ]
  [ 0.18187621 -0.5553796   0.13567162]
  [ 0.22726983 -0.38735554 -0.01380045]
  [-0.04038375 -0.57594585 -0.2051343 ]
  [-0.10243791 -0.7335655  -0.2058563 ]
  [-0.01161023 -0.7098765  -0.32100326]
  [-0.01717996 -0.7413977  -0.27097097]
  [-0.06773352 -0.71977425 -0.3059924 ]
  [-0.01474967 -0.6999964  -0.18593116]
  [-0.11937678 -0.6588062  -0.25450078]]]