[[[-0.07678236  0.60984653  0.25767386]
  [-0.11446692  0.20096779  0.03562656]
  [-0.11631434 -0.24613433  0.05795952]
  [ 0.10512035 -0.22900309 -0.03934844]
  [ 0.0691372   0.21242078  0.03423888]
  [ 0.12531823  0.60254204  0.2936286 ]
  [-0.17126967 -0.13265082  0.22281559]
  [-0.11494169 -0.39478558  0.19971964]
  [-0.11002376 -0.6444727   0.06634217]
  [ 0.08997787 -0.63709384 -0.13657443]
  [ 0.15500416 -0.36513972 -0.18367678]
  [ 0.04334562 -0.14857197 -0.28520128]
  [-0.02681146 -0.70828843 -0.05223233]
  [-0.05641442 -0.9153679  -0.05741028]
  [-0.16936976 -0.81664735 -0.07382213]
  [-0.13790505 -0.8625772  -0.10083123]
  [-0.13860625 -0.85498995 -0.03572509]
  [-0.0454775  -0.85328776 -0.1377182 ]
  [-0.05018895 -0.8404314   0.00172507]]]