[[[-4.11348231e-03  4.92548674e-01 -6.52687699e-02]
  [ 1.38569385e-01  1.35498121e-01  1.52125150e-01]
  [ 1.18021496e-01 -2.76907086e-01 -1.31739220e-02]
  [-1.23661213e-01 -2.91527271e-01  4.48301062e-02]
  [-1.04420453e-01  1.19939320e-01  1.97352901e-01]
  [-1.17688522e-01  5.36739528e-01  3.43738496e-02]
  [ 2.82102376e-01 -2.15772897e-01  8.34631398e-02]
  [ 2.62863845e-01 -4.51158255e-01 -4.06541973e-02]
  [ 1.56908557e-01 -7.24948466e-01 -3.07199806e-02]
  [-1.51075423e-01 -7.32027411e-01  2.99787521e-03]
  [-2.76571572e-01 -4.72019970e-01 -7.95071665e-03]
  [-1.94815785e-01 -3.29903156e-01  1.93409547e-01]
  [ 9.27075744e-04 -8.06608856e-01  9.45066102e-04]
  [-3.11165955e-02 -1.03796875e+00  3.23148146e-02]
  [ 2.70093754e-02 -9.45055306e-01  1.46420047e-01]
  [-2.35560201e-02 -9.78188217e-01  1.24989808e-01]
  [ 3.88958454e-02 -9.90283966e-01  1.02380224e-01]
  [-9.00794119e-02 -9.51111138e-01  4.78541255e-02]
  [ 4.85709757e-02 -9.79264796e-01 -3.64832301e-03]]]