[[[ 6.95912600e-01 -2.67697394e-01  2.80873418e-01]
  [ 3.95342410e-01 -1.48536116e-01  1.24747604e-02]
  [-7.57671334e-03 -6.21083267e-02  1.92465354e-02]
  [-6.10425952e-04 -2.81057566e-01 -4.57808860e-02]
  [ 3.95482898e-01 -1.81916535e-01  5.42762093e-02]
  [ 7.26812363e-01 -2.25881383e-01  3.15237582e-01]
  [-2.82736391e-01  2.18784690e-01 -3.44854265e-01]
  [-2.84089535e-01  6.83225468e-02 -1.49265468e-01]
  [-3.89034271e-01 -7.06741735e-02  1.93205457e-02]
  [-3.99456978e-01 -2.25208536e-01 -1.16483420e-01]
  [-2.60792553e-01 -1.05713367e-01 -2.82632828e-01]
  [-1.92796513e-01  7.58656561e-02 -4.18683171e-01]
  [-4.35014129e-01 -1.59421265e-01 -3.58630605e-02]
  [-6.07444942e-01 -2.12740958e-01  6.19688444e-03]
  [-5.77776432e-01 -1.26293108e-01 -1.11691244e-01]
  [-5.98303556e-01 -1.78984761e-01 -9.72476974e-02]
  [-6.05599165e-01 -1.26111358e-01 -6.23031259e-02]
  [-5.43992937e-01 -2.39760011e-01 -5.30286543e-02]
  [-5.60485423e-01 -1.42690748e-01  1.96332689e-02]]]