[[[-0.36573085  0.27533254  0.62232226]
  [-0.17664768  0.11698917  0.24500977]
  [-0.08620416 -0.16631946 -0.0580022 ]
  [ 0.10189807 -0.25082433  0.05766829]
  [ 0.03712474  0.05002788  0.35614276]
  [-0.07539016  0.21278171  0.7643392 ]
  [-0.17208132 -0.33003703 -0.40772793]
  [-0.32124007 -0.32649478 -0.21740487]
  [-0.13482845 -0.5210498  -0.24141578]
  [ 0.10751219 -0.58855945 -0.13086094]
  [ 0.26092732 -0.44761366  0.04897036]
  [ 0.21534854 -0.3233291  -0.14709914]
  [-0.01390994 -0.6037289  -0.21671873]
  [-0.04446274 -0.78001016 -0.2546219 ]
  [ 0.0078452  -0.6998282  -0.37052086]
  [ 0.02110196 -0.74512154 -0.33311483]
  [-0.04002067 -0.72763735 -0.34734535]
  [ 0.03978873 -0.7319243  -0.23899175]
  [-0.08752611 -0.6991917  -0.26830775]]]