[[[-0.28313947  0.3134966   0.62889767]
  [-0.17418249  0.12825789  0.23803625]
  [-0.10679637 -0.18294236 -0.03069481]
  [ 0.11444089 -0.22229789  0.02610558]
  [ 0.08183148  0.13472962  0.26029217]
  [ 0.0564674   0.38391215  0.63255566]
  [-0.23955736 -0.33299482 -0.28951666]
  [-0.3163383  -0.35445052 -0.06467017]
  [-0.1500787  -0.5359838  -0.16299932]
  [ 0.11344576 -0.55125177 -0.13927734]
  [ 0.2126528  -0.3199912  -0.0419745 ]
  [ 0.07988909 -0.28429174 -0.22891366]
  [-0.02070081 -0.597984   -0.17721538]
  [-0.03254653 -0.7746339  -0.19542307]
  [-0.0442274  -0.6976313  -0.32208195]
  [-0.01020878 -0.7372661  -0.29390326]
  [-0.07351542 -0.7301398  -0.28263587]
  [ 0.0402821  -0.71449417 -0.21639556]
  [-0.08839764 -0.7042584  -0.19337784]]]