[[[-0.6099166  -0.0425946   0.5155078 ]
  [-0.2642029  -0.18620476  0.31910068]
  [ 0.07828821 -0.16728981  0.09405266]
  [-0.05681026 -0.26157707 -0.06765498]
  [-0.327693   -0.22467174  0.24739158]
  [-0.63317287  0.03530143  0.390891  ]
  [ 0.15200865 -0.41177273  0.06757755]
  [ 0.29896235 -0.2316172   0.08118211]
  [ 0.40559882 -0.20010073 -0.13514014]
  [ 0.28574726 -0.22995158 -0.30803752]
  [ 0.06990194 -0.13515346 -0.2399893 ]
  [-0.09112397 -0.27294216 -0.2777405 ]
  [ 0.38395634 -0.23631962 -0.24387148]
  [ 0.5397336  -0.2955513  -0.3335704 ]
  [ 0.45358253 -0.38366306 -0.24733259]
  [ 0.4697161  -0.3758987  -0.30265224]
  [ 0.5059725  -0.36113006 -0.25204548]
  [ 0.4498517  -0.2971163  -0.34918237]
  [ 0.52177966 -0.26900327 -0.25043386]]]