[[[-0.35201427  0.33149365  0.5591019 ]
  [-0.17462564  0.12811357  0.21755306]
  [-0.06090404 -0.14802629 -0.07842816]
  [ 0.08869517 -0.23400605  0.07794861]
  [-0.00323223  0.10692359  0.3016243 ]
  [-0.15656042  0.34257823  0.6385182 ]
  [-0.10223163 -0.20092964 -0.44719392]
  [-0.20916654 -0.29236066 -0.26687655]
  [-0.04967695 -0.4921667  -0.26426697]
  [ 0.13561538 -0.55805767 -0.11177972]
  [ 0.18870604 -0.41859448  0.10289153]
  [ 0.2979154  -0.29365748 -0.04537143]
  [ 0.05414355 -0.56433904 -0.22364272]
  [ 0.05258102 -0.7166015  -0.32348865]
  [ 0.12793341 -0.5979404  -0.37377813]
  [ 0.13578215 -0.6531956  -0.35647386]
  [ 0.08158998 -0.6311103  -0.38308632]
  [ 0.11786164 -0.6800288  -0.2674373 ]
  [ 0.01093037 -0.63895094 -0.32275024]]]