[[[-0.04810949  0.5221034   0.46879587]
  [ 0.01856073  0.21403775  0.15069976]
  [-0.03408126 -0.1361202  -0.07904974]
  [ 0.0413618  -0.2816007   0.08302794]
  [ 0.11531812  0.04159083  0.34607825]
  [ 0.07741222  0.30449247  0.7137682 ]
  [-0.04450675 -0.41003835 -0.47345707]
  [-0.1606301  -0.23773545 -0.35078102]
  [-0.23916602 -0.45676458 -0.21447937]
  [-0.15286525 -0.5679565   0.0155926 ]
  [-0.09613553 -0.4431091   0.2468482 ]
  [ 0.11074756 -0.40530756  0.14914529]
  [-0.2191279  -0.56341183 -0.11424256]
  [-0.33546814 -0.6928816  -0.08690893]
  [-0.2544046  -0.7115751  -0.20962222]
  [-0.26694557 -0.73599774 -0.15704337]
  [-0.3077394  -0.696702   -0.18848993]
  [-0.23869973 -0.69662756 -0.07499248]
  [-0.32623988 -0.6191957  -0.13850957]]]