[[[-0.1650933   0.41047993  0.41268617]
  [-0.19201995  0.11026154  0.11728517]
  [-0.08542988 -0.28234226  0.09145484]
  [ 0.07009614 -0.23825857 -0.0793054 ]
  [ 0.06261217  0.15951972  0.02718343]
  [ 0.11796125  0.55836844  0.16132319]
  [-0.21708909 -0.45113006  0.22890514]
  [ 0.01120856 -0.4960685   0.2636828 ]
  [-0.07838713 -0.6795648   0.09327488]
  [-0.00472965 -0.7025705  -0.17485915]
  [-0.01850515 -0.49972674 -0.34078938]
  [-0.19184828 -0.6329437  -0.25925392]
  [-0.07548652 -0.7433601  -0.03904188]
  [-0.1877537  -0.9221485   0.00953898]
  [-0.24133793 -0.7783989   0.01848263]
  [-0.24876463 -0.83301866 -0.00885982]
  [-0.21716323 -0.82622063  0.04835006]
  [-0.18734697 -0.8714275  -0.0813969 ]
  [-0.12290306 -0.8587126   0.04521275]]]