[[[-0.31823838  0.435522    0.4812685 ]
  [-0.17056085  0.16746904  0.15515473]
  [-0.09816958 -0.19115788 -0.04779216]
  [ 0.1078672  -0.24225967  0.05129767]
  [ 0.08559628  0.12730156  0.26433507]
  [ 0.03000321  0.4137779   0.6086038 ]
  [-0.23799016 -0.38356578 -0.30684105]
  [-0.36134613 -0.3687033  -0.0991486 ]
  [-0.16450581 -0.54919595 -0.15390149]
  [ 0.09615929 -0.6035754  -0.07136623]
  [ 0.25574285 -0.4345522   0.07907402]
  [ 0.1731326  -0.37666824 -0.13349046]
  [-0.03867022 -0.63367176 -0.13802741]
  [-0.07999957 -0.81251633 -0.13395123]
  [-0.04084742 -0.7657343  -0.27171856]
  [-0.0240996  -0.80146223 -0.2258054 ]
  [-0.08606508 -0.7844049  -0.23654455]
  [ 0.00714229 -0.7669616  -0.14126676]
  [-0.12230159 -0.7350411  -0.16120498]]]