[[[-0.6082588   0.09920432  0.03973102]
  [-0.39996135 -0.24876536 -0.02600275]
  [-0.03031408 -0.2679934   0.12652592]
  [ 0.06513778 -0.19013926 -0.08281621]
  [-0.32448545 -0.19955158 -0.19786946]
  [-0.50655013  0.16474698 -0.12072405]
  [-0.08694275 -0.23059213  0.31266767]
  [ 0.10083716 -0.3712042   0.3165733 ]
  [ 0.13153374 -0.583822    0.18142232]
  [ 0.28046066 -0.5743805  -0.03695423]
  [ 0.33647084 -0.33214015 -0.10332271]
  [ 0.21801935 -0.17282389 -0.23123935]
  [ 0.19117922 -0.6340141   0.06818185]
  [ 0.17228043 -0.8279122   0.09363817]
  [ 0.05551688 -0.7460238   0.0361369 ]
  [ 0.09462701 -0.78729284  0.02224912]
  [ 0.07665479 -0.7737337   0.08375369]
  [ 0.19383065 -0.7761994   0.01198588]
  [ 0.15226558 -0.74488103  0.14361638]]]