[[[-0.57251656  0.03038528  0.12908839]
  [-0.39525723 -0.31661856 -0.00897819]
  [-0.01987049 -0.27555606  0.12906784]
  [ 0.06099346 -0.17986597 -0.08653223]
  [-0.32537487 -0.24102004 -0.2018391 ]
  [-0.5176273   0.11524068 -0.0890176 ]
  [-0.10968869 -0.2627513   0.32763723]
  [ 0.08964398 -0.39789915  0.3252548 ]
  [ 0.1568522  -0.58816373  0.15589203]
  [ 0.29213375 -0.55209243 -0.08448172]
  [ 0.2812147  -0.30865306 -0.19198622]
  [ 0.09260377 -0.18311615 -0.27883685]
  [ 0.21927112 -0.6274138   0.03193402]
  [ 0.2267778  -0.82768965  0.05233538]
  [ 0.10225731 -0.76192635 -0.01190883]
  [ 0.14886647 -0.79638296 -0.02391056]
  [ 0.12371516 -0.788382    0.03662581]
  [ 0.24584267 -0.76922613 -0.02554763]
  [ 0.19040506 -0.75017005  0.10393281]]]