[[[-0.35585603  0.20187135  0.66235447]
  [-0.15428844  0.12414141  0.26771766]
  [-0.06714221 -0.13327822 -0.06343696]
  [ 0.08764573 -0.2609785   0.06632871]
  [ 0.06796207  0.03744409  0.37176296]
  [-0.07683988  0.09444196  0.7967707 ]
  [-0.19357671 -0.3878579  -0.6078594 ]
  [-0.27137506 -0.30496696 -0.3974843 ]
  [-0.1413945  -0.4931669  -0.26394236]
  [ 0.03844727 -0.58980507 -0.09922034]
  [ 0.12270395 -0.5048347   0.14188436]
  [ 0.2670802  -0.38392654  0.01008393]
  [-0.05394723 -0.5853046  -0.20839317]
  [-0.12524894 -0.7430143  -0.23100756]
  [-0.03261117 -0.7010301  -0.3395417 ]
  [-0.03987379 -0.7415872  -0.29749104]
  [-0.0888252  -0.7113987  -0.32624024]
  [-0.03539259 -0.7179624  -0.20567332]
  [-0.13790715 -0.6602857  -0.26462293]]]