[[[-0.43959445  0.2803174   0.54119503]
  [-0.2115307   0.10382773  0.21407661]
  [-0.06563047 -0.16231546 -0.07583795]
  [ 0.09183505 -0.24564563  0.07980909]
  [-0.03373445  0.03836831  0.35730577]
  [-0.18669236  0.22998266  0.72156537]
  [-0.0412127  -0.2632168  -0.49148652]
  [-0.21491474 -0.33483896 -0.34645987]
  [-0.03469613 -0.5157505  -0.27981925]
  [ 0.15076138 -0.5741213  -0.10125217]
  [ 0.21031658 -0.4392301   0.12184256]
  [ 0.25527158 -0.28266868 -0.04431702]
  [ 0.06644307 -0.59312    -0.2163302 ]
  [ 0.01649269 -0.7585771  -0.23590834]
  [ 0.12435991 -0.7200079  -0.3348212 ]
  [ 0.11303462 -0.75526977 -0.28781146]
  [ 0.06710047 -0.7343833  -0.3287583 ]
  [ 0.09765086 -0.72052014 -0.19913512]
  [ 0.00239921 -0.68063414 -0.28247184]]]