[[[ 1.72683336e-02  5.76744795e-01  3.30523938e-01]
  [-3.19621004e-02  2.06158698e-01  8.18133280e-02]
  [-1.16631046e-01 -2.07277402e-01 -2.63770092e-02]
  [ 1.13246404e-01 -2.42450163e-01  3.47400978e-02]
  [ 1.45787030e-01  1.83911294e-01  8.53152052e-02]
  [ 2.07580417e-01  5.68827152e-01  3.17768902e-01]
  [-3.01396012e-01 -8.99171829e-02  7.23291072e-04]
  [-2.49607161e-01 -3.40279162e-01  1.91540085e-02]
  [-1.82394654e-01 -5.81658781e-01 -8.62943158e-02]
  [ 8.71783942e-02 -6.21262312e-01 -7.84405246e-02]
  [ 1.68094516e-01 -3.74269754e-01  4.85977530e-03]
  [ 1.86030269e-01 -1.39534950e-01 -8.18683654e-02]
  [-5.59506901e-02 -6.61144435e-01 -1.16872355e-01]
  [-1.04917787e-01 -8.47700596e-01 -1.81930840e-01]
  [-9.33133513e-02 -7.32956052e-01 -2.79418707e-01]
  [-6.89704120e-02 -7.85753906e-01 -2.63007104e-01]
  [-1.30721956e-01 -7.69802272e-01 -2.50226170e-01]
  [-1.87751800e-02 -7.99861193e-01 -1.80409223e-01]
  [-1.48709625e-01 -7.68794596e-01 -1.54752716e-01]]]