[[[-0.47849867  0.07636562  0.6768599 ]
  [-0.21859384  0.05165184  0.29937795]
  [-0.05988704 -0.12468287 -0.06001589]
  [ 0.08492815 -0.2730623   0.05981611]
  [ 0.00305206 -0.05362876  0.4258373 ]
  [-0.18888292 -0.04191467  0.8452376 ]
  [-0.13540755 -0.35201332 -0.67296237]
  [-0.22123313 -0.2399218  -0.4698336 ]
  [-0.11294156 -0.44663385 -0.32949162]
  [ 0.05657919 -0.57684696 -0.17060833]
  [ 0.20180881 -0.58321196  0.06204201]
  [ 0.35376045 -0.44263035 -0.05915609]
  [-0.03055118 -0.550638   -0.27878165]
  [-0.10460598 -0.6979566  -0.32859495]
  [ 0.01701548 -0.6627891  -0.4105552 ]
  [-0.00467642 -0.7028559  -0.3713445 ]
  [-0.04270742 -0.6682829  -0.41141468]
  [-0.02246856 -0.6799148  -0.27985173]
  [-0.10310055 -0.6118872  -0.3619578 ]]]