[[[-0.4893696  -0.24791831  0.7206964 ]
  [-0.25635767 -0.09595447  0.35042375]
  [-0.06843045 -0.10352388 -0.04358035]
  [ 0.09399372 -0.2539616   0.04510202]
  [ 0.0195967  -0.09720579  0.4420298 ]
  [-0.11862566 -0.22479048  0.86609864]
  [-0.02627929 -0.36457998 -0.70911026]
  [-0.11521948 -0.21380582 -0.5385551 ]
  [-0.03983122 -0.3981764  -0.3629731 ]
  [ 0.13135949 -0.49921525 -0.2029439 ]
  [ 0.2756807  -0.46233758  0.02652646]
  [ 0.3733624  -0.3074201  -0.12171906]
  [ 0.04825998 -0.48584652 -0.31020266]
  [-0.01213274 -0.62954485 -0.35677758]
  [ 0.1111221  -0.59265745 -0.4308348 ]
  [ 0.08954915 -0.632645   -0.39303592]
  [ 0.05351849 -0.60166967 -0.43700248]
  [ 0.06453656 -0.6065634  -0.3063275 ]
  [-0.00971432 -0.54850173 -0.3942645 ]]]