[[[ 0.08220512  0.41394603  0.5011579 ]
  [ 0.14024377  0.08912276  0.27312446]
  [ 0.09078169 -0.13265109 -0.03888861]
  [-0.0650602  -0.24592763  0.05703834]
  [ 0.00171648  0.05562783  0.31618363]
  [-0.04509155  0.39375538  0.53694165]
  [ 0.46655834 -0.2977846  -0.1000884 ]
  [ 0.26714298 -0.27504233 -0.20340419]
  [ 0.08798726 -0.37137535 -0.3218239 ]
  [-0.04302892 -0.47487068 -0.23153834]
  [-0.05114592 -0.42699835  0.00142012]
  [ 0.05540714 -0.48588538  0.18107542]
  [ 0.02884845 -0.45005763 -0.30664554]
  [ 0.06060113 -0.5785533  -0.42256907]
  [ 0.13457641 -0.5551566  -0.29849213]
  [ 0.1016237  -0.5944986  -0.32282734]
  [ 0.14152434 -0.5576654  -0.3541595 ]
  [ 0.01830109 -0.57097405 -0.35088152]
  [ 0.09285311 -0.50435144 -0.40644416]]]