[[[ 0.3221466   0.5489009   0.02319782]
  [ 0.19751696  0.13459785  0.10144314]
  [ 0.1122863  -0.26996183  0.01512707]
  [-0.12144812 -0.2350052   0.03190832]
  [-0.1262682   0.17852159  0.08731848]
  [-0.20618072  0.5885405  -0.06840403]
  [ 0.26174873 -0.21918552  0.13680813]
  [ 0.21297084 -0.44948998  0.03018114]
  [ 0.07279734 -0.6821773   0.02749753]
  [-0.19897452 -0.63919383 -0.0117726 ]
  [-0.23494467 -0.3741895  -0.05808591]
  [-0.255564   -0.1487872   0.05316954]
  [-0.0798756  -0.7271831   0.02264555]
  [-0.1264651  -0.9300084   0.01041343]
  [-0.12340534 -0.86279434  0.14696443]
  [-0.1591742  -0.8878368   0.10379098]
  [-0.09548908 -0.90187     0.108279  ]
  [-0.18095869 -0.8465975   0.01669455]
  [-0.04396513 -0.8780415   0.02611871]]]