[[[-0.70968413 -0.05220636  0.26853687]
  [-0.3622052  -0.07222605  0.07147439]
  [-0.01702555 -0.19411156 -0.10559323]
  [ 0.03390105 -0.2052763   0.10996052]
  [-0.33450752 -0.05588477  0.12206408]
  [-0.70891666  0.04751558  0.22546096]
  [ 0.6906748  -0.21242529 -0.30262923]
  [ 0.47533482 -0.18440625 -0.26440638]
  [ 0.41390935 -0.3530692  -0.14129636]
  [ 0.4446098  -0.34345606  0.03199226]
  [ 0.4278143  -0.19992164  0.21766764]
  [ 0.6065803  -0.09929346  0.16486666]
  [ 0.46274623 -0.35581276 -0.06798331]
  [ 0.62052906 -0.40857387 -0.15514772]
  [ 0.62870294 -0.28195164 -0.06883031]
  [ 0.64777637 -0.3381409  -0.07156821]
  [ 0.6328664  -0.3008935  -0.123567  ]
  [ 0.5870455  -0.4147733  -0.06901319]
  [ 0.55929506 -0.34239164 -0.17177565]]]