[[[ 1.7106587e-01  2.6467270e-01  4.5372701e-01]
  [ 1.5244238e-01 -1.2039094e-01  3.6339104e-01]
  [ 1.1206790e-01 -2.5587645e-01  6.4416334e-04]
  [-1.1731569e-01 -2.2610162e-01 -1.8182602e-02]
  [-2.0227097e-01 -1.6242053e-01  3.4042221e-01]
  [-2.2185768e-01  2.2087768e-01  4.7365832e-01]
  [ 4.5562897e-02 -2.7908644e-01  2.5183982e-01]
  [ 1.3766751e-01 -3.9374557e-01  6.0954064e-02]
  [ 7.1463697e-02 -6.1765605e-01 -5.6065783e-02]
  [-1.9699998e-01 -5.6425524e-01 -9.9922523e-02]
  [-2.2084783e-01 -3.0216283e-01 -8.5292295e-02]
  [-1.8540958e-01 -1.2339481e-01  6.8314642e-02]
  [-7.5306356e-02 -6.6294563e-01 -8.7224282e-02]
  [-1.3446155e-01 -8.6135626e-01 -1.3666552e-01]
  [-7.5020134e-02 -8.3010256e-01 -2.3835897e-03]
  [-1.2477427e-01 -8.4569639e-01 -2.9578604e-02]
  [-6.5907285e-02 -8.5475045e-01 -5.5238135e-02]
  [-1.8107212e-01 -7.8775334e-01 -8.8429078e-02]
  [-5.2201241e-02 -8.0915231e-01 -1.4268190e-01]]]