[[[ 0.20170018  0.6069676   0.07677809]
  [ 0.17060119  0.17302266  0.02929692]
  [ 0.0518459  -0.21861634 -0.08653016]
  [-0.04535472 -0.23633094  0.12105188]
  [ 0.05833318  0.17038387  0.17823023]
  [ 0.03480798  0.6039842   0.2611516 ]
  [ 0.27181047 -0.2711197  -0.01717623]
  [ 0.09842113 -0.38155246 -0.15762757]
  [-0.04622081 -0.60189474 -0.1479363 ]
  [-0.18873864 -0.5677537   0.07196341]
  [-0.20329463 -0.30421102  0.08775617]
  [-0.09465798 -0.09752488  0.15613535]
  [-0.13161528 -0.65046823 -0.03735313]
  [-0.22928084 -0.8161127  -0.03906265]
  [-0.09084421 -0.8142393  -0.09230245]
  [-0.12588122 -0.8388051  -0.050579  ]
  [-0.14886084 -0.81380683 -0.10551795]
  [-0.16043088 -0.7898218   0.02675125]
  [-0.20839214 -0.74340326 -0.0900064 ]]]