[[[-0.4700923   0.20606698  0.12912157]
  [-0.3906407  -0.1262836  -0.06421684]
  [-0.05372871 -0.31316322  0.06422618]
  [ 0.07200325 -0.16137928 -0.04234665]
  [-0.2633193  -0.02177226 -0.20069523]
  [-0.39296618  0.31326845 -0.02188527]
  [-0.00678224 -0.51920086 -0.07611079]
  [ 0.0785968  -0.4537426   0.11884721]
  [ 0.24893366 -0.58758676  0.07378522]
  [ 0.36882237 -0.490783   -0.10607897]
  [ 0.23031324 -0.3346737  -0.22266388]
  [ 0.06538855 -0.4583017  -0.3138129 ]
  [ 0.32519454 -0.58001024 -0.01685244]
  [ 0.39821547 -0.7512697  -0.01405742]
  [ 0.25614336 -0.7303514  -0.06362709]
  [ 0.3094058  -0.74791425 -0.0808176 ]
  [ 0.28943506 -0.7486363  -0.01869885]
  [ 0.39108166 -0.6899989  -0.08918627]
  [ 0.34418488 -0.692183    0.03924758]]]