[[[ 0.01389349  0.5628064   0.05954546]
  [ 0.02587636  0.13274445 -0.06571297]
  [-0.08790177 -0.25286856 -0.0839626 ]
  [ 0.08235433 -0.29280198  0.10581846]
  [ 0.13976094  0.10624737  0.18080695]
  [ 0.03503159  0.4587748   0.4518404 ]
  [-0.15796614  0.12649484 -0.27058876]
  [-0.06243198 -0.12016729 -0.33678317]
  [ 0.16688411 -0.29969412 -0.37037012]
  [ 0.38978732 -0.32243225 -0.17119952]
  [ 0.42464906 -0.11189111  0.02243043]
  [ 0.45534864  0.15250379 -0.01365535]
  [ 0.32588995 -0.32821614 -0.31087497]
  [ 0.50290585 -0.37840754 -0.4282842 ]
  [ 0.50069445 -0.25669807 -0.3304732 ]
  [ 0.5184897  -0.31595385 -0.33888775]
  [ 0.5032145  -0.27513224 -0.39055508]
  [ 0.46101514 -0.40081015 -0.33714876]
  [ 0.42373937 -0.31107125 -0.4544148 ]]]