[[[ 2.18787745e-01  6.04800880e-01 -6.00397624e-02]
  [ 1.99670166e-01  1.60258442e-01  9.08550154e-03]
  [ 5.18407561e-02 -2.32411653e-01 -8.86335224e-02]
  [-4.35911529e-02 -2.39702627e-01  1.21190920e-01]
  [ 3.60959629e-03  1.87091932e-01  1.70242563e-01]
  [-1.42936692e-01  6.13030255e-01  2.46665329e-01]
  [ 1.67926237e-01 -1.50043130e-01 -1.85720161e-01]
  [ 4.21735048e-02 -3.75998855e-01 -2.05266342e-01]
  [ 3.78112867e-02 -6.30183756e-01 -1.05453029e-01]
  [-7.92680383e-02 -6.18485332e-01  1.35141924e-01]
  [-2.02113420e-01 -3.73080850e-01  1.32701829e-01]
  [-2.03587487e-01 -1.27138674e-01  1.92803621e-01]
  [-6.55022683e-04 -6.91520929e-01  2.39372198e-02]
  [-1.89749640e-03 -8.92850637e-01  1.77599099e-02]
  [ 6.52824789e-02 -8.05203199e-01 -8.06104988e-02]
  [ 7.36713707e-02 -8.51534545e-01 -4.25224900e-02]
  [ 1.52978785e-02 -8.36058557e-01 -6.58728480e-02]
  [ 7.57419765e-02 -8.41267586e-01  5.63969091e-02]
  [-4.54537645e-02 -8.14349771e-01  1.00228563e-03]]]