[[[ 0.07648145  0.33311862 -0.48349568]
  [-0.00820448 -0.11214682 -0.4065016 ]
  [-0.13254306 -0.24241751  0.00290435]
  [ 0.10578261 -0.25441295  0.08696576]
  [ 0.30404106 -0.03162679 -0.23241232]
  [ 0.42647848  0.39541656 -0.39834195]
  [-0.22747028 -0.50777686 -0.17808282]
  [-0.40769356 -0.494278    0.02319703]
  [-0.20927835 -0.649442    0.17248675]
  [ 0.0884587  -0.63004965  0.23609717]
  [ 0.2693886  -0.3996877   0.21061313]
  [ 0.3118852  -0.4119682  -0.05073937]
  [-0.05837233 -0.6941164   0.19671392]
  [-0.05937053 -0.892181    0.10855001]
  [-0.06725811 -0.7568028   0.03630806]
  [-0.03214476 -0.8060529   0.04827408]
  [-0.09794024 -0.80692875  0.05746622]
  [ 0.02003792 -0.8279414   0.13436863]
  [-0.12846914 -0.8306055   0.1537958 ]]]