[[[ 0.00569791  0.13955706 -0.57173836]
  [-0.19738409 -0.25249514 -0.39836645]
  [-0.140093   -0.22870085  0.03005491]
  [ 0.11247225 -0.26456892  0.08827474]
  [ 0.36809707 -0.19630174 -0.26683283]
  [ 0.46512157  0.2726989  -0.39554766]
  [ 0.02302435 -0.36421117 -0.19879064]
  [-0.22525062 -0.43744397 -0.06222075]
  [-0.24026544 -0.62980074  0.17117792]
  [ 0.06803107 -0.655628    0.2353535 ]
  [ 0.2142704  -0.4439428   0.07891545]
  [ 0.15750773 -0.41687152 -0.2024053 ]
  [-0.09804451 -0.69789267  0.21089469]
  [-0.13872309 -0.8957829   0.13284473]
  [-0.1522061  -0.7584752   0.05893925]
  [-0.11971981 -0.8116553   0.06349839]
  [-0.18116519 -0.8053986   0.09141988]
  [-0.04474971 -0.8390034   0.13484924]
  [-0.18752807 -0.8253622   0.19658919]]]