[[[-0.03208546  0.56705385  0.30294314]
  [-0.01913908  0.21000838  0.01091224]
  [-0.11223879 -0.22799565 -0.03951032]
  [ 0.10315928 -0.26915818  0.05588522]
  [ 0.18593225  0.16834144  0.07912572]
  [ 0.18612397  0.47044832  0.4359358 ]
  [-0.21344493 -0.15157822 -0.2965441 ]
  [-0.25291145 -0.37167504 -0.14992182]
  [-0.15480843 -0.64102805 -0.12258293]
  [ 0.10045341 -0.677261    0.01816575]
  [ 0.2761559  -0.48912263  0.14609039]
  [ 0.5222764  -0.40055063  0.12218654]
  [-0.0230143  -0.725039   -0.07649306]
  [-0.0327456  -0.9349855  -0.11404335]
  [-0.06408274 -0.83298326 -0.2217871 ]
  [-0.02689756 -0.8794733  -0.20472175]
  [-0.08629879 -0.8720176  -0.17772365]
  [ 0.04697209 -0.87231445 -0.13553222]
  [-0.08434599 -0.8598258  -0.07906616]]]