[[[-0.39473814  0.14085358  0.6715945 ]
  [-0.1944245   0.11718647  0.25935537]
  [-0.09312223 -0.16540158 -0.04900947]
  [ 0.10540456 -0.24924411  0.04343467]
  [ 0.068084    0.04913123  0.36002183]
  [-0.01545556  0.15336935  0.8034466 ]
  [-0.22402942 -0.38746652 -0.45745936]
  [-0.34860063 -0.32600862 -0.25416642]
  [-0.13447614 -0.500962   -0.26060593]
  [ 0.11017606 -0.57383835 -0.14656655]
  [ 0.26840857 -0.46925956  0.0603574 ]
  [ 0.27856144 -0.41878054 -0.17140883]
  [-0.0088428  -0.58492106 -0.23911531]
  [-0.03001865 -0.7612172  -0.27752495]
  [ 0.03229197 -0.6843484  -0.3898878 ]
  [ 0.04230692 -0.72751486 -0.3487069 ]
  [-0.01719438 -0.71371317 -0.37102345]
  [ 0.04933488 -0.7081753  -0.2553481 ]
  [-0.07528129 -0.6838316  -0.29981753]]]