[[[-0.0335872   0.5877803   0.26968163]
  [-0.03009345  0.19485655  0.0083164 ]
  [-0.11643852 -0.25426322 -0.04025938]
  [ 0.10681104 -0.28789508  0.07100607]
  [ 0.2165766   0.15743753 -0.00562016]
  [-0.02327273  0.36615527  0.33256203]
  [ 0.00257332 -0.22091663 -0.22090636]
  [-0.20472431 -0.37727353 -0.12594032]
  [-0.20842645 -0.6706202  -0.08459492]
  [ 0.05350802 -0.7387654   0.06111111]
  [ 0.1491661  -0.4829123   0.17456612]
  [ 0.22759947 -0.23690608  0.08925547]
  [-0.08585455 -0.77708334 -0.03940775]
  [-0.14419404 -0.9777403  -0.1355803 ]
  [-0.15673669 -0.8368851  -0.19863863]
  [-0.12877844 -0.893138   -0.20192526]
  [-0.18527415 -0.88515556 -0.16694042]
  [-0.0484771  -0.92638844 -0.14188072]
  [-0.17700908 -0.9097036  -0.06689982]]]