[[[-0.3156927   0.26481476  0.5035807 ]
  [-0.01619404  0.07473816  0.30001155]
  [ 0.07071756 -0.1072311  -0.0245175 ]
  [-0.03502649 -0.30924767  0.02945282]
  [-0.23417051 -0.18415631  0.3363065 ]
  [-0.61779386 -0.13845663  0.5071344 ]
  [ 0.3810123  -0.15969157  0.21520112]
  [ 0.40083498 -0.17158893 -0.02376154]
  [ 0.34901503 -0.39947042 -0.13246189]
  [ 0.1517787  -0.51386106 -0.02194883]
  [-0.01702303 -0.3195583   0.02728978]
  [-0.09453991 -0.11118688  0.11188725]
  [ 0.2799395  -0.5063181  -0.0863146 ]
  [ 0.37631136 -0.6732856  -0.118086  ]
  [ 0.42774287 -0.5656562  -0.03032841]
  [ 0.40990126 -0.62012196 -0.02873694]
  [ 0.43579635 -0.59234023 -0.08006039]
  [ 0.31916836 -0.6463782  -0.04920331]
  [ 0.37410682 -0.5889372  -0.15138206]]]