[[[-0.00388547  0.56277716  0.33745998]
  [-0.0849013   0.17562856  0.14490256]
  [-0.10808001 -0.24029899  0.07080222]
  [ 0.09094445 -0.22418533 -0.06070566]
  [ 0.02739629  0.1957376  -0.02883582]
  [ 0.10579635  0.60203975  0.12578689]
  [-0.25565287 -0.31006575  0.22570741]
  [-0.05046584 -0.39822906  0.30712283]
  [-0.06348281 -0.61998165  0.15779921]
  [ 0.10692796 -0.64160395 -0.05286048]
  [ 0.16446671 -0.38533145 -0.12558049]
  [-0.04414218 -0.35277534 -0.22774947]
  [ 0.00605394 -0.6990825   0.04889188]
  [-0.0187253  -0.901718    0.08357722]
  [-0.09356635 -0.83466405 -0.0299812 ]
  [-0.04964804 -0.87356627 -0.01741476]
  [-0.09914407 -0.8611339   0.02288748]
  [ 0.0351036  -0.84774125  0.0218022 ]
  [-0.06661648 -0.82368875  0.10779522]]]