[[[-0.6618464  -0.18676598  0.3642769 ]
  [-0.25790316 -0.22476535  0.31619602]
  [ 0.02327072 -0.10991745  0.0636259 ]
  [ 0.00277674 -0.3152809  -0.03954232]
  [-0.22565123 -0.34322262  0.28348082]
  [-0.635093   -0.29451492  0.31131914]
  [ 0.51989436 -0.38049725  0.16085276]
  [ 0.45125762 -0.15945952  0.17862555]
  [ 0.45510545 -0.16476949 -0.04589169]
  [ 0.41844574 -0.31149665 -0.10391613]
  [ 0.24464387 -0.4594052  -0.06337   ]
  [ 0.40590954 -0.58803356 -0.02173745]
  [ 0.474399   -0.24504657 -0.07082687]
  [ 0.6595622  -0.30203062 -0.07067449]
  [ 0.5585357  -0.34637564  0.03425266]
  [ 0.58967537 -0.36680645 -0.01068655]
  [ 0.60864246 -0.31864926  0.02855103]
  [ 0.5798792  -0.33249158 -0.09857108]
  [ 0.61573726 -0.23847157 -0.02391957]]]