[[[ 0.16693363  0.6156904  -0.10304316]
  [ 0.1320398   0.16857105 -0.07219265]
  [ 0.00798355 -0.24104917 -0.10100859]
  [ 0.0095521  -0.23062748  0.13425949]
  [-0.05079434  0.19937624  0.10787377]
  [-0.32912675  0.5459979   0.22054374]
  [-0.26244047 -0.1934285  -0.1880921 ]
  [-0.17501542 -0.43324995 -0.13650683]
  [-0.02375017 -0.6513033  -0.09132892]
  [ 0.03604894 -0.63531834  0.17407036]
  [ 0.00721632 -0.37574962  0.25839204]
  [ 0.0860969  -0.13301826  0.28464913]
  [ 0.03471515 -0.70591235  0.03985256]
  [ 0.05303621 -0.9064567   0.03258489]
  [ 0.17316312 -0.8209568   0.00315414]
  [ 0.14875984 -0.8612871   0.04207228]
  [ 0.12938485 -0.85665494 -0.01960416]
  [ 0.07642467 -0.84156257  0.10318685]
  [ 0.03605147 -0.8343504  -0.02728843]]]