[[[-0.7865735  -0.18622063  0.12292961]
  [-0.39018583 -0.12702169  0.06262635]
  [-0.00746835 -0.12118392 -0.08006005]
  [ 0.033063   -0.2280586   0.10719403]
  [-0.3444183  -0.08255956  0.13595101]
  [-0.7489343  -0.06435816  0.19095504]
  [ 0.49607453 -0.14928503 -0.21412012]
  [ 0.28727603 -0.13231969 -0.25212702]
  [ 0.34837767 -0.33199233 -0.20666322]
  [ 0.39939296 -0.37156183 -0.0396309 ]
  [ 0.3744567  -0.2733482   0.17427959]
  [ 0.54448026 -0.25580823  0.06503966]
  [ 0.4051559  -0.35671517 -0.1452026 ]
  [ 0.53093374 -0.38945705 -0.26413557]
  [ 0.5190416  -0.24889538 -0.20703849]
  [ 0.55781686 -0.29195642 -0.2114349 ]
  [ 0.5113859  -0.27891022 -0.2550438 ]
  [ 0.5381453  -0.3788993  -0.17569774]
  [ 0.4534783  -0.3523033  -0.25866133]]]