[[[-0.46606427  0.43546966  0.09193698]
  [-0.2989274   0.05834053  0.01098854]
  [-0.07586057 -0.2787749   0.078045  ]
  [ 0.08495507 -0.19002078 -0.06313142]
  [-0.22162917  0.07296175 -0.12266992]
  [-0.46378475  0.4194747  -0.08077466]
  [-0.18563046 -0.2371766   0.21420862]
  [-0.02920022 -0.4186055   0.20113337]
  [ 0.04231795 -0.62912387  0.07181671]
  [ 0.15881497 -0.57025033 -0.15663318]
  [ 0.1074951  -0.31375986 -0.14796777]
  [-0.05608926 -0.14278816 -0.16041918]
  [ 0.09848268 -0.6655261  -0.05381132]
  [ 0.07961012 -0.8716232  -0.05541032]
  [-0.03419124 -0.77501416 -0.07425028]
  [-0.00342846 -0.8174517  -0.10177848]
  [-0.00801048 -0.8126776  -0.03740743]
  [ 0.09063655 -0.8090712  -0.12908483]
  [ 0.07742012 -0.80096704  0.00404736]]]