[[[-0.11354052  0.4525194   0.32320544]
  [-0.20889524  0.10888238  0.10262886]
  [-0.05421171 -0.24655628  0.11745697]
  [ 0.05279336 -0.22163978 -0.09827394]
  [-0.13457769  0.12095344 -0.10634902]
  [-0.09533421  0.49742383  0.08361864]
  [-0.24230568 -0.12541986  0.34847224]
  [-0.19031563 -0.35480762  0.27250597]
  [-0.26660165 -0.52202004  0.08685692]
  [-0.25778797 -0.4932894  -0.17780197]
  [-0.20183192 -0.23935425 -0.20202225]
  [-0.2788909  -0.01747605 -0.1459016 ]
  [-0.3064614  -0.54573095 -0.04887331]
  [-0.47216323 -0.670317   -0.05802559]
  [-0.47712487 -0.521894   -0.03982582]
  [-0.48929814 -0.5648713  -0.07764768]
  [-0.48705614 -0.57332516 -0.01358958]
  [-0.4210478  -0.61871344 -0.12254091]
  [-0.4183044  -0.6370816   0.01212703]]]