[[[-0.7604783  -0.00305195  0.07039151]
  [-0.39926773 -0.21384336  0.0107518 ]
  [-0.01729686 -0.272446    0.11569235]
  [ 0.053226   -0.16191033 -0.08288267]
  [-0.32520452 -0.25251195 -0.1690772 ]
  [-0.681808   -0.04931992 -0.07811164]
  [-0.16617768 -0.18372962  0.0779302 ]
  [-0.00520575 -0.34331703  0.16114631]
  [ 0.13087328 -0.54979604  0.13473226]
  [ 0.24743557 -0.5527632  -0.10132772]
  [ 0.15669297 -0.35193145 -0.23008084]
  [-0.0082098  -0.19791529 -0.3199557 ]
  [ 0.19343932 -0.600455    0.02815775]
  [ 0.19922507 -0.78169495  0.08560519]
  [ 0.07077055 -0.7145842   0.04358341]
  [ 0.10743965 -0.7575823   0.02873132]
  [ 0.10315248 -0.7330954   0.08865956]
  [ 0.20036434 -0.7461984  -0.00615324]
  [ 0.18578072 -0.69460696  0.12142712]]]