[[[-0.15027265  0.4638148   0.38022238]
  [-0.05655481  0.19153728  0.07770538]
  [-0.06683809 -0.19348952 -0.08105967]
  [ 0.08229502 -0.24340297  0.08230798]
  [ 0.08722109  0.16559413  0.14750707]
  [-0.05822619  0.43115318  0.44449896]
  [-0.16553278 -0.23274323 -0.41862082]
  [-0.22130755 -0.35505986 -0.23065275]
  [-0.09318643 -0.57036215 -0.19861293]
  [ 0.10458666 -0.60944104 -0.04613613]
  [ 0.08161572 -0.3870455   0.06536272]
  [ 0.14710967 -0.2615405  -0.10695573]
  [ 0.01262713 -0.63971204 -0.15550163]
  [-0.00265269 -0.805057   -0.26066387]
  [ 0.02875204 -0.67187476 -0.32079527]
  [ 0.05060979 -0.7256594  -0.3125171 ]
  [-0.01230722 -0.71317947 -0.31379613]
  [ 0.07504737 -0.7601191  -0.22549944]
  [-0.05368076 -0.7359533  -0.23207374]]]