[[[-0.05509573  0.5461513   0.4002963 ]
  [-0.0306684   0.20156631  0.10711957]
  [-0.09763095 -0.20015076 -0.06009164]
  [ 0.10122132 -0.25088307  0.06875786]
  [ 0.12907511  0.17147942  0.16137747]
  [ 0.13183793  0.5279726   0.4492435 ]
  [-0.21011728 -0.05089195 -0.14070784]
  [-0.21780619 -0.30743855 -0.10670318]
  [-0.14294405 -0.56091    -0.1802882 ]
  [ 0.10499853 -0.62324643 -0.07285922]
  [ 0.16790466 -0.38636374  0.05267742]
  [ 0.23018152 -0.15089919 -0.01660648]
  [-0.01755734 -0.65040565 -0.16466722]
  [-0.04987969 -0.83208984 -0.24991569]
  [ 0.00496876 -0.7182995  -0.33345032]
  [ 0.01784527 -0.7728575  -0.30995142]
  [-0.04320955 -0.7524603  -0.3207883 ]
  [ 0.03299155 -0.79042673 -0.21445407]
  [-0.09623581 -0.7495404  -0.23853625]]]