[[[ 0.46338302  0.33806902  0.33190995]
  [ 0.2924797   0.01684928  0.11971804]
  [ 0.0474222  -0.21657358 -0.09100936]
  [-0.05685608 -0.28053352  0.10412822]
  [ 0.03908194  0.10369419  0.24683519]
  [-0.0554689   0.50838387  0.3646387 ]
  [ 0.5111465  -0.37336686 -0.19062836]
  [ 0.27308393 -0.440747   -0.2447005 ]
  [ 0.06535194 -0.6157217  -0.21729863]
  [-0.08951159 -0.64754945  0.01257609]
  [-0.12006286 -0.43090183  0.1698436 ]
  [-0.01892913 -0.3179015   0.36197415]
  [-0.01051268 -0.69681334 -0.11552633]
  [-0.03493025 -0.9014107  -0.15962301]
  [ 0.05981092 -0.8102051  -0.23267785]
  [ 0.05579627 -0.86039716 -0.19843023]
  [ 0.00534123 -0.8365566  -0.23174804]
  [ 0.03668087 -0.8621257  -0.0982865 ]
  [-0.07034735 -0.8154719  -0.17485863]]]