[[[-0.31720957  0.31605825  0.60122466]
  [-0.16075903  0.17405929  0.19266428]
  [-0.10157406 -0.18158928 -0.04220584]
  [ 0.10766317 -0.25142422  0.04350353]
  [ 0.1011398   0.10563094  0.29760122]
  [ 0.05345991  0.31754643  0.7084574 ]
  [-0.24333896 -0.41709453 -0.39870483]
  [-0.38002914 -0.36589068 -0.19845426]
  [-0.1605133  -0.53585064 -0.21520038]
  [ 0.09791293 -0.5986983  -0.11699928]
  [ 0.26354808 -0.4708992   0.07244334]
  [ 0.23592545 -0.42133868 -0.15977713]
  [-0.03065295 -0.6171558  -0.19964297]
  [-0.05127123 -0.79730505 -0.22760381]
  [-0.00718467 -0.72413594 -0.35141796]
  [ 0.00975216 -0.7649002  -0.3097376 ]
  [-0.05289117 -0.75337476 -0.32405823]
  [ 0.02989306 -0.74110633 -0.21832214]
  [-0.10189426 -0.7211114  -0.24623361]]]