[[[-0.05785427  0.50049525  0.4311008 ]
  [-0.00509332  0.1921951   0.13570654]
  [-0.05362421 -0.16452739 -0.08285794]
  [ 0.06525081 -0.2640219   0.09227426]
  [ 0.13353634  0.11151329  0.24677575]
  [ 0.09900037  0.42117104  0.5512186 ]
  [-0.13436915 -0.31561866 -0.4426162 ]
  [-0.29338917 -0.36540353 -0.2838503 ]
  [-0.12261129 -0.5484707  -0.22583473]
  [ 0.03256708 -0.6167528  -0.03192107]
  [ 0.07047468 -0.47442678  0.18400162]
  [ 0.22222342 -0.41674104  0.02711719]
  [-0.03380408 -0.6283043  -0.15638378]
  [-0.05437852 -0.80073833 -0.21729907]
  [ 0.0535223  -0.7179958  -0.28074068]
  [ 0.0440831  -0.7654722  -0.24694298]
  [ 0.00085319 -0.7429248  -0.28881577]
  [ 0.00933386 -0.7610724  -0.15788749]
  [-0.08038697 -0.7166871  -0.2452233 ]]]