[[[ 0.00765174  0.16996595  0.06639196]
  [-0.17085275 -0.01032875 -0.28515115]
  [-0.1417905  -0.2584427   0.04506646]
  [ 0.13120991 -0.28609273  0.04111396]
  [ 0.154348   -0.08304947 -0.30868   ]
  [ 0.12283996  0.23328686  0.00333819]
  [-0.27605274 -0.17959659 -0.2772949 ]
  [-0.44139272 -0.3735208  -0.17097336]
  [-0.18890579 -0.52328324 -0.2613788 ]
  [ 0.13477208 -0.53548205 -0.27850604]
  [ 0.38429564 -0.3812466  -0.19433688]
  [ 0.2739396  -0.14683415 -0.27105132]
  [-0.03117903 -0.5653915  -0.32492152]
  [-0.05757612 -0.65812457 -0.5368121 ]
  [-0.06987874 -0.5076605  -0.500372  ]
  [-0.03478911 -0.5509002  -0.5297442 ]
  [-0.1000703  -0.5608059  -0.5137074 ]
  [ 0.02977134 -0.62193817 -0.4863373 ]
  [-0.11665073 -0.6471107  -0.45256308]]]