[[[-0.3202238   0.27540448  0.61650497]
  [-0.10625032  0.16877197  0.23201601]
  [-0.06949589 -0.14319557 -0.0623691 ]
  [ 0.08277374 -0.27333215  0.05894608]
  [ 0.10879789  0.04896509  0.3484142 ]
  [-0.01153671  0.16385637  0.7737812 ]
  [-0.22640403 -0.32437384 -0.5720443 ]
  [-0.31095397 -0.24899355 -0.35516447]
  [-0.1646441  -0.46713814 -0.28171316]
  [ 0.02878859 -0.5912362  -0.13278946]
  [ 0.16571599 -0.51843745  0.09492183]
  [ 0.2710256  -0.42202488 -0.09374512]
  [-0.07166898 -0.57448334 -0.24117965]
  [-0.1234382  -0.74314195 -0.2907454 ]
  [-0.04425503 -0.6689867  -0.39342368]
  [-0.04362873 -0.7169786  -0.3573034 ]
  [-0.0986235  -0.69001925 -0.37833408]
  [-0.03654985 -0.70909095 -0.2620037 ]
  [-0.1521583  -0.6573892  -0.30604059]]]