[[[-0.16684464  0.18856497  0.73002535]
  [-0.10522112  0.08896544  0.30960414]
  [-0.09801313 -0.14855826 -0.03498812]
  [ 0.10514999 -0.24115787  0.02879396]
  [ 0.13468494  0.04142562  0.3332212 ]
  [ 0.13765341  0.17404695  0.7528796 ]
  [-0.26722077 -0.14729924 -0.32112116]
  [-0.325003   -0.28533348 -0.14151785]
  [-0.16027527 -0.43913218 -0.2716074 ]
  [ 0.09237967 -0.49663875 -0.23473348]
  [ 0.22262944 -0.34820148 -0.05823535]
  [ 0.17144115 -0.21700357 -0.23661287]
  [-0.03833345 -0.50905037 -0.29644513]
  [-0.0593297  -0.6732817  -0.36629418]
  [-0.07041515 -0.5603844  -0.46153522]
  [-0.03876563 -0.60846704 -0.44988105]
  [-0.10025842 -0.6017758  -0.43309826]
  [ 0.01603424 -0.61425525 -0.37255946]
  [-0.10928924 -0.6050232  -0.3406397 ]]]