[[[ 0.2912813   0.47477356  0.3803482 ]
  [ 0.25907126  0.12831613  0.09921168]
  [ 0.01236659 -0.16483447 -0.09581687]
  [-0.02039054 -0.27352932  0.11747233]
  [ 0.22229277  0.03334679  0.28525168]
  [ 0.24323875  0.40828505  0.5396795 ]
  [ 0.19080736 -0.31061903 -0.4515705 ]
  [-0.0440242  -0.31012177 -0.39611375]
  [-0.12125374 -0.5283905  -0.25990555]
  [-0.15808716 -0.5956499  -0.0036929 ]
  [-0.23456019 -0.42576388  0.19067425]
  [-0.05133749 -0.35423863  0.31957075]
  [-0.13617869 -0.61658376 -0.14526129]
  [-0.18194672 -0.79988474 -0.17742239]
  [-0.04658125 -0.7516762  -0.21245283]
  [-0.07552192 -0.7881408  -0.1767795 ]
  [-0.09828663 -0.7686445  -0.23379965]
  [-0.13279009 -0.758702   -0.10481875]
  [-0.17940475 -0.7206281  -0.22588834]]]