[[[-0.14592442  0.59677947 -0.03384532]
  [ 0.02253137  0.18766296 -0.02230994]
  [ 0.01804798 -0.23839694 -0.10333461]
  [ 0.00217255 -0.2517328   0.12704939]
  [ 0.02844216  0.17337207  0.12428099]
  [-0.13232365  0.55568135  0.29414827]
  [-0.00309124 -0.1699968  -0.21936922]
  [ 0.01455118 -0.42657685 -0.21963558]
  [ 0.12364904 -0.6475145  -0.11306673]
  [ 0.06571343 -0.63954806  0.15750554]
  [-0.08340358 -0.4137812   0.17296404]
  [-0.11263888 -0.16376537  0.14478506]
  [ 0.13293478 -0.7017943   0.03393039]
  [ 0.1900301  -0.8972911   0.04297127]
  [ 0.29604816 -0.7911176   0.03366532]
  [ 0.27159768 -0.83507884  0.06909971]
  [ 0.26376507 -0.83427     0.00446918]
  [ 0.18546273 -0.82850343  0.11551158]
  [ 0.17112407 -0.8292221  -0.02291442]]]