[[[-0.0110069  -0.07261581 -0.18757656]
  [-0.38895106 -0.26507646 -0.19980974]
  [-0.12936547 -0.2739008   0.07574688]
  [ 0.13228917 -0.24623482  0.04189134]
  [ 0.29984924 -0.12859225 -0.28591236]
  [-0.05976495  0.0291232  -0.09388293]
  [-0.21905568 -0.49194258 -0.0518463 ]
  [-0.1693398  -0.53320414  0.21016692]
  [-0.07906095 -0.7586419   0.08788772]
  [ 0.19007146 -0.73088896  0.05240782]
  [ 0.28268003 -0.48280105  0.13960478]
  [ 0.33390328 -0.3147968  -0.0632503 ]
  [ 0.05505663 -0.7863149   0.03278817]
  [ 0.042307   -0.9715853  -0.05899526]
  [ 0.03839156 -0.8389216  -0.14846177]
  [ 0.07190278 -0.88995713 -0.13199282]
  [ 0.00469952 -0.8854978  -0.12156944]
  [ 0.12741856 -0.90738744 -0.04435669]
  [-0.02437795 -0.8974665  -0.01691965]]]