[[[-0.16714424  0.5584453   0.16784872]
  [-0.09276581  0.17994677 -0.00884268]
  [-0.09416771 -0.2345489  -0.05413653]
  [ 0.0992534  -0.23680018  0.06991642]
  [ 0.0771433   0.17298724  0.12045199]
  [-0.00699495  0.5457889   0.31275642]
  [-0.47314194 -0.3771847  -0.0868348 ]
  [-0.28440917 -0.5108849  -0.00923649]
  [-0.0836189  -0.6558219  -0.08977199]
  [ 0.16274981 -0.63850474 -0.00909431]
  [ 0.24282338 -0.4209934   0.11331949]
  [ 0.32054493 -0.20417072  0.0437178 ]
  [ 0.05030576 -0.6983715  -0.07447232]
  [ 0.03904338 -0.8749218  -0.04458239]
  [ 0.07770938 -0.84187454 -0.18876813]
  [ 0.09690216 -0.86699224 -0.13692766]
  [ 0.03372786 -0.8609712  -0.15112692]
  [ 0.1193734  -0.81765217 -0.05562828]
  [-0.01497396 -0.80725414 -0.08533581]]]