[[[-0.5527376   0.08247262  0.22964753]
  [-0.40289646 -0.2664097   0.06895324]
  [-0.00340965 -0.27193955  0.12825799]
  [ 0.0419555  -0.18494049 -0.09553228]
  [-0.36258653 -0.2139881  -0.13675843]
  [-0.51158834  0.16636766 -0.04937276]
  [-0.03079483 -0.20286322  0.29676303]
  [ 0.13493899 -0.3725776   0.26826486]
  [ 0.15536389 -0.58792055  0.13087362]
  [ 0.2563791  -0.5674131  -0.11848061]
  [ 0.27946156 -0.31841308 -0.19138616]
  [ 0.133026   -0.14620973 -0.27471894]
  [ 0.19359426 -0.6338591   0.00485307]
  [ 0.18863058 -0.82783675  0.03468162]
  [ 0.05759382 -0.75358015  0.00107284]
  [ 0.09556463 -0.79321903 -0.02014078]
  [ 0.08961338 -0.77898467  0.04383353]
  [ 0.19036171 -0.77710164 -0.05026565]
  [ 0.1743609  -0.74437386  0.08626328]]]