[[[-0.10493569  0.42446685  0.5594571 ]
  [-0.04292356  0.17766185  0.19433427]
  [-0.08556694 -0.1681622  -0.06178879]
  [ 0.09307495 -0.25594938  0.06271927]
  [ 0.12281601  0.11362651  0.27124128]
  [ 0.10327044  0.3795757   0.63357294]
  [-0.20860283 -0.13211066 -0.28071532]
  [-0.29899988 -0.31150156 -0.14128363]
  [-0.1487468  -0.51680803 -0.22726046]
  [ 0.09550811 -0.57678986 -0.12775478]
  [ 0.1756777  -0.38020217  0.04079018]
  [ 0.17648782 -0.20861712 -0.12534568]
  [-0.023452   -0.59604204 -0.21677543]
  [-0.03449717 -0.7660714  -0.30583718]
  [-0.00782386 -0.64334494 -0.38667706]
  [ 0.01569493 -0.6953882  -0.36908078]
  [-0.04793086 -0.68483615 -0.3721606 ]
  [ 0.04296875 -0.71352476 -0.27841365]
  [-0.08919328 -0.6944233  -0.28667688]]]