[[[-0.4277044   0.40662992  0.05141603]
  [-0.11724167  0.1684456  -0.03363042]
  [ 0.00794913 -0.20610547 -0.09889672]
  [ 0.01460973 -0.22379655  0.12176361]
  [-0.05015021  0.16542698  0.08510913]
  [-0.40515703  0.34213617  0.16493283]
  [ 0.4198804  -0.75472784 -0.17631167]
  [ 0.36941385 -0.57018006 -0.29390937]
  [ 0.21252069 -0.5657     -0.12284863]
  [ 0.25153255 -0.5666543   0.09220801]
  [ 0.43025497 -0.5184872   0.24792476]
  [ 0.58386093 -0.6752356   0.22145765]
  [ 0.24578218 -0.5878493  -0.02427017]
  [ 0.33637536 -0.7387868  -0.04982525]
  [ 0.40420926 -0.6110799  -0.08815049]
  [ 0.4079473  -0.65541226 -0.05083598]
  [ 0.37845993 -0.6591009  -0.10799526]
  [ 0.34290153 -0.6749198   0.01957771]
  [ 0.2845635  -0.6812605  -0.10094766]]]