[[[ 0.06584004  0.54314995  0.02484233]
  [ 0.07205228  0.14364746  0.11237869]
  [ 0.10654531 -0.2552342   0.01101149]
  [-0.11017082 -0.25602287  0.02930016]
  [-0.07574633  0.13746838  0.12407903]
  [-0.10491294  0.54186594  0.04504878]
  [ 0.04220466 -0.541015    0.23755124]
  [ 0.22507699 -0.5058044   0.09257269]
  [ 0.11795214 -0.69218224 -0.03210633]
  [-0.14888574 -0.6653262  -0.05859751]
  [-0.21186149 -0.41728273 -0.05152395]
  [-0.2004334  -0.36360744  0.1699173 ]
  [-0.02277699 -0.7403637  -0.04525824]
  [-0.05185213 -0.93919224 -0.07895717]
  [-0.04377647 -0.8867747   0.06208586]
  [-0.08051363 -0.90968263  0.01894801]
  [-0.01630502 -0.9184221   0.01795729]
  [-0.11207604 -0.8619968  -0.06061489]
  [ 0.02623645 -0.88300693 -0.06306167]]]