[[[-0.62042564  0.19585137  0.22444318]
  [-0.37975177 -0.05997239  0.01100332]
  [-0.0587748  -0.29354906  0.0627434 ]
  [ 0.06929407 -0.12771252 -0.0446303 ]
  [-0.31247815 -0.02312063 -0.11914194]
  [-0.46546245  0.2794259   0.1144198 ]
  [ 0.27170938 -1.0007588  -0.00668344]
  [ 0.16764334 -0.79539394  0.04628791]
  [ 0.20518298 -0.5601343   0.03652436]
  [ 0.31815317 -0.51406395 -0.09574319]
  [ 0.32871968 -0.7547933  -0.12274709]
  [ 0.33959606 -0.9759406  -0.02233412]
  [ 0.26138425 -0.5473608  -0.03494773]
  [ 0.30930847 -0.71845174 -0.03470004]
  [ 0.17774835 -0.6832716  -0.09891732]
  [ 0.22902638 -0.7046888  -0.11142427]
  [ 0.20251678 -0.7070168  -0.05273919]
  [ 0.31454325 -0.6555972  -0.10529467]
  [ 0.25584713 -0.66064805  0.01654164]]]