[[[-0.35532323 -0.2287829   0.8341236 ]
  [-0.17825645 -0.12096573  0.41495264]
  [-0.11156751 -0.13786447 -0.01424312]
  [ 0.119317   -0.20109339  0.00980853]
  [-0.03311517 -0.05567746  0.3967503 ]
  [-0.14533296 -0.05530255  0.8501252 ]
  [-0.3908684   0.1300456  -0.58366495]
  [-0.2851354  -0.04308781 -0.42439345]
  [-0.03334656 -0.14671104 -0.41689268]
  [ 0.18778135 -0.11100364 -0.37705368]
  [ 0.28146803  0.1326265  -0.28301817]
  [ 0.14972362  0.34137398 -0.3312954 ]
  [ 0.08895513 -0.13147937 -0.43339655]
  [ 0.10594498 -0.17703581 -0.5942777 ]
  [ 0.13085814 -0.03106333 -0.56808865]
  [ 0.15758789 -0.08077652 -0.58717513]
  [ 0.09390741 -0.06806409 -0.59495056]
  [ 0.16858886 -0.15524852 -0.52909374]
  [ 0.04481852 -0.13274415 -0.54787004]]]