[[[-5.46952337e-02  6.63593054e-01 -5.65367169e-04]
  [ 4.64441851e-02  1.99838236e-01 -8.93260017e-02]
  [-7.82071874e-02 -2.46853039e-01 -7.93918967e-02]
  [ 7.91761875e-02 -2.40907878e-01  1.11982413e-01]
  [ 1.54011190e-01  1.89565256e-01 -4.38130498e-02]
  [ 3.95911299e-02  5.71980894e-01  2.30508819e-01]
  [ 2.42558122e-03 -1.80477455e-01 -2.93184191e-01]
  [-1.51386410e-01 -3.71173054e-01 -1.71541095e-01]
  [-6.22471832e-02 -6.43939137e-01 -1.21376820e-01]
  [ 1.09059960e-01 -6.57077312e-01  1.17373362e-01]
  [ 6.77275807e-02 -4.00205195e-01  2.48781621e-01]
  [ 1.52244449e-01 -1.48546547e-01  2.00275674e-01]
  [ 5.10139577e-02 -7.16148376e-01 -2.25231797e-02]
  [ 1.12483695e-01 -9.16777968e-01 -8.13414976e-02]
  [ 1.71232149e-01 -7.91690409e-01 -1.42984599e-01]
  [ 1.81736559e-01 -8.40552568e-01 -1.05365999e-01]
  [ 1.32226184e-01 -8.40238214e-01 -1.49257824e-01]
  [ 1.48538053e-01 -8.50859821e-01 -1.23098418e-02]
  [ 4.18871641e-02 -8.51801574e-01 -1.08378455e-01]]]