[[[-3.5282176e-02  6.2110281e-01  5.9893828e-02]
  [ 6.1213453e-03  1.8421996e-01 -1.3894960e-01]
  [-1.1840310e-01 -2.5200835e-01 -2.9292855e-02]
  [ 1.1229667e-01 -2.5043193e-01  5.7060935e-02]
  [ 9.4349891e-02  2.0470548e-01 -6.8352129e-03]
  [ 1.1156056e-01  6.4132828e-01  2.1643505e-01]
  [-1.9651210e-01 -3.0976203e-01 -2.3284791e-01]
  [-2.5043052e-01 -4.3535596e-01 -7.8627281e-04]
  [-1.0457809e-01 -6.8384022e-01 -5.3388886e-02]
  [ 1.7851478e-01 -6.5506703e-01  4.0506002e-02]
  [ 2.2830006e-01 -3.7706786e-01  1.2465863e-01]
  [ 2.7029011e-01 -2.9898372e-01 -1.2538758e-01]
  [ 5.6612652e-02 -7.3687637e-01 -3.4825064e-02]
  [ 1.0109350e-01 -9.4441724e-01 -9.3012936e-02]
  [ 1.0878365e-01 -8.2971531e-01 -1.9382365e-01]
  [ 1.4120939e-01 -8.7235689e-01 -1.5956800e-01]
  [ 7.6304927e-02 -8.7983304e-01 -1.7219830e-01]
  [ 1.6084127e-01 -8.6639327e-01 -6.1242186e-02]
  [ 1.9368283e-02 -8.8540435e-01 -8.8909507e-02]]]