[[[ 6.82831109e-02  3.60769928e-01 -1.45735577e-01]
  [ 1.95626959e-01 -3.27861160e-02 -2.53030062e-01]
  [-9.16835666e-02 -2.58486748e-01 -7.50244930e-02]
  [ 5.42036220e-02 -2.67410666e-01  1.29858062e-01]
  [ 3.33931386e-01 -6.26975372e-02 -7.19884485e-02]
  [ 7.55968764e-02  1.71741664e-01  1.59130067e-01]
  [-2.52372682e-01 -2.77470291e-01 -4.03285265e-01]
  [-2.20252633e-01 -4.72510278e-01 -2.33832330e-01]
  [-2.00569630e-05 -6.42676473e-01 -1.78217903e-01]
  [ 2.29390129e-01 -6.61052167e-01  1.54238055e-02]
  [ 4.42700565e-01 -6.10074282e-01  1.84823245e-01]
  [ 7.01469481e-01 -6.22121394e-01  1.53842837e-01]
  [ 1.43119380e-01 -6.95278168e-01 -1.00882865e-01]
  [ 2.18927324e-01 -8.87624621e-01 -1.17023662e-01]
  [ 3.11590374e-01 -7.70610809e-01 -1.53027341e-01]
  [ 2.96477377e-01 -8.12759936e-01 -1.09562017e-01]
  [ 2.79425859e-01 -8.19357634e-01 -1.73968658e-01]
  [ 2.17480347e-01 -8.11865985e-01 -4.93864119e-02]
  [ 1.76223785e-01 -8.27642024e-01 -1.92146868e-01]]]