[[[-0.09562024  0.35801724  0.10431641]
  [-0.2800983   0.03492561 -0.11502129]
  [-0.09102785 -0.2790014   0.11152965]
  [ 0.09436345 -0.29126716 -0.05631497]
  [-0.05717992  0.10188234 -0.1748267 ]
  [ 0.06084274  0.5129896  -0.05177289]
  [-0.22760594 -0.39769736  0.19089682]
  [-0.08343643 -0.56481576  0.32254702]
  [-0.14915279 -0.74174666  0.11133966]
  [ 0.01361673 -0.71345377 -0.1575419 ]
  [ 0.0288913  -0.4339328  -0.21597603]
  [-0.21630025 -0.36272162 -0.26049745]
  [-0.0910707  -0.7938405  -0.04947546]
  [-0.12823148 -1.0094991  -0.09766044]
  [-0.15765259 -0.8999652  -0.20809366]
  [-0.1169655  -0.94438875 -0.18609929]
  [-0.18203413 -0.94310576 -0.16754796]
  [-0.05157335 -0.93663394 -0.1068183 ]
  [-0.1979593  -0.9351789  -0.06012923]]]