[[[-0.2528395   0.3944353   0.5748041 ]
  [-0.13994882  0.1770204   0.19367677]
  [-0.09994902 -0.16564292 -0.0364248 ]
  [ 0.09948194 -0.2548512   0.03352616]
  [ 0.1867524   0.08806704  0.27529007]
  [ 0.23819765  0.33339286  0.6581923 ]
  [-0.26000908 -0.25805002 -0.25330904]
  [-0.33851147 -0.30799067 -0.02847406]
  [-0.20368725 -0.49808443 -0.16960335]
  [ 0.05196256 -0.5750219  -0.10713139]
  [ 0.17331816 -0.4446126   0.10206062]
  [ 0.11771148 -0.33319592 -0.09620771]
  [-0.08311271 -0.5901417  -0.17662749]
  [-0.10462338 -0.76466125 -0.18777435]
  [-0.11829821 -0.69880754 -0.32040343]
  [-0.0857044  -0.73864377 -0.28960538]
  [-0.14755906 -0.72518146 -0.27520514]
  [-0.02776754 -0.7118975  -0.21910582]
  [-0.15469621 -0.68977207 -0.18787818]]]