[[[-0.05739366  0.5643503   0.30517992]
  [-0.06878495  0.20033227  0.07604966]
  [-0.11536877 -0.20303324 -0.01867793]
  [ 0.11322861 -0.23413448  0.0264258 ]
  [ 0.12460124  0.18051332  0.07489418]
  [ 0.18676403  0.55169195  0.29299054]
  [-0.6082128  -0.33250317 -0.17538476]
  [-0.39047357 -0.4325728  -0.11588828]
  [-0.17576358 -0.5797483  -0.1301611 ]
  [ 0.07813616 -0.61297363 -0.11998206]
  [ 0.25806206 -0.42359936 -0.10710571]
  [ 0.37475035 -0.23571919 -0.20869921]
  [-0.05890752 -0.6370225  -0.15031114]
  [-0.10376392 -0.8094973  -0.20724271]
  [-0.1295583  -0.69294643 -0.2981482 ]
  [-0.09868141 -0.74318844 -0.29308566]
  [-0.15357174 -0.73235905 -0.2611202 ]
  [-0.02515434 -0.7566331  -0.22968493]
  [-0.14155658 -0.73571575 -0.16595793]]]