[[[-0.00195797  0.2673919  -0.2360298 ]
  [ 0.06644624 -0.12404547 -0.32246703]
  [-0.11305304 -0.2835162  -0.02313415]
  [ 0.10034892 -0.2249676   0.07484809]
  [ 0.02143542  0.16665892 -0.02136126]
  [-0.10074263  0.5706855   0.04075718]
  [ 0.03742217 -0.6259144  -0.2561656 ]
  [-0.19241002 -0.56909144 -0.20188257]
  [-0.04537107 -0.69010025 -0.03227802]
  [ 0.18900919 -0.71844906  0.04690198]
  [ 0.36060786 -0.8944361  -0.01448937]
  [ 0.19944206 -0.961071   -0.1840178 ]
  [ 0.08369015 -0.733285    0.00242179]
  [ 0.10294012 -0.92977595 -0.02051731]
  [ 0.14824905 -0.84175795 -0.13682361]
  [ 0.16662997 -0.88006437 -0.09168416]
  [ 0.10457852 -0.8786625  -0.1146797 ]
  [ 0.17223008 -0.86051536  0.00763178]
  [ 0.03447208 -0.8588808  -0.04293769]]]