[[[-5.47722094e-02  2.61258394e-01 -2.17952266e-01]
  [ 5.90495020e-02 -1.15155496e-01 -3.28027517e-01]
  [-1.12734586e-01 -2.87058115e-01 -2.72633955e-02]
  [ 9.80996192e-02 -2.37227812e-01  8.05063024e-02]
  [ 3.92760821e-02  1.67117998e-01  3.19420286e-02]
  [-9.12992656e-02  5.56403339e-01  1.57179683e-01]
  [-4.62854132e-02 -5.68948209e-01 -2.34771147e-01]
  [-2.33584166e-01 -5.03510475e-01 -9.28980112e-02]
  [-7.85926953e-02 -6.96520030e-01 -2.09032316e-02]
  [ 1.75293863e-01 -7.43361950e-01  3.50607149e-02]
  [ 3.53626907e-01 -8.93492341e-01 -7.26110637e-02]
  [ 1.72503874e-01 -9.95097637e-01 -2.06038773e-01]
  [ 5.80340922e-02 -7.54873514e-01 -5.43012284e-04]
  [ 6.76270872e-02 -9.54889059e-01 -2.97723953e-02]
  [ 1.24373972e-01 -8.65248203e-01 -1.40830368e-01]
  [ 1.37778968e-01 -9.05490816e-01 -9.49211717e-02]
  [ 7.74800554e-02 -9.01143312e-01 -1.22267261e-01]
  [ 1.37949049e-01 -8.88501287e-01  5.20947203e-03]
  [ 2.25937366e-03 -8.79552603e-01 -5.46697713e-02]]]