[[[-2.91733909e-02  6.13452256e-01  1.48709834e-01]
  [ 9.43534598e-02  2.00345233e-01  3.84784192e-02]
  [ 1.74043525e-03 -1.99750304e-01 -1.00431204e-01]
  [ 9.10587423e-03 -2.64822662e-01  1.22871466e-01]
  [ 9.94313881e-02  1.52893573e-01  1.87288538e-01]
  [-2.50500385e-02  5.37871957e-01  3.84747833e-01]
  [ 7.75298402e-02 -2.17603490e-01 -3.45367610e-01]
  [-1.32331580e-01 -3.35388184e-01 -2.95579255e-01]
  [-3.42640653e-02 -5.77055335e-01 -2.35531151e-01]
  [ 4.43127006e-03 -6.51580811e-01  2.41716914e-02]
  [ 1.27100945e-03 -4.41445529e-01  1.94216877e-01]
  [ 2.32366666e-01 -3.76115739e-01  1.71231836e-01]
  [ 3.12422542e-03 -6.70875907e-01 -1.25992864e-01]
  [-6.61881757e-04 -8.53605509e-01 -1.84860632e-01]
  [ 1.14913762e-01 -7.68043697e-01 -2.28919283e-01]
  [ 9.95925590e-02 -8.16576242e-01 -1.96483791e-01]
  [ 6.25413284e-02 -7.93525517e-01 -2.44444221e-01]
  [ 5.23192585e-02 -8.13431501e-01 -1.10942408e-01]
  [-2.44639944e-02 -7.67708063e-01 -2.14531451e-01]]]