[[[ 2.7533042e-01  5.1160550e-01 -4.4124924e-02]
  [ 2.3149464e-01  1.0745823e-01  8.9773305e-02]
  [ 8.7228417e-02 -2.6249406e-01 -5.0162427e-02]
  [-1.0050453e-01 -2.4098065e-01  8.3172940e-02]
  [ 8.4763445e-02  1.1353835e-01  2.3112044e-01]
  [-5.6996915e-02  4.8449060e-01  6.9006614e-02]
  [ 2.4919449e-01 -4.3932909e-01  1.2897757e-01]
  [ 2.2407416e-01 -4.3564704e-01 -1.1567694e-01]
  [ 5.9013519e-02 -6.5028793e-01 -1.0729033e-01]
  [-1.5271932e-01 -6.4950603e-01  8.3568595e-02]
  [-1.3828546e-01 -4.5973492e-01  2.8268880e-01]
  [ 2.4539180e-02 -5.5240440e-01  4.3677756e-01]
  [-5.3798638e-02 -7.1483839e-01 -1.6456779e-02]
  [-6.2670052e-02 -9.2434776e-01 -2.7794253e-02]
  [ 8.9869089e-03 -8.5354799e-01  8.3566338e-02]
  [-3.9906196e-02 -8.8611656e-01  6.8982139e-02]
  [ 1.4311641e-02 -8.8671011e-01  3.3341937e-02]
  [-1.1687181e-01 -8.5375518e-01  1.7803712e-02]
  [ 3.5024807e-04 -8.5654545e-01 -6.0680218e-02]]]