[[[ 0.04324352  0.5206225   0.03259084]
  [-0.01516866  0.12798852  0.17510433]
  [ 0.09431647 -0.27417105  0.06949596]
  [-0.10312743 -0.25770074 -0.03732366]
  [-0.11554313  0.14138047  0.09197206]
  [-0.10090142  0.55285627 -0.03214797]
  [-0.20264803 -0.43304276  0.42496052]
  [-0.01648691 -0.51828325  0.2705654 ]
  [ 0.04169759 -0.7067514   0.10437821]
  [-0.17794114 -0.6681766  -0.07138552]
  [-0.28742158 -0.4425159   0.01442236]
  [-0.38259095 -0.3475219   0.22788264]
  [-0.07605764 -0.7555171   0.00959555]
  [-0.15366574 -0.9637983   0.0033735 ]
  [-0.19522417 -0.85324913  0.09647539]
  [-0.20945908 -0.88667744  0.04603761]
  [-0.16512029 -0.9072215   0.08972164]
  [-0.16993797 -0.8779275  -0.04537548]
  [-0.07184705 -0.9239503   0.05059044]]]