[[[ 5.20224199e-02  5.89041650e-01  4.89911363e-02]
  [ 1.29285499e-01  1.63050145e-01  2.06965618e-02]
  [ 2.85455175e-02 -2.31609389e-01 -9.81114060e-02]
  [-2.04016790e-02 -2.63236940e-01  1.24633513e-01]
  [ 7.14648217e-02  1.47931322e-01  1.66818827e-01]
  [-1.14677466e-01  5.18247426e-01  3.13606888e-01]
  [ 2.46837154e-01 -2.90879935e-01 -2.29813665e-01]
  [ 4.31495905e-02 -4.16134089e-01 -2.87332237e-01]
  [ 5.23809530e-02 -6.53005004e-01 -1.66758344e-01]
  [-4.31353450e-02 -6.72720671e-01  9.19360816e-02]
  [-1.43995166e-01 -4.39358473e-01  1.74838617e-01]
  [ 1.38277002e-02 -2.95643866e-01  2.86656797e-01]
  [ 2.27846615e-02 -7.25866735e-01 -3.18229571e-02]
  [-4.33000876e-03 -9.16930556e-01 -5.27090654e-02]
  [ 1.31746277e-01 -8.76704216e-01 -1.28850341e-04]
  [ 7.82890469e-02 -9.03471887e-01  1.38070695e-02]
  [ 9.94632542e-02 -8.97785902e-01 -4.75605577e-02]
  [-6.28121197e-03 -8.57113838e-01  2.74643041e-02]
  [ 3.90061513e-02 -8.46526384e-01 -1.04931131e-01]]]