[[[ 0.14867702  0.5537474   0.03110199]
  [ 0.17053077  0.13836302  0.05677447]
  [ 0.08001707 -0.24608839 -0.05904966]
  [-0.08144201 -0.23976785  0.09559602]
  [ 0.06355152  0.14324318  0.15370509]
  [-0.06406219  0.5356081   0.0675947 ]
  [ 0.32195714 -0.53980315  0.1398054 ]
  [ 0.3000281  -0.53144324 -0.09717067]
  [ 0.08276469 -0.6712585  -0.06466072]
  [-0.15530999 -0.6525739   0.06188873]
  [-0.3285641  -0.4934878   0.17731628]
  [-0.3125626  -0.5920973   0.38437846]
  [-0.04272061 -0.7126457   0.00421959]
  [-0.09690281 -0.88404393 -0.03926259]
  [-0.06190777 -0.863808    0.10556606]
  [-0.10718889 -0.87107694  0.06611013]
  [-0.04683331 -0.8907413   0.05388866]
  [-0.13693857 -0.8055741   0.00267258]
  [-0.00716104 -0.8473944  -0.02547981]]]