[[[ 0.3058812   0.44462475  0.09809226]
  [ 0.24628772  0.03614139  0.15778057]
  [ 0.08446763 -0.27225697 -0.05279461]
  [-0.10571013 -0.25014517  0.07417376]
  [ 0.1393285   0.02034944  0.2595174 ]
  [ 0.09200034  0.4249481   0.16615102]
  [ 0.2593532  -0.58249915  0.12631473]
  [ 0.29053056 -0.48168004 -0.08684473]
  [ 0.11568319 -0.67417026 -0.03697293]
  [-0.14433792 -0.6975435   0.08374594]
  [-0.35190707 -0.57913244  0.20278116]
  [-0.21087237 -0.72486985  0.31539854]
  [-0.00694764 -0.73915756  0.03827649]
  [ 0.01475852 -0.9434931   0.07180589]
  [ 0.04469134 -0.84474283  0.18102296]
  [ 0.00554386 -0.8874867   0.16093618]
  [ 0.06685669 -0.88376635  0.13913634]
  [-0.06036996 -0.8778049   0.08897343]
  [ 0.07552119 -0.8710038   0.04031766]]]