[[[-0.02313211  0.5241143   0.12300713]
  [ 0.02561357  0.11779298  0.21702786]
  [ 0.10792047 -0.25186798  0.02760625]
  [-0.11484935 -0.24195243  0.00482122]
  [-0.04999508  0.15900548  0.12370566]
  [-0.0222618   0.54485047 -0.05982909]
  [ 0.13922219 -0.4308416   0.42410088]
  [ 0.18993872 -0.5180946   0.19505584]
  [ 0.09783613 -0.67356265  0.00102567]
  [-0.16719803 -0.6342848  -0.0720388 ]
  [-0.32490742 -0.45592326  0.05100156]
  [-0.4764875  -0.3552983   0.22009718]
  [-0.04445298 -0.71354055 -0.05353691]
  [-0.09075257 -0.90122503 -0.12627402]
  [-0.15885532 -0.84326905 -0.00717862]
  [-0.16359952 -0.8555047  -0.06646103]
  [-0.12249985 -0.88672364 -0.02766831]
  [-0.11741201 -0.8087541  -0.1366923 ]
  [-0.02745068 -0.8758475  -0.05534659]]]