[[[ 5.97528704e-02  4.04408276e-01  1.37221366e-01]
  [-7.30479807e-02  1.31391138e-01 -1.62506700e-01]
  [-1.30626544e-01 -2.68131435e-01  3.98506643e-03]
  [ 1.03062138e-01 -3.01945597e-01  5.60410172e-02]
  [ 2.64924854e-01 -1.50453881e-04 -1.72269434e-01]
  [ 3.85479540e-01  4.08696890e-01 -5.73261157e-02]
  [ 1.49488345e-01 -5.32887220e-01 -3.35741073e-01]
  [-1.00470036e-01 -4.98491615e-01 -2.61435539e-01]
  [-1.41428620e-01 -7.17955530e-01 -1.00936323e-01]
  [ 1.35442331e-01 -7.41066694e-01  3.13058719e-02]
  [ 3.95316362e-01 -6.24899983e-01  2.93806568e-02]
  [ 5.53305149e-01 -7.60916531e-01 -1.19805306e-01]
  [-2.69593485e-03 -7.92571187e-01 -4.35682163e-02]
  [ 2.33649965e-02 -1.00999773e+00 -1.06059209e-01]
  [ 6.40778095e-02 -8.91153336e-01 -1.96732134e-01]
  [ 8.37238729e-02 -9.38290179e-01 -1.59775913e-01]
  [ 2.14887485e-02 -9.36847091e-01 -1.83746144e-01]
  [ 8.72129351e-02 -9.40510452e-01 -5.53966053e-02]
  [-5.66213131e-02 -9.40260112e-01 -1.10047735e-01]]]