[[[ 4.14024070e-02  4.09226149e-01  1.41276419e-01]
  [-7.71218017e-02  1.28015637e-01 -1.55923411e-01]
  [-1.30758271e-01 -2.72412628e-01 -4.72129323e-04]
  [ 1.02120325e-01 -3.05631459e-01  5.93877770e-02]
  [ 2.72200763e-01  2.54803081e-03 -1.47398487e-01]
  [ 3.93017650e-01  4.02404338e-01 -6.48592319e-03]
  [ 1.86361685e-01 -5.10611832e-01 -3.58489990e-01]
  [-6.31215796e-02 -4.82320666e-01 -2.81432420e-01]
  [-1.22207850e-01 -7.13575363e-01 -1.48286864e-01]
  [ 1.40986621e-01 -7.39000857e-01  1.51868090e-02]
  [ 3.68618816e-01 -5.82032323e-01  9.15772915e-02]
  [ 5.83291233e-01 -6.87259138e-01  5.45676565e-03]
  [ 1.41341742e-02 -7.91577816e-01 -8.22128952e-02]
  [ 5.40723763e-02 -1.00775898e+00 -1.46399796e-01]
  [ 1.13680884e-01 -8.86451483e-01 -2.23585352e-01]
  [ 1.24653228e-01 -9.34255302e-01 -1.83662176e-01]
  [ 6.96223602e-02 -9.32817101e-01 -2.21733406e-01]
  [ 1.03567228e-01 -9.38511074e-01 -8.15329701e-02]
  [-2.46224143e-02 -9.38033700e-01 -1.68365002e-01]]]